25
0 4
0 1
0 17
0 14
0 7
0 9
0 10
0 11
0 13
0 15
0 18
0 21
1 0
1 6
1 14
1 7
1 3
1 5
1 15
1 10
1 12
1 22
1 13
1 8
1 4
1 16
1 17
1 19
1 20
2 4
2 6
2 22
2 8
2 7
2 15
2 21
2 3
2 11
2 14
2 16
3 1
3 24
3 2
3 22
3 6
3 16
3 21
3 23
4 0
4 2
4 21
4 22
4 9
4 1
4 14
4 16
4 19
5 1
5 17
5 22
5 23
5 13
5 12
5 19
5 9
5 15
6 1
6 2
6 11
6 15
6 9
6 19
6 3
6 13
6 21
6 16
6 18
6 22
7 1
7 2
7 0
7 14
7 10
7 17
7 19
7 21
7 15
8 1
8 2
8 9
8 11
8 12
8 13
8 15
8 20
8 21
9 4
9 6
9 8
9 16
9 20
9 5
9 11
9 0
9 12
9 13
9 14
9 15
9 17
9 19
9 21
10 1
10 7
10 12
10 0
10 15
10 14
10 21
10 16
10 17
11 6
11 8
11 9
11 15
11 14
11 2
11 0
11 18
11 23
11 24
12 1
12 5
12 9
12 10
12 20
12 23
12 21
12 8
12 17
12 19
12 14
12 16
12 18
13 1
13 5
13 6
13 0
13 9
13 8
13 16
13 18
13 14
13 24
13 23
13 20
13 17
13 22
13 15
13 21
14 0
14 1
14 7
14 10
14 11
14 12
14 13
14 18
14 2
14 9
14 4
14 15
14 20
14 24
15 1
15 2
15 6
15 10
15 11
15 14
15 7
15 16
15 9
15 0
15 13
15 20
15 17
15 23
15 5
15 8
15 21
16 9
16 13
16 15
16 1
16 22
16 6
16 17
16 23
16 10
16 2
16 21
16 3
16 12
16 4
16 20
17 0
17 5
17 7
17 12
17 13
17 15
17 16
17 10
17 1
17 24
17 21
17 9
17 18
17 20
18 13
18 14
18 0
18 12
18 11
18 6
18 17
18 20
18 21
19 5
19 6
19 7
19 12
19 21
19 9
19 22
19 4
19 1
19 20
20 9
20 12
20 13
20 15
20 18
20 17
20 22
20 8
20 21
20 1
20 14
20 16
20 19
21 2
21 4
21 6
21 7
21 10
21 12
21 16
21 17
21 19
21 20
21 15
21 22
21 8
21 24
21 13
21 0
21 18
21 9
21 23
21 3
22 1
22 2
22 3
22 4
22 5
22 13
22 16
22 19
22 20
22 21
22 6
22 24
23 5
23 12
23 13
23 15
23 16
23 21
23 3
23 11
24 3
24 13
24 17
24 21
24 11
24 14
24 22
