50
0 46
0 6
0 48
0 35
0 34
0 3
0 13
0 26
0 9
0 43
0 31
0 21
0 44
0 4
0 5
0 14
0 16
0 17
0 29
0 37
0 38
0 45
0 47
1 29
1 2
1 35
1 23
1 25
1 30
1 39
1 31
1 45
1 32
1 6
1 4
1 9
1 27
1 44
1 28
1 18
1 37
1 20
1 24
1 3
1 7
1 17
1 26
1 33
1 36
1 43
2 1
2 48
2 18
2 28
2 10
2 30
2 26
2 43
2 17
2 23
2 36
2 46
2 20
2 37
2 12
2 34
2 14
2 16
2 15
2 7
2 25
2 19
2 33
2 5
2 21
2 27
3 0
3 43
3 32
3 1
3 14
3 36
3 13
3 25
3 29
3 47
3 21
3 44
3 4
3 31
3 23
3 49
3 10
3 24
3 5
3 12
3 17
3 20
3 34
3 35
3 45
3 48
4 1
4 3
4 11
4 27
4 28
4 16
4 20
4 36
4 45
4 47
4 49
4 8
4 48
4 25
4 38
4 0
4 13
4 10
4 12
4 17
4 21
4 31
4 33
4 34
4 35
4 43
4 44
5 0
5 27
5 10
5 11
5 39
5 2
5 38
5 24
5 41
5 30
5 29
5 21
5 18
5 20
5 25
5 48
5 46
5 3
5 7
5 17
5 19
5 26
5 31
5 33
5 36
5 37
5 44
6 0
6 1
6 7
6 22
6 13
6 44
6 38
6 14
6 26
6 15
6 48
6 39
6 9
6 11
6 17
6 21
6 31
6 32
6 35
7 2
7 6
7 29
7 8
7 26
7 18
7 48
7 15
7 43
7 17
7 10
7 13
7 47
7 35
7 9
7 5
7 1
7 36
7 11
7 20
7 23
7 24
7 25
7 28
7 30
7 31
7 32
7 37
7 42
7 45
7 49
8 4
8 7
8 48
8 41
8 28
8 23
8 34
8 35
8 14
8 31
8 38
8 10
8 15
8 17
8 20
8 24
8 27
8 37
8 44
8 45
8 49
9 0
9 1
9 7
9 43
9 15
9 28
9 10
9 40
9 38
9 6
9 37
9 13
9 16
9 22
9 23
9 26
9 31
9 32
9 33
9 34
9 35
9 36
9 44
9 48
10 2
10 3
10 5
10 7
10 9
10 47
10 13
10 12
10 33
10 23
10 17
10 15
10 48
10 40
10 34
10 35
10 25
10 11
10 37
10 26
10 4
10 8
10 31
10 21
10 27
10 22
10 32
10 42
10 45
11 4
11 5
11 10
11 13
11 15
11 35
11 37
11 12
11 40
11 7
11 33
11 48
11 6
11 14
11 17
11 19
11 21
11 23
11 25
11 26
11 30
11 32
11 34
11 47
12 2
12 10
12 11
12 34
12 48
12 36
12 24
12 3
12 41
12 25
12 26
12 29
12 33
12 39
12 43
12 18
12 32
12 27
12 31
12 21
12 44
12 37
12 4
12 15
12 17
12 40
12 49
13 0
13 3
13 4
13 6
13 7
13 9
13 10
13 11
13 49
13 34
13 17
13 25
13 23
13 16
13 19
13 28
13 31
13 36
13 37
13 43
14 2
14 3
14 6
14 8
14 39
14 15
14 0
14 11
14 24
14 18
14 26
14 16
14 23
14 25
14 33
14 34
14 36
14 42
14 44
14 48
15 2
15 6
15 7
15 9
15 10
15 11
15 12
15 14
15 8
15 21
15 44
15 19
15 20
15 26
15 27
15 31
15 32
15 33
15 35
15 36
15 43
15 48
15 49
16 2
16 4
16 46
16 37
16 49
16 45
16 32
16 14
16 0
16 25
16 42
16 9
16 13
16 43
16 47
16 17
16 20
16 30
16 31
16 33
16 44
16 48
17 2
17 7
17 10
17 12
17 13
17 48
17 33
17 39
17 1
17 44
17 25
17 4
17 26
17 46
17 11
17 6
17 0
17 16
17 19
17 27
17 42
17 47
17 18
17 5
17 21
17 23
17 3
17 8
17 28
17 20
17 31
17 34
17 37
18 1
18 2
18 5
18 7
18 12
18 14
18 17
18 41
18 23
18 25
18 21
18 30
18 26
18 31
18 32
18 33
18 34
18 36
18 37
18 44
18 47
18 48
19 2
19 17
19 30
19 11
19 41
19 38
19 43
19 5
19 23
19 24
19 27
19 13
19 15
19 36
19 21
19 25
19 31
19 32
19 35
19 37
19 45
19 47
19 48
20 1
20 2
20 4
20 5
20 33
20 7
20 30
20 41
20 31
20 15
20 34
20 17
20 24
20 48
20 37
20 8
20 3
20 27
20 38
20 32
20 16
20 23
20 25
20 36
20 49
21 0
21 3
21 5
21 10
21 12
21 15
21 17
21 18
21 6
21 11
21 19
21 43
21 37
21 32
21 36
21 2
21 4
21 22
21 25
21 26
21 27
21 29
21 30
21 34
21 44
21 45
21 47
21 48
22 6
22 10
22 25
22 9
22 21
22 46
22 44
22 23
22 26
22 27
22 30
22 32
22 34
22 37
22 41
22 43
23 1
23 2
23 3
23 8
23 10
23 13
23 17
23 18
23 19
23 7
23 26
23 11
23 36
23 24
23 30
23 47
23 42
23 31
23 20
23 44
23 49
23 22
23 34
23 14
23 40
23 9
23 37
23 32
23 45
23 48
24 1
24 3
24 5
24 12
24 14
24 19
24 20
24 23
24 7
24 8
24 29
24 25
24 27
24 31
24 32
24 33
24 34
24 35
24 36
24 37
24 38
24 44
24 46
24 47
25 1
25 2
25 3
25 4
25 5
25 10
25 12
25 13
25 16
25 17
25 18
25 22
25 37
25 24
25 11
25 7
25 19
25 20
25 40
25 14
25 32
25 21
25 35
25 26
25 27
25 28
25 31
25 34
25 36
25 38
25 45
25 48
26 0
26 2
26 6
26 7
26 10
26 12
26 14
26 17
26 23
26 11
26 25
26 18
26 34
26 21
26 22
26 48
26 40
26 1
26 9
26 41
26 45
26 46
26 15
26 36
26 5
26 27
26 28
26 32
26 35
26 37
26 39
26 42
26 43
27 1
27 4
27 5
27 10
27 12
27 17
27 19
27 20
27 43
27 22
27 24
27 41
27 29
27 34
27 8
27 25
27 2
27 31
27 36
27 15
27 39
27 35
27 26
27 30
27 44
27 21
27 37
27 32
27 33
27 38
27 45
27 47
28 1
28 2
28 4
28 8
28 9
28 17
28 39
28 25
28 38
28 13
28 26
28 30
28 43
28 35
28 42
28 41
28 46
28 7
28 33
28 34
28 37
28 45
28 47
29 1
29 3
29 5
29 7
29 12
29 24
29 27
29 32
29 0
29 36
29 21
29 48
29 37
29 45
29 47
30 1
30 2
30 5
30 18
30 19
30 20
30 23
30 27
30 28
30 22
30 16
30 31
30 21
30 11
30 7
30 38
30 43
30 37
30 45
30 48
30 49
31 0
31 1
31 3
31 8
31 10
31 12
31 20
31 23
31 27
31 30
31 33
31 34
31 32
31 44
31 25
31 16
31 19
31 6
31 18
31 36
31 15
31 17
31 13
31 5
31 45
31 42
31 9
31 38
31 37
31 24
31 46
31 4
31 40
31 7
31 43
31 48
32 1
32 3
32 12
32 16
32 20
32 21
32 25
32 29
32 31
32 27
32 19
32 22
32 26
32 6
32 37
32 34
32 11
32 15
32 23
32 45
32 49
32 47
32 24
32 7
32 48
32 10
32 18
32 9
32 35
32 36
33 2
33 10
33 11
33 12
33 17
33 20
33 31
33 34
33 1
33 14
33 27
33 46
33 18
33 5
33 28
33 42
33 40
33 9
33 4
33 24
33 15
33 37
33 16
33 36
33 43
33 45
33 47
33 48
34 0
34 2
34 8
34 10
34 12
34 13
34 20
34 23
34 26
34 27
34 31
34 32
34 33
34 45
34 14
34 40
34 41
34 24
34 37
34 22
34 9
34 25
34 17
34 3
34 21
34 4
34 28
34 35
34 18
34 11
34 38
34 49
34 48
34 42
34 44
35 0
35 1
35 7
35 8
35 10
35 11
35 25
35 27
35 28
35 34
35 6
35 38
35 37
35 45
35 49
35 15
35 3
35 36
35 26
35 24
35 19
35 44
35 42
35 4
35 32
35 9
35 41
35 47
35 48
36 2
36 3
36 4
36 7
36 12
36 19
36 21
36 23
36 26
36 27
36 29
36 31
36 33
36 35
36 25
36 44
36 38
36 9
36 15
36 5
36 13
36 18
36 43
36 37
36 48
36 49
36 47
36 24
36 14
36 1
36 20
36 40
36 32
36 45
37 1
37 2
37 9
37 10
37 11
37 12
37 16
37 20
37 21
37 23
37 25
37 27
37 31
37 32
37 33
37 34
37 35
37 36
37 28
37 22
37 7
37 40
37 29
37 17
37 0
37 46
37 19
37 5
37 30
37 13
37 38
37 26
37 18
37 24
37 42
37 48
37 44
37 47
37 8
37 43
38 4
38 5
38 6
38 8
38 9
38 19
38 20
38 28
38 30
38 31
38 34
38 35
38 36
38 37
38 27
38 39
38 47
38 45
38 48
38 24
38 0
38 25
39 1
39 5
39 6
39 12
39 14
39 17
39 27
39 28
39 38
39 26
39 43
39 44
39 45
39 48
40 9
40 10
40 11
40 23
40 25
40 26
40 31
40 33
40 34
40 36
40 37
40 12
40 43
40 45
40 47
40 48
41 5
41 8
41 12
41 18
41 19
41 20
41 26
41 27
41 28
41 34
41 35
41 22
41 47
41 48
42 16
42 17
42 23
42 28
42 31
42 33
42 35
42 37
42 47
42 7
42 14
42 26
42 43
42 34
42 10
42 45
43 0
43 2
43 3
43 7
43 9
43 12
43 16
43 19
43 21
43 27
43 28
43 30
43 36
43 37
43 42
43 1
43 40
43 26
43 15
43 33
43 22
43 39
43 31
43 13
43 4
43 47
44 0
44 1
44 3
44 6
44 12
44 15
44 17
44 22
44 23
44 27
44 31
44 35
44 36
44 37
44 5
44 39
44 4
44 24
44 18
44 34
44 21
44 45
44 8
44 16
44 9
44 14
44 47
44 48
45 1
45 4
45 16
45 26
45 31
45 32
45 34
45 35
45 38
45 44
45 7
45 40
45 3
45 30
45 23
45 25
45 21
45 0
45 39
45 10
45 29
45 36
45 33
45 42
45 48
45 27
45 8
45 28
45 19
46 0
46 2
46 5
46 16
46 17
46 22
46 26
46 28
46 31
46 33
46 37
46 24
46 47
46 48
47 3
47 4
47 7
47 10
47 16
47 17
47 23
47 32
47 36
47 37
47 38
47 42
47 35
47 0
47 43
47 33
47 18
47 41
47 11
47 21
47 44
47 40
47 28
47 46
47 19
47 29
47 24
47 27
47 48
48 0
48 2
48 4
48 5
48 6
48 7
48 8
48 10
48 11
48 12
48 17
48 20
48 26
48 29
48 32
48 34
48 36
48 37
48 38
48 45
48 15
48 35
48 47
48 18
48 19
48 49
48 16
48 41
48 44
48 23
48 9
48 46
48 39
48 31
48 21
48 14
48 25
48 33
48 30
48 40
48 3
49 3
49 4
49 13
49 16
49 23
49 32
49 34
49 35
49 36
49 48
49 8
49 30
49 12
49 7
49 20
49 15
