100
0 3
0 48
0 55
0 87
0 73
0 42
0 24
0 90
0 88
0 60
0 20
0 82
0 7
0 4
0 6
0 9
0 12
0 16
0 18
0 19
0 21
0 22
0 29
0 31
0 40
0 49
0 50
0 53
0 54
0 67
0 72
0 75
0 76
0 80
0 91
0 96
0 99
1 74
1 10
1 37
1 4
1 46
1 29
1 66
1 83
1 64
1 55
1 43
1 6
1 49
1 56
1 96
1 28
1 3
1 7
1 8
1 11
1 12
1 18
1 21
1 30
1 32
1 33
1 39
1 41
1 48
1 61
1 65
1 70
1 71
1 73
1 84
1 87
1 88
1 90
1 95
1 99
2 87
2 95
2 98
2 6
2 9
2 10
2 11
2 22
2 25
2 27
2 28
2 33
2 37
2 39
2 44
2 45
2 51
2 54
2 55
2 61
2 70
2 77
2 81
2 85
2 89
2 99
3 0
3 50
3 80
3 85
3 59
3 41
3 35
3 62
3 47
3 26
3 12
3 24
3 16
3 84
3 45
3 14
3 79
3 93
3 98
3 13
3 1
3 82
3 30
3 46
3 92
3 28
3 11
3 19
3 39
3 40
3 54
3 57
3 61
3 64
3 67
3 73
3 78
3 88
3 99
4 1
4 6
4 42
4 37
4 47
4 83
4 28
4 72
4 7
4 5
4 35
4 69
4 61
4 80
4 27
4 97
4 68
4 67
4 99
4 0
4 48
4 19
4 21
4 26
4 31
4 32
4 45
4 46
4 50
4 55
4 60
4 64
4 73
4 77
4 78
4 79
4 84
4 88
4 90
4 92
5 4
5 42
5 21
5 66
5 91
5 26
5 70
5 85
5 18
5 51
5 95
5 43
5 46
5 65
5 87
5 90
5 30
5 80
5 52
5 94
5 29
5 6
5 7
5 50
5 20
5 34
5 14
5 68
5 73
5 17
5 44
5 9
5 10
5 19
5 28
5 39
5 40
5 48
5 54
5 62
5 74
5 76
5 77
5 84
5 89
5 97
5 99
6 1
6 2
6 4
6 5
6 50
6 86
6 45
6 90
6 17
6 92
6 94
6 83
6 16
6 26
6 75
6 67
6 71
6 29
6 54
6 96
6 24
6 70
6 65
6 41
6 93
6 80
6 60
6 76
6 0
6 30
6 12
6 20
6 27
6 28
6 32
6 38
6 43
6 44
6 47
6 62
6 63
6 64
6 73
6 81
6 84
6 88
6 91
6 97
6 99
7 0
7 4
7 5
7 46
7 21
7 26
7 22
7 30
7 1
7 64
7 33
7 73
7 76
7 43
7 85
7 99
7 80
7 87
7 13
7 92
7 38
7 86
7 68
7 97
7 45
7 53
7 9
7 10
7 11
7 12
7 24
7 28
7 32
7 48
7 51
7 54
7 55
7 56
7 58
7 59
7 62
7 70
7 71
7 77
7 78
7 79
7 81
7 84
7 90
7 93
7 96
8 78
8 44
8 67
8 49
8 96
8 10
8 38
8 72
8 54
8 94
8 61
8 1
8 92
8 31
8 37
8 98
8 17
8 97
8 89
8 57
8 28
8 86
8 60
8 77
8 32
8 55
8 42
8 30
8 15
8 11
8 16
8 20
8 24
8 26
8 41
8 52
8 53
8 59
8 63
8 64
8 70
8 71
8 73
8 76
8 79
8 90
8 99
9 78
9 80
9 99
9 5
9 43
9 35
9 0
9 2
9 23
9 71
9 37
9 7
9 10
9 33
9 83
9 34
9 98
9 31
9 90
9 28
9 89
9 38
9 39
9 63
9 47
9 12
9 11
9 19
9 21
9 27
9 40
9 44
9 45
9 56
9 64
9 67
9 70
9 73
9 77
9 93
9 96
9 97
10 1
10 8
10 9
10 88
10 59
10 48
10 38
10 19
10 53
10 86
10 24
10 44
10 42
10 45
10 22
10 96
10 43
10 5
10 65
10 60
10 11
10 25
10 2
10 52
10 78
10 81
10 29
10 30
10 57
10 26
10 93
10 7
10 90
10 73
10 12
10 13
10 16
10 21
10 28
10 32
10 49
10 54
10 55
10 56
10 58
10 62
10 64
10 69
10 72
10 83
10 89
10 99
11 10
11 1
11 45
11 41
11 99
11 94
11 25
11 80
11 9
11 13
11 7
11 71
11 62
11 36
11 72
11 64
11 29
11 49
11 88
11 23
11 17
11 67
11 31
11 87
11 68
11 39
11 2
11 33
11 40
11 3
11 66
11 50
11 81
11 73
11 63
11 8
11 28
11 93
11 21
11 95
11 16
11 32
11 86
11 83
11 97
11 57
11 12
11 19
11 20
11 24
11 26
11 30
11 43
11 51
11 53
11 54
11 60
11 79
11 89
12 3
12 9
12 64
12 95
12 48
12 59
12 73
12 96
12 34
12 91
12 7
12 31
12 0
12 72
12 92
12 22
12 16
12 77
12 86
12 40
12 83
12 85
12 54
12 39
12 13
12 29
12 63
12 11
12 75
12 14
12 36
12 10
12 71
12 82
12 67
12 94
12 15
12 62
12 1
12 46
12 6
12 43
12 32
12 66
12 19
12 21
12 33
12 42
12 52
12 53
12 56
12 57
12 69
12 80
12 81
12 89
12 93
13 3
13 7
13 11
13 12
13 27
13 88
13 35
13 78
13 40
13 65
13 43
13 49
13 68
13 91
13 69
13 52
13 56
13 39
13 72
13 30
13 18
13 10
13 50
13 70
13 51
13 14
13 19
13 20
13 21
13 26
13 28
13 32
13 33
13 37
13 44
13 45
13 48
13 57
13 62
13 77
13 93
13 99
14 3
14 5
14 12
14 42
14 23
14 69
14 83
14 19
14 74
14 41
14 52
14 16
14 18
14 70
14 90
14 13
14 66
14 93
14 20
14 68
14 45
14 24
14 34
14 76
14 22
14 27
14 30
14 31
14 36
14 43
14 44
14 46
14 48
14 50
14 54
14 64
14 73
14 75
14 86
14 88
14 89
15 8
15 12
15 46
15 98
15 24
15 44
15 89
15 26
15 37
15 27
15 17
15 20
15 21
15 33
15 36
15 39
15 48
15 59
15 64
15 72
15 76
15 96
15 97
16 3
16 6
16 11
16 12
16 14
16 89
16 22
16 57
16 77
16 65
16 69
16 20
16 83
16 26
16 17
16 74
16 40
16 95
16 39
16 80
16 63
16 10
16 50
16 37
16 31
16 59
16 25
16 27
16 34
16 79
16 92
16 43
16 21
16 33
16 97
16 75
16 0
16 38
16 29
16 32
16 56
16 53
16 78
16 8
16 23
16 24
16 44
16 49
16 54
16 64
16 68
16 72
16 73
16 76
16 88
16 90
16 93
16 99
17 5
17 6
17 8
17 11
17 16
17 54
17 71
17 40
17 44
17 28
17 91
17 87
17 34
17 75
17 15
17 18
17 21
17 25
17 26
17 27
17 32
17 35
17 39
17 46
17 48
17 51
17 55
17 58
17 63
17 67
17 76
17 77
17 84
17 86
17 88
17 89
17 90
17 96
17 97
17 99
18 5
18 13
18 14
18 17
18 0
18 68
18 33
18 85
18 55
18 65
18 1
18 53
18 40
18 88
18 25
18 27
18 29
18 31
18 34
18 36
18 39
18 48
18 50
18 58
18 60
18 62
18 64
18 67
18 75
18 76
18 79
18 90
18 93
18 96
18 99
19 10
19 14
19 4
19 9
19 13
19 51
19 43
19 0
19 58
19 12
19 36
19 85
19 3
19 5
19 75
19 11
19 41
19 94
19 62
19 24
19 55
19 80
19 74
19 26
19 29
19 30
19 31
19 37
19 39
19 44
19 46
19 47
19 49
19 50
19 60
19 64
19 72
19 76
19 83
19 84
19 90
19 99
20 0
20 5
20 14
20 16
20 83
20 55
20 49
20 15
20 99
20 56
20 66
20 34
20 93
20 40
20 77
20 8
20 82
20 69
20 45
20 54
20 86
20 89
20 26
20 28
20 76
20 75
20 57
20 59
20 60
20 42
20 46
20 64
20 24
20 11
20 38
20 37
20 13
20 65
20 21
20 39
20 68
20 91
20 85
20 36
20 62
20 72
20 98
20 25
20 87
20 6
20 27
20 31
20 44
20 30
20 51
20 71
20 73
20 78
20 84
20 90
20 97
21 5
21 7
21 11
21 16
21 20
21 28
21 90
21 64
21 71
21 95
21 13
21 1
21 92
21 47
21 66
21 29
21 24
21 9
21 17
21 0
21 79
21 40
21 57
21 99
21 12
21 15
21 69
21 27
21 10
21 48
21 72
21 68
21 55
21 32
21 26
21 97
21 88
21 44
21 65
21 41
21 34
21 30
21 4
21 73
21 58
21 36
21 56
21 81
21 33
21 35
21 39
21 45
21 50
21 53
21 54
21 59
21 70
21 75
21 84
22 7
22 10
22 12
22 16
22 94
22 14
22 0
22 87
22 70
22 36
22 2
22 90
22 62
22 77
22 42
22 92
22 81
22 84
22 58
22 37
22 99
22 97
22 60
22 23
22 24
22 65
22 25
22 26
22 27
22 33
22 45
22 46
22 49
22 50
22 53
22 56
22 57
22 61
22 63
22 64
22 67
22 73
22 75
22 76
22 85
22 88
22 96
23 9
23 11
23 14
23 22
23 51
23 68
23 62
23 58
23 40
23 82
23 16
23 60
23 48
23 87
23 99
23 49
23 44
23 56
23 24
23 77
23 25
23 75
23 30
23 94
23 26
23 32
23 33
23 36
23 38
23 39
23 41
23 54
23 55
23 57
23 64
23 67
23 69
23 72
23 73
23 84
23 90
23 93
23 95
23 96
23 97
24 0
24 3
24 6
24 10
24 14
24 15
24 19
24 20
24 21
24 22
24 23
24 54
24 8
24 45
24 50
24 39
24 57
24 94
24 11
24 82
24 31
24 44
24 97
24 70
24 84
24 79
24 72
24 33
24 27
24 71
24 26
24 32
24 74
24 77
24 99
24 43
24 80
24 16
24 7
24 48
24 58
24 59
24 64
24 67
24 73
24 75
24 83
25 10
25 11
25 16
25 20
25 23
25 86
25 90
25 27
25 29
25 2
25 17
25 59
25 22
25 42
25 67
25 35
25 79
25 69
25 73
25 58
25 64
25 26
25 18
25 71
25 89
25 28
25 31
25 32
25 39
25 46
25 47
25 48
25 50
25 54
25 55
25 56
25 57
25 61
25 70
25 76
25 83
25 93
25 96
26 3
26 5
26 6
26 7
26 10
26 15
26 16
26 20
26 21
26 24
26 25
26 52
26 8
26 27
26 48
26 54
26 90
26 32
26 17
26 55
26 50
26 13
26 36
26 97
26 68
26 85
26 92
26 84
26 49
26 28
26 29
26 45
26 51
26 66
26 70
26 67
26 56
26 80
26 75
26 23
26 4
26 11
26 22
26 95
26 41
26 89
26 19
26 59
26 30
26 33
26 39
26 40
26 44
26 63
26 73
26 88
26 99
27 4
27 13
27 15
27 16
27 20
27 21
27 24
27 25
27 26
27 52
27 57
27 44
27 65
27 68
27 54
27 75
27 84
27 39
27 78
27 14
27 72
27 17
27 90
27 31
27 62
27 82
27 73
27 2
27 81
27 99
27 9
27 6
27 43
27 70
27 22
27 18
27 30
27 36
27 37
27 46
27 53
27 59
27 63
27 87
27 92
27 93
27 94
28 1
28 3
28 4
28 8
28 9
28 11
28 17
28 20
28 21
28 26
28 54
28 82
28 13
28 73
28 2
28 92
28 80
28 56
28 30
28 50
28 93
28 25
28 88
28 87
28 10
28 97
28 98
28 69
28 58
28 76
28 7
28 59
28 89
28 68
28 6
28 37
28 33
28 78
28 39
28 52
28 31
28 57
28 5
28 34
28 29
28 35
28 41
28 45
28 47
28 48
28 61
28 63
28 81
28 99
29 1
29 5
29 6
29 10
29 11
29 12
29 16
29 21
29 25
29 26
29 33
29 96
29 67
29 85
29 19
29 80
29 28
29 18
29 78
29 43
29 47
29 52
29 42
29 0
29 32
29 35
29 37
29 39
29 40
29 48
29 50
29 51
29 53
29 54
29 73
29 87
29 88
29 90
29 97
30 3
30 5
30 6
30 7
30 8
30 10
30 13
30 21
30 23
30 28
30 54
30 72
30 27
30 71
30 68
30 1
30 20
30 19
30 26
30 40
30 11
30 99
30 14
30 92
30 58
30 39
30 45
30 50
30 51
30 53
30 55
30 57
30 64
30 73
30 77
30 90
30 93
30 94
30 95
30 96
31 8
31 9
31 11
31 12
31 16
31 20
31 24
31 27
31 28
31 66
31 62
31 57
31 52
31 41
31 68
31 4
31 47
31 77
31 56
31 44
31 46
31 18
31 14
31 83
31 25
31 99
31 64
31 70
31 0
31 69
31 74
31 19
31 36
31 39
31 55
31 67
31 71
31 72
31 92
32 8
32 11
32 12
32 16
32 21
32 24
32 26
32 29
32 17
32 66
32 73
32 81
32 45
32 35
32 1
32 86
32 33
32 60
32 25
32 6
32 41
32 43
32 82
32 58
32 4
32 34
32 52
32 36
32 10
32 42
32 92
32 83
32 71
32 44
32 23
32 37
32 13
32 68
32 88
32 70
32 89
32 61
32 7
32 80
32 96
32 77
32 63
32 39
32 46
32 49
32 51
32 53
32 54
32 55
32 56
32 67
32 84
32 87
32 97
32 99
33 7
33 9
33 11
33 16
33 18
33 24
33 28
33 29
33 32
33 2
33 13
33 71
33 66
33 1
33 84
33 50
33 15
33 64
33 75
33 39
33 38
33 22
33 63
33 97
33 86
33 23
33 89
33 46
33 61
33 60
33 93
33 37
33 80
33 34
33 99
33 35
33 26
33 51
33 83
33 62
33 90
33 56
33 44
33 45
33 59
33 21
33 43
33 12
33 92
33 74
33 98
33 48
33 55
33 67
33 72
33 73
33 77
33 79
33 87
34 5
34 9
34 12
34 14
34 16
34 17
34 20
34 21
34 28
34 32
34 33
34 18
34 98
34 70
34 99
34 54
34 40
34 50
34 55
34 60
34 63
34 64
34 67
34 73
34 79
34 81
34 94
35 3
35 4
35 9
35 13
35 25
35 32
35 33
35 21
35 40
35 61
35 59
35 29
35 28
35 94
35 75
35 37
35 95
35 54
35 47
35 17
35 44
35 45
35 50
35 55
35 56
35 57
35 58
35 63
35 64
35 70
35 71
35 73
35 87
35 97
36 11
36 12
36 19
36 20
36 21
36 22
36 26
36 32
36 43
36 95
36 14
36 31
36 84
36 42
36 69
36 27
36 23
36 80
36 94
36 76
36 49
36 45
36 15
36 77
36 88
36 63
36 57
36 39
36 55
36 65
36 81
36 82
36 18
36 62
36 46
36 48
36 50
36 53
36 71
36 87
36 97
36 99
37 1
37 4
37 8
37 9
37 15
37 16
37 20
37 22
37 28
37 32
37 33
37 35
37 82
37 68
37 38
37 46
37 29
37 41
37 95
37 73
37 51
37 75
37 57
37 2
37 60
37 93
37 45
37 72
37 76
37 13
37 27
37 94
37 48
37 86
37 70
37 19
37 80
37 61
37 63
37 49
37 50
37 53
37 55
37 65
37 79
37 83
37 84
37 88
37 91
37 97
37 99
38 7
38 8
38 9
38 10
38 16
38 20
38 33
38 37
38 61
38 86
38 55
38 99
38 82
38 88
38 95
38 23
38 76
38 6
38 60
38 53
38 59
38 71
38 72
38 73
38 75
38 77
38 89
38 90
38 93
38 97
39 9
39 11
39 12
39 13
39 16
39 20
39 24
39 27
39 28
39 33
39 36
39 85
39 17
39 74
39 76
39 26
39 3
39 55
39 49
39 30
39 54
39 48
39 70
39 21
39 78
39 65
39 23
39 31
39 97
39 1
39 32
39 62
39 19
39 15
39 80
39 96
39 92
39 52
39 5
39 53
39 87
39 81
39 40
39 25
39 2
39 86
39 60
39 61
39 94
39 88
39 56
39 59
39 79
39 18
39 29
39 51
39 41
39 46
39 57
39 58
39 63
39 64
39 67
39 73
39 77
39 90
39 91
39 95
40 11
40 12
40 13
40 16
40 17
40 18
40 20
40 21
40 23
40 30
40 35
40 39
40 5
40 73
40 89
40 34
40 64
40 9
40 97
40 71
40 26
40 63
40 55
40 45
40 0
40 3
40 29
40 41
40 43
40 44
40 46
40 49
40 53
40 58
40 62
40 75
40 76
40 88
40 90
40 92
40 95
40 99
41 3
41 6
41 11
41 14
41 19
41 21
41 26
41 31
41 32
41 37
41 39
41 40
41 61
41 91
41 23
41 83
41 89
41 1
41 69
41 8
41 28
41 45
41 46
41 47
41 48
41 53
41 57
41 60
41 71
41 75
41 77
41 78
41 80
41 92
41 99
42 0
42 4
42 5
42 8
42 10
42 14
42 20
42 22
42 25
42 29
42 32
42 36
42 12
42 43
42 44
42 45
42 47
42 48
42 50
42 51
42 58
42 62
42 64
42 66
42 67
42 70
42 73
42 74
42 76
42 77
42 87
42 88
42 96
42 99
43 1
43 5
43 7
43 9
43 10
43 12
43 13
43 16
43 19
43 24
43 27
43 29
43 32
43 33
43 36
43 40
43 11
43 61
43 96
43 59
43 58
43 52
43 90
43 99
43 42
43 69
43 46
43 6
43 73
43 91
43 70
43 49
43 67
43 14
43 53
43 95
43 48
43 54
43 55
43 56
43 57
43 62
43 72
43 76
43 84
43 89
43 93
44 5
44 8
44 10
44 15
44 17
44 20
44 21
44 23
44 24
44 27
44 31
44 32
44 33
44 35
44 80
44 16
44 81
44 9
44 64
44 14
44 46
44 97
44 26
44 6
44 77
44 40
44 13
44 98
44 66
44 99
44 42
44 75
44 85
44 19
44 58
44 52
44 2
44 78
44 45
44 48
44 49
44 50
44 51
44 53
44 55
44 59
44 60
44 61
44 62
44 67
44 88
44 90
45 3
45 6
45 7
45 10
45 11
45 14
45 20
45 24
45 26
45 32
45 33
45 36
45 37
45 40
45 67
45 97
45 78
45 75
45 13
45 30
45 42
45 21
45 61
45 69
45 49
45 9
45 65
45 90
45 4
45 94
45 2
45 44
45 89
45 64
45 35
45 22
45 48
45 28
45 79
45 41
45 93
45 81
45 54
45 95
45 58
45 86
45 68
45 47
45 52
45 55
45 57
45 73
45 77
45 84
45 96
45 99
46 1
46 3
46 5
46 7
46 12
46 15
46 20
46 31
46 33
46 37
46 43
46 44
46 4
46 25
46 67
46 93
46 76
46 60
46 27
46 51
46 14
46 36
46 77
46 40
46 89
46 50
46 64
46 59
46 22
46 81
46 19
46 84
46 66
46 39
46 91
46 17
46 41
46 57
46 32
46 74
46 55
46 53
46 56
46 69
46 73
46 86
46 87
46 88
46 90
46 94
46 96
46 97
47 3
47 4
47 9
47 21
47 29
47 31
47 35
47 48
47 91
47 92
47 57
47 79
47 45
47 41
47 99
47 6
47 42
47 66
47 68
47 19
47 89
47 28
47 25
47 54
47 55
47 62
47 64
47 67
47 75
47 85
47 87
47 90
48 0
48 4
48 10
48 12
48 21
48 23
48 26
48 37
48 39
48 45
48 47
48 62
48 29
48 24
48 64
48 89
48 67
48 80
48 18
48 13
48 72
48 96
48 92
48 28
48 5
48 85
48 91
48 49
48 7
48 88
48 90
48 51
48 79
48 36
48 65
48 57
48 70
48 63
48 33
48 76
48 43
48 44
48 55
48 17
48 15
48 1
48 25
48 98
48 42
48 41
48 14
48 54
48 73
48 75
48 77
48 84
48 93
48 99
49 1
49 8
49 11
49 13
49 20
49 23
49 26
49 36
49 39
49 43
49 45
49 48
49 66
49 85
49 32
49 77
49 37
49 63
49 22
49 65
49 59
49 10
49 61
49 19
49 0
49 44
49 16
49 75
49 84
49 40
49 60
49 69
49 50
49 55
49 57
49 64
49 73
49 79
49 91
49 92
49 93
49 96
49 97
49 99
50 3
50 5
50 6
50 11
50 13
50 16
50 24
50 26
50 28
50 33
50 46
50 75
50 96
50 65
50 44
50 85
50 21
50 68
50 67
50 25
50 30
50 14
50 79
50 18
50 29
50 57
50 70
50 19
50 63
50 62
50 69
50 73
50 36
50 22
50 4
50 89
50 34
50 49
50 42
50 56
50 0
50 35
50 37
50 92
50 64
50 71
50 72
50 83
50 88
50 90
51 5
51 13
51 19
51 23
51 26
51 33
51 37
51 39
51 46
51 48
51 54
51 86
51 30
51 84
51 20
51 69
51 2
51 98
51 96
51 99
51 95
51 66
51 80
51 83
51 7
51 56
51 89
51 57
51 71
51 32
51 87
51 44
51 79
51 11
51 29
51 73
51 67
51 42
51 55
51 17
51 52
51 61
51 63
51 64
51 75
51 77
51 88
51 94
52 5
52 10
52 13
52 14
52 26
52 27
52 28
52 29
52 31
52 32
52 39
52 43
52 44
52 45
52 8
52 88
52 99
52 51
52 12
52 81
52 53
52 54
52 59
52 64
52 67
52 71
52 73
52 76
52 90
53 7
53 10
53 16
53 18
53 39
53 43
53 96
53 77
53 41
53 56
53 61
53 60
53 76
53 11
53 21
53 8
53 22
53 44
53 36
53 46
53 92
53 58
53 29
53 88
53 37
53 12
53 32
53 30
53 38
53 75
53 64
53 66
53 86
53 72
53 68
53 90
53 40
53 0
53 55
53 52
53 82
53 98
53 62
53 27
53 74
53 81
53 84
53 91
53 93
53 95
54 6
54 8
54 12
54 17
54 20
54 24
54 26
54 27
54 28
54 30
54 34
54 35
54 39
54 45
54 51
54 91
54 23
54 94
54 78
54 21
54 0
54 69
54 25
54 58
54 75
54 5
54 10
54 62
54 95
54 66
54 65
54 85
54 16
54 43
54 84
54 88
54 74
54 90
54 48
54 11
54 86
54 52
54 73
54 29
54 80
54 47
54 14
54 63
54 72
54 82
54 64
54 3
54 68
54 2
54 32
54 7
54 67
54 96
54 61
54 77
54 83
54 93
54 99
55 0
55 1
55 8
55 18
55 19
55 20
55 21
55 26
55 36
55 38
55 39
55 40
55 46
55 48
55 51
55 53
55 81
55 89
55 75
55 10
55 7
55 25
55 23
55 34
55 2
55 35
55 76
55 47
55 31
55 92
55 91
55 44
55 70
55 32
55 84
55 83
55 33
55 73
55 43
55 86
55 45
55 49
55 58
55 4
55 60
55 82
55 66
55 61
55 17
55 94
55 30
55 87
55 37
55 95
55 67
55 71
55 77
55 78
55 93
55 96
55 99
56 1
56 13
56 16
56 20
56 21
56 23
56 26
56 28
56 31
56 33
56 39
56 50
56 51
56 53
56 35
56 93
56 80
56 12
56 87
56 10
56 95
56 71
56 46
56 25
56 7
56 22
56 72
56 83
56 67
56 32
56 43
56 9
56 60
56 78
56 66
56 63
56 61
56 69
56 73
56 85
56 88
56 90
56 96
56 97
56 99
57 8
57 10
57 11
57 16
57 20
57 21
57 24
57 27
57 28
57 31
57 36
57 37
57 46
57 47
57 48
57 50
57 51
57 39
57 93
57 96
57 90
57 99
57 12
57 13
57 92
57 3
57 66
57 23
57 67
57 45
57 71
57 95
57 97
57 41
57 83
57 72
57 77
57 43
57 59
57 75
57 25
57 89
57 68
57 81
57 63
57 65
57 88
57 73
57 22
57 58
57 35
57 30
57 49
57 98
57 64
57 78
57 80
58 19
58 21
58 22
58 23
58 25
58 28
58 30
58 32
58 43
58 44
58 45
58 53
58 54
58 55
58 57
58 60
58 66
58 98
58 39
58 24
58 40
58 17
58 7
58 59
58 42
58 87
58 10
58 18
58 35
58 75
58 71
58 64
58 70
58 73
58 91
58 92
58 95
58 96
58 97
59 3
59 10
59 12
59 16
59 20
59 25
59 26
59 28
59 33
59 35
59 39
59 43
59 46
59 49
59 57
59 58
59 24
59 64
59 52
59 15
59 7
59 27
59 61
59 21
59 8
59 44
59 38
59 67
59 70
59 71
59 72
59 73
59 75
59 76
59 77
59 85
59 93
59 95
59 97
59 99
60 0
60 6
60 8
60 10
60 20
60 22
60 23
60 32
60 33
60 37
60 38
60 39
60 46
60 49
60 53
60 55
60 56
60 58
60 4
60 41
60 75
60 44
60 19
60 34
60 18
60 95
60 11
60 64
60 67
60 73
60 77
60 88
60 91
60 93
60 94
60 96
60 99
61 4
61 8
61 32
61 33
61 35
61 37
61 38
61 39
61 41
61 43
61 45
61 49
61 53
61 55
61 59
61 44
61 92
61 76
61 3
61 56
61 25
61 1
61 22
61 67
61 83
61 99
61 87
61 97
61 28
61 51
61 54
61 2
61 62
61 73
61 75
61 77
61 78
61 80
61 81
61 90
61 91
61 93
62 3
62 11
62 12
62 19
62 20
62 22
62 23
62 27
62 31
62 33
62 36
62 39
62 48
62 50
62 53
62 54
62 91
62 44
62 73
62 92
62 89
62 68
62 43
62 5
62 18
62 99
62 61
62 75
62 10
62 78
62 81
62 40
62 85
62 13
62 6
62 47
62 7
62 42
62 95
62 64
62 70
62 74
62 87
62 88
62 93
62 96
63 9
63 11
63 12
63 16
63 32
63 33
63 36
63 37
63 40
63 48
63 49
63 50
63 54
63 56
63 57
63 90
63 85
63 22
63 79
63 93
63 91
63 84
63 51
63 6
63 34
63 35
63 39
63 26
63 8
63 28
63 17
63 96
63 27
63 87
63 64
63 67
63 70
63 72
63 75
63 83
63 86
63 99
64 1
64 7
64 11
64 12
64 20
64 21
64 25
64 31
64 33
64 40
64 44
64 45
64 46
64 48
64 53
64 54
64 59
64 86
64 19
64 15
64 47
64 92
64 3
64 84
64 22
64 85
64 23
64 77
64 34
64 63
64 14
64 51
64 80
64 60
64 75
64 89
64 9
64 30
64 66
64 42
64 52
64 18
64 67
64 49
64 91
64 79
64 72
64 58
64 57
64 65
64 78
64 96
64 16
64 8
64 10
64 24
64 35
64 4
64 69
64 6
64 50
64 68
64 62
64 39
64 73
64 74
64 90
64 94
64 95
64 97
64 99
65 5
65 6
65 10
65 13
65 16
65 18
65 20
65 21
65 22
65 27
65 36
65 39
65 45
65 48
65 49
65 50
65 54
65 57
65 64
65 1
65 37
65 73
65 76
65 81
65 93
65 98
66 1
66 5
66 11
66 12
66 14
66 20
66 21
66 26
66 31
66 32
66 33
66 44
66 46
66 47
66 49
66 51
66 53
66 54
66 55
66 56
66 57
66 58
66 64
66 42
66 72
66 75
66 77
66 83
66 84
66 87
66 89
66 90
66 99
67 4
67 6
67 8
67 11
67 12
67 25
67 26
67 29
67 43
67 45
67 46
67 48
67 50
67 51
67 54
67 56
67 57
67 61
67 64
67 33
67 93
67 96
67 70
67 99
67 55
67 22
67 17
67 34
67 91
67 84
67 59
67 69
67 0
67 95
67 18
67 52
67 74
67 90
67 44
67 23
67 63
67 87
67 89
67 24
67 42
67 31
67 60
67 32
67 3
67 9
67 47
67 39
67 72
67 73
67 83
68 4
68 5
68 7
68 11
68 13
68 14
68 18
68 20
68 21
68 23
68 26
68 27
68 28
68 30
68 31
68 32
68 37
68 45
68 47
68 50
68 53
68 54
68 57
68 62
68 64
68 16
68 72
68 69
68 71
68 75
68 81
68 83
68 84
68 85
68 96
68 98
68 99
69 4
69 13
69 14
69 16
69 20
69 21
69 25
69 28
69 31
69 36
69 41
69 43
69 45
69 49
69 50
69 51
69 54
69 64
69 67
69 46
69 56
69 10
69 12
69 72
69 23
69 68
69 89
69 80
69 83
69 71
69 77
69 90
69 95
69 99
70 5
70 6
70 13
70 14
70 22
70 24
70 26
70 27
70 31
70 32
70 34
70 37
70 39
70 43
70 48
70 50
70 55
70 67
70 99
70 73
70 92
70 58
70 63
70 21
70 59
70 62
70 42
70 8
70 98
70 25
70 7
70 35
70 9
70 77
70 2
70 1
70 81
70 86
70 88
70 85
70 71
70 78
70 79
70 84
70 87
70 89
70 90
70 93
71 6
71 9
71 11
71 12
71 17
71 21
71 24
71 25
71 30
71 32
71 33
71 40
71 51
71 56
71 57
71 58
71 52
71 31
71 7
71 76
71 38
71 98
71 55
71 41
71 74
71 77
71 35
71 85
71 36
71 1
71 69
71 70
71 8
71 50
71 88
71 86
71 20
71 97
71 68
71 93
71 59
71 73
71 75
71 78
71 84
71 99
72 4
72 8
72 11
72 12
72 13
72 20
72 21
72 24
72 27
72 30
72 37
72 48
72 53
72 54
72 56
72 57
72 64
72 68
72 69
72 0
72 15
72 23
72 82
72 19
72 67
72 50
72 38
72 31
72 81
72 73
72 16
72 88
72 89
72 43
72 66
72 33
72 59
72 63
72 74
72 10
72 75
72 78
72 79
72 91
72 93
72 97
73 0
73 5
73 7
73 10
73 11
73 12
73 21
73 25
73 27
73 28
73 32
73 37
73 40
73 43
73 50
73 51
73 54
73 55
73 57
73 62
73 70
73 72
73 48
73 39
73 64
73 71
73 97
73 49
73 52
73 46
73 29
73 9
73 42
73 58
73 88
73 94
73 84
73 83
73 38
73 26
73 85
73 24
73 91
73 8
73 59
73 4
73 61
73 89
73 60
73 67
73 65
73 30
73 79
73 74
73 3
73 78
73 16
73 14
73 95
73 45
73 6
73 23
73 33
73 1
73 81
73 96
73 20
73 56
73 35
73 22
73 34
73 75
73 76
73 87
73 99
74 1
74 14
74 16
74 19
74 24
74 31
74 33
74 39
74 46
74 54
74 67
74 71
74 72
74 73
74 81
74 93
74 82
74 5
74 62
74 64
74 42
74 53
74 75
74 96
74 97
74 99
75 6
75 12
75 16
75 17
75 19
75 20
75 23
75 26
75 27
75 33
75 35
75 37
75 44
75 45
75 49
75 50
75 53
75 54
75 55
75 57
75 58
75 60
75 62
75 64
75 14
75 66
75 47
75 51
75 72
75 63
75 0
75 21
75 41
75 84
75 94
75 77
75 68
75 59
75 98
75 38
75 85
75 18
75 74
75 73
75 40
75 86
75 61
75 22
75 71
75 24
75 48
75 76
75 87
75 90
75 97
76 6
76 7
76 14
76 20
76 28
76 36
76 37
76 38
76 39
76 46
76 48
76 53
76 55
76 61
76 71
76 5
76 73
76 22
76 0
76 8
76 52
76 18
76 25
76 95
76 97
76 59
76 15
76 88
76 17
76 80
76 75
76 43
76 40
76 89
76 81
76 42
76 19
76 16
76 65
76 91
76 84
76 82
76 87
76 96
76 99
77 8
77 12
77 16
77 20
77 22
77 23
77 24
77 31
77 32
77 36
77 44
77 46
77 49
77 53
77 57
77 64
77 70
77 71
77 75
77 55
77 92
77 9
77 51
77 60
77 54
77 5
77 79
77 30
77 78
77 59
77 17
77 42
77 13
77 84
77 2
77 7
77 39
77 61
77 91
77 69
77 93
77 81
77 41
77 33
77 66
77 45
77 48
77 85
77 89
77 83
77 4
77 82
77 80
77 38
77 88
77 97
78 8
78 9
78 10
78 13
78 16
78 27
78 28
78 29
78 39
78 44
78 45
78 54
78 56
78 62
78 64
78 73
78 77
78 72
78 55
78 70
78 7
78 3
78 41
78 71
78 20
78 81
78 61
78 57
78 4
78 90
78 93
78 97
79 3
79 16
79 21
79 24
79 25
79 39
79 45
79 47
79 48
79 50
79 51
79 63
79 64
79 73
79 77
79 72
79 8
79 11
79 92
79 34
79 37
79 82
79 18
79 70
79 33
79 98
79 7
79 4
79 49
79 83
79 89
79 90
79 91
79 94
79 99
80 3
80 4
80 5
80 6
80 7
80 9
80 11
80 16
80 19
80 24
80 26
80 28
80 29
80 32
80 33
80 36
80 37
80 39
80 44
80 48
80 51
80 54
80 56
80 64
80 69
80 76
80 77
80 87
80 95
80 92
80 12
80 0
80 61
80 41
80 57
80 82
80 83
80 89
81 10
81 11
81 21
81 22
81 27
81 32
81 36
81 39
81 44
81 45
81 46
81 52
81 55
81 57
81 62
81 70
81 72
81 73
81 74
81 76
81 77
81 78
81 99
81 90
81 97
81 6
81 61
81 83
81 12
81 34
81 28
81 86
81 65
81 2
81 53
81 7
81 68
81 84
81 85
81 87
81 88
81 91
81 96
82 0
82 3
82 12
82 20
82 23
82 24
82 27
82 28
82 32
82 36
82 37
82 38
82 53
82 54
82 55
82 72
82 74
82 77
82 79
82 80
82 76
82 88
82 84
82 86
82 87
82 90
82 91
82 94
82 95
82 96
82 99
83 1
83 4
83 6
83 9
83 11
83 12
83 14
83 16
83 20
83 31
83 32
83 33
83 41
83 51
83 55
83 56
83 57
83 61
83 69
83 73
83 77
83 81
83 50
83 66
83 80
83 67
83 84
83 25
83 19
83 37
83 63
83 10
83 91
83 88
83 54
83 97
83 24
83 79
83 99
83 89
83 86
83 68
83 94
83 85
83 90
84 3
84 22
84 24
84 26
84 27
84 33
84 36
84 46
84 49
84 51
84 54
84 55
84 63
84 64
84 67
84 73
84 75
84 76
84 77
84 83
84 45
84 20
84 6
84 17
84 94
84 5
84 48
84 23
84 21
84 95
84 70
84 88
84 1
84 81
84 7
84 66
84 98
84 4
84 37
84 43
84 53
84 32
84 90
84 71
84 82
84 19
84 68
84 87
84 99
85 3
85 5
85 7
85 12
85 18
85 19
85 20
85 26
85 29
85 39
85 44
85 48
85 49
85 50
85 54
85 62
85 63
85 64
85 70
85 71
85 73
85 75
85 77
85 2
85 87
85 59
85 90
85 22
85 81
85 47
85 56
85 83
85 68
85 88
85 89
85 99
86 6
86 7
86 8
86 10
86 11
86 12
86 20
86 25
86 32
86 33
86 37
86 38
86 39
86 45
86 51
86 53
86 54
86 55
86 64
86 70
86 71
86 75
86 81
86 83
86 82
86 46
86 14
86 17
86 63
86 98
86 88
86 90
86 92
86 96
87 0
87 2
87 5
87 7
87 11
87 17
87 20
87 22
87 23
87 28
87 39
87 51
87 55
87 56
87 58
87 61
87 63
87 67
87 80
87 85
87 1
87 81
87 32
87 90
87 70
87 35
87 62
87 29
87 46
87 75
87 66
87 36
87 82
87 84
87 47
87 76
87 73
87 96
87 33
87 42
87 27
87 98
88 0
88 10
88 11
88 13
88 18
88 21
88 28
88 32
88 36
88 38
88 39
88 48
88 52
88 53
88 54
88 57
88 70
88 71
88 72
88 73
88 76
88 82
88 83
88 84
88 89
88 50
88 29
88 42
88 86
88 98
88 46
88 17
88 51
88 37
88 14
88 26
88 22
88 77
88 97
88 62
88 1
88 56
88 6
88 3
88 44
88 81
88 85
88 4
88 16
88 40
88 60
88 90
88 99
89 8
89 9
89 15
89 16
89 20
89 25
89 26
89 28
89 32
89 33
89 40
89 41
89 45
89 46
89 47
89 48
89 50
89 51
89 55
89 57
89 62
89 64
89 67
89 69
89 72
89 73
89 76
89 77
89 83
89 88
89 12
89 38
89 85
89 66
89 17
89 14
89 43
89 99
89 80
89 70
89 79
89 5
89 92
89 2
89 11
89 10
89 90
89 95
89 97
90 0
90 5
90 6
90 9
90 10
90 14
90 21
90 22
90 25
90 26
90 27
90 33
90 43
90 45
90 48
90 53
90 54
90 57
90 63
90 67
90 81
90 84
90 85
90 87
90 95
90 75
90 99
90 29
90 64
90 83
90 94
90 61
90 56
90 47
90 89
90 69
90 40
90 66
90 23
90 46
90 50
90 82
90 1
90 97
90 38
90 70
90 8
90 78
90 17
90 88
90 44
90 19
90 91
90 79
90 39
90 20
90 16
90 86
90 30
90 52
90 7
90 18
90 4
91 5
91 12
91 13
91 17
91 20
91 41
91 43
91 46
91 47
91 48
91 54
91 55
91 62
91 63
91 64
91 67
91 73
91 76
91 77
91 83
91 90
91 49
91 61
91 72
91 39
91 53
91 79
91 81
91 60
91 37
91 82
91 96
91 99
91 0
91 58
91 94
91 6
91 92
91 95
92 3
92 6
92 7
92 8
92 12
92 16
92 21
92 22
92 26
92 28
92 30
92 32
92 33
92 39
92 47
92 48
92 50
92 53
92 55
92 57
92 61
92 62
92 64
92 70
92 77
92 79
92 80
92 89
92 91
92 98
92 31
92 40
92 58
92 27
92 41
92 49
92 86
92 99
92 4
93 3
93 6
93 10
93 11
93 14
93 20
93 28
93 33
93 37
93 45
93 46
93 56
93 57
93 63
93 67
93 71
93 74
93 77
93 49
93 23
93 62
93 78
93 43
93 54
93 13
93 65
93 27
93 48
93 25
93 12
93 30
93 9
93 61
93 38
93 7
93 59
93 18
93 95
93 70
93 16
93 60
93 72
93 53
93 55
93 97
93 99
94 5
94 6
94 8
94 11
94 12
94 19
94 22
94 23
94 24
94 35
94 36
94 37
94 39
94 45
94 54
94 55
94 73
94 75
94 83
94 84
94 90
94 91
94 60
94 27
94 46
94 79
94 34
94 64
94 99
94 51
94 30
94 82
94 97
95 2
95 5
95 11
95 12
95 16
95 21
95 26
95 35
95 36
95 37
95 38
95 43
95 45
95 51
95 54
95 55
95 56
95 57
95 60
95 62
95 67
95 73
95 76
95 80
95 84
95 90
95 93
95 53
95 30
95 59
95 64
95 39
95 89
95 58
95 91
95 82
95 69
95 23
95 1
95 40
95 99
96 1
96 6
96 8
96 10
96 12
96 29
96 32
96 39
96 43
96 48
96 50
96 51
96 53
96 54
96 57
96 63
96 64
96 67
96 73
96 87
96 91
96 17
96 99
96 74
96 76
96 58
96 0
96 97
96 9
96 15
96 49
96 18
96 42
96 62
96 7
96 25
96 22
96 68
96 86
96 56
96 23
96 81
96 30
96 45
96 55
96 60
96 82
96 46
97 4
97 7
97 8
97 11
97 16
97 21
97 22
97 24
97 26
97 28
97 33
97 39
97 40
97 44
97 45
97 57
97 61
97 71
97 73
97 76
97 81
97 83
97 88
97 90
97 96
97 17
97 59
97 36
97 38
97 89
97 5
97 9
97 98
97 64
97 58
97 29
97 35
97 74
97 6
97 32
97 72
97 37
97 56
97 77
97 93
97 78
97 23
97 94
97 20
97 49
97 75
97 15
97 46
97 99
98 2
98 3
98 8
98 9
98 15
98 20
98 28
98 33
98 34
98 44
98 48
98 51
98 53
98 57
98 58
98 70
98 71
98 75
98 79
98 84
98 86
98 88
98 92
98 97
98 65
98 68
98 87
98 99
99 4
99 7
99 9
99 11
99 20
99 21
99 22
99 23
99 24
99 27
99 30
99 31
99 33
99 34
99 38
99 43
99 44
99 47
99 51
99 52
99 57
99 61
99 62
99 67
99 70
99 81
99 83
99 89
99 90
99 91
99 92
99 94
99 96
99 74
99 17
99 54
99 3
99 6
99 88
99 16
99 32
99 82
99 49
99 68
99 28
99 55
99 5
99 64
99 60
99 8
99 42
99 76
99 40
99 18
99 63
99 48
99 13
99 79
99 95
99 19
99 0
99 93
99 97
99 56
99 73
99 45
99 69
99 26
99 85
99 10
99 71
99 2
99 1
99 59
99 41
99 66
99 98
99 37
99 84
99 36
