150
0 134
0 53
0 18
0 89
0 24
0 56
0 87
0 6
0 85
0 113
0 73
0 22
0 143
0 14
0 42
0 111
0 76
0 78
0 145
0 2
0 20
0 21
0 23
0 33
0 34
0 38
0 45
0 47
0 52
0 59
0 65
0 66
0 72
0 80
0 84
0 90
0 91
0 92
0 101
0 103
0 104
0 107
0 114
0 117
0 118
0 124
0 130
0 131
0 138
0 148
0 149
1 40
1 137
1 138
1 89
1 55
1 145
1 3
1 8
1 16
1 27
1 28
1 32
1 41
1 45
1 46
1 47
1 52
1 53
1 56
1 60
1 61
1 67
1 72
1 79
1 80
1 84
1 86
1 87
1 91
1 95
1 97
1 103
1 105
1 106
1 109
1 116
1 123
1 129
1 131
1 134
1 136
1 146
2 36
2 16
2 51
2 108
2 28
2 5
2 130
2 23
2 3
2 0
2 70
2 11
2 105
2 15
2 66
2 33
2 31
2 48
2 110
2 74
2 141
2 20
2 92
2 125
2 145
2 137
2 12
2 50
2 39
2 63
2 27
2 98
2 45
2 138
2 120
2 13
2 91
2 18
2 38
2 81
2 7
2 8
2 9
2 10
2 14
2 19
2 22
2 35
2 44
2 46
2 53
2 54
2 56
2 60
2 65
2 67
2 72
2 78
2 82
2 84
2 90
2 94
2 97
2 100
2 102
2 112
2 114
2 117
2 118
2 119
2 123
2 124
2 129
2 131
2 135
2 139
2 140
2 144
2 147
2 149
3 2
3 117
3 29
3 109
3 14
3 118
3 68
3 87
3 99
3 95
3 26
3 96
3 122
3 148
3 143
3 141
3 120
3 73
3 112
3 74
3 81
3 80
3 11
3 135
3 62
3 15
3 131
3 42
3 121
3 108
3 46
3 51
3 1
3 107
3 27
3 110
3 56
3 31
3 101
3 138
3 41
3 65
3 43
3 139
3 9
3 113
3 52
3 10
3 32
3 64
3 16
3 5
3 111
3 28
3 104
3 69
3 94
3 119
3 4
3 18
3 6
3 8
3 12
3 13
3 21
3 34
3 35
3 36
3 38
3 44
3 45
3 48
3 55
3 60
3 70
3 72
3 75
3 79
3 84
3 86
3 90
3 92
3 100
3 102
3 105
3 114
3 115
3 116
3 132
3 134
3 136
3 147
3 149
4 3
4 141
4 43
4 122
4 140
4 119
4 81
4 104
4 101
4 20
4 73
4 21
4 45
4 99
4 30
4 129
4 17
4 86
4 143
4 24
4 35
4 53
4 27
4 136
4 11
4 139
4 90
4 34
4 37
4 19
4 124
4 131
4 33
4 93
4 12
4 14
4 22
4 26
4 28
4 29
4 32
4 46
4 47
4 50
4 51
4 55
4 56
4 58
4 59
4 60
4 67
4 69
4 71
4 83
4 92
4 94
4 95
4 96
4 103
4 109
4 110
4 112
4 113
4 114
4 115
4 116
4 127
4 134
4 138
5 2
5 3
5 48
5 19
5 119
5 32
5 120
5 26
5 43
5 7
5 12
5 68
5 89
5 92
5 8
5 9
5 52
5 36
5 17
5 25
5 80
5 16
5 28
5 34
5 38
5 44
5 46
5 51
5 60
5 61
5 71
5 76
5 79
5 82
5 86
5 90
5 97
5 100
5 103
5 106
5 107
5 110
5 113
5 117
5 118
5 124
5 126
5 132
5 136
5 137
5 138
5 146
5 147
6 0
6 79
6 131
6 121
6 112
6 31
6 124
6 81
6 77
6 138
6 120
6 73
6 7
6 51
6 56
6 75
6 107
6 148
6 39
6 17
6 144
6 115
6 126
6 82
6 108
6 3
6 91
6 102
6 48
6 119
6 96
6 49
6 111
6 8
6 19
6 21
6 33
6 37
6 44
6 47
6 53
6 57
6 61
6 63
6 64
6 67
6 68
6 69
6 76
6 78
6 80
6 84
6 85
6 86
6 89
6 90
6 94
6 97
6 100
6 101
6 110
6 114
6 117
6 118
6 125
6 132
6 135
6 136
6 140
6 143
6 147
6 149
7 5
7 6
7 114
7 46
7 147
7 27
7 104
7 65
7 136
7 84
7 95
7 125
7 52
7 123
7 92
7 33
7 116
7 44
7 69
7 58
7 12
7 19
7 8
7 83
7 115
7 49
7 94
7 16
7 48
7 2
7 73
7 102
7 14
7 17
7 21
7 22
7 26
7 28
7 29
7 32
7 34
7 37
7 45
7 47
7 50
7 53
7 60
7 61
7 80
7 85
7 87
7 90
7 105
7 117
7 119
7 124
7 126
7 127
7 129
7 131
7 138
7 139
7 144
7 149
8 5
8 7
8 147
8 94
8 20
8 83
8 70
8 45
8 55
8 130
8 38
8 19
8 149
8 79
8 71
8 63
8 32
8 30
8 1
8 66
8 17
8 78
8 44
8 93
8 31
8 77
8 140
8 105
8 16
8 69
8 6
8 58
8 65
8 114
8 41
8 128
8 142
8 62
8 48
8 10
8 136
8 137
8 54
8 98
8 110
8 56
8 99
8 141
8 108
8 111
8 106
8 2
8 14
8 3
8 82
8 15
8 12
8 21
8 22
8 26
8 33
8 35
8 37
8 46
8 50
8 51
8 67
8 68
8 72
8 76
8 84
8 91
8 96
8 97
8 101
8 102
8 103
8 109
8 117
8 119
8 129
8 131
8 135
8 146
8 148
9 3
9 5
9 146
9 71
9 91
9 55
9 115
9 149
9 137
9 97
9 2
9 61
9 77
9 136
9 21
9 23
9 47
9 59
9 13
9 92
9 101
9 128
9 17
9 131
9 65
9 24
9 127
9 102
9 67
9 93
9 26
9 52
9 109
9 80
9 125
9 89
9 31
9 37
9 29
9 83
9 19
9 57
9 60
9 108
9 35
9 70
9 147
9 10
9 15
9 16
9 22
9 27
9 32
9 40
9 51
9 53
9 56
9 64
9 66
9 69
9 72
9 73
9 74
9 79
9 81
9 85
9 99
9 103
9 107
9 110
9 117
9 122
9 123
9 132
9 133
9 135
9 138
9 140
10 3
10 8
10 55
10 25
10 147
10 46
10 110
10 123
10 89
10 130
10 51
10 141
10 54
10 105
10 31
10 77
10 62
10 17
10 81
10 43
10 2
10 63
10 64
10 132
10 86
10 56
10 11
10 19
10 9
10 26
10 52
10 102
10 13
10 149
10 140
10 122
10 113
10 96
10 39
10 30
10 78
10 23
10 108
10 99
10 16
10 70
10 118
10 144
10 116
10 60
10 125
10 69
10 12
10 14
10 15
10 21
10 22
10 36
10 44
10 47
10 71
10 79
10 80
10 87
10 91
10 92
10 103
10 107
10 114
10 115
10 117
10 119
10 124
10 129
10 131
10 134
10 135
11 2
11 3
11 4
11 10
11 84
11 130
11 98
11 58
11 114
11 104
11 63
11 105
11 38
11 136
11 56
11 16
11 123
11 97
11 124
11 15
11 17
11 19
11 21
11 22
11 23
11 29
11 32
11 33
11 36
11 37
11 40
11 44
11 50
11 55
11 59
11 65
11 66
11 67
11 68
11 74
11 75
11 78
11 83
11 87
11 91
11 94
11 95
11 100
11 101
11 107
11 112
11 117
11 119
11 120
11 122
11 126
11 132
11 133
12 2
12 5
12 7
12 142
12 96
12 25
12 10
12 43
12 37
12 76
12 131
12 44
12 20
12 39
12 8
12 47
12 119
12 4
12 139
12 3
12 146
12 94
12 145
12 26
12 70
12 105
12 95
12 111
12 58
12 92
12 134
12 15
12 16
12 115
12 14
12 135
12 149
12 100
12 17
12 18
12 19
12 24
12 28
12 29
12 30
12 32
12 42
12 45
12 48
12 54
12 55
12 60
12 66
12 72
12 73
12 79
12 83
12 86
12 90
12 93
12 97
12 101
12 102
12 107
12 112
12 114
12 116
12 117
12 136
12 143
13 2
13 9
13 10
13 46
13 120
13 108
13 45
13 89
13 3
13 22
13 24
13 28
13 29
13 32
13 38
13 43
13 48
13 50
13 51
13 53
13 60
13 63
13 67
13 68
13 70
13 73
13 75
13 81
13 83
13 86
13 90
13 91
13 93
13 94
13 95
13 99
13 100
13 101
13 102
13 103
13 105
13 107
13 110
13 113
13 114
13 116
13 117
13 118
13 122
13 127
13 131
13 134
13 136
13 143
13 147
13 149
14 0
14 3
14 8
14 12
14 104
14 4
14 25
14 116
14 133
14 2
14 136
14 87
14 130
14 102
14 120
14 30
14 47
14 46
14 125
14 124
14 140
14 55
14 74
14 23
14 121
14 51
14 86
14 41
14 56
14 118
14 61
14 57
14 58
14 16
14 48
14 108
14 105
14 141
14 97
14 114
14 126
14 113
14 10
14 146
14 7
14 36
14 24
14 109
14 60
14 73
14 29
14 117
14 80
14 44
14 21
14 26
14 27
14 32
14 37
14 40
14 52
14 71
14 76
14 79
14 88
14 95
14 99
14 107
14 110
14 119
14 122
14 123
14 129
14 131
14 132
14 138
14 147
14 148
15 2
15 3
15 8
15 12
15 111
15 19
15 10
15 117
15 147
15 143
15 57
15 140
15 146
15 74
15 122
15 130
15 23
15 92
15 38
15 52
15 62
15 114
15 71
15 11
15 113
15 9
15 94
15 34
15 125
15 16
15 20
15 21
15 22
15 24
15 28
15 30
15 33
15 36
15 44
15 51
15 54
15 56
15 60
15 61
15 64
15 65
15 66
15 69
15 78
15 79
15 82
15 84
15 87
15 91
15 99
15 101
15 103
15 104
15 110
15 119
15 120
15 123
15 131
15 134
15 136
15 138
16 2
16 3
16 7
16 8
16 10
16 11
16 12
16 14
16 37
16 48
16 148
16 51
16 105
16 63
16 110
16 27
16 92
16 116
16 108
16 55
16 15
16 39
16 47
16 89
16 147
16 40
16 86
16 76
16 87
16 18
16 78
16 134
16 30
16 122
16 24
16 32
16 141
16 46
16 137
16 9
16 111
16 77
16 114
16 35
16 54
16 64
16 94
16 69
16 1
16 146
16 62
16 106
16 49
16 130
16 65
16 61
16 144
16 43
16 109
16 115
16 58
16 121
16 91
16 72
16 85
16 44
16 98
16 80
16 113
16 31
16 45
16 53
16 99
16 133
16 5
16 124
16 17
16 132
16 96
16 143
16 139
16 33
16 19
16 21
16 26
16 28
16 52
16 60
16 67
16 68
16 79
16 84
16 101
16 102
16 103
16 107
16 117
16 118
16 119
16 127
16 135
17 4
17 5
17 6
17 8
17 9
17 10
17 16
17 32
17 11
17 143
17 144
17 117
17 126
17 102
17 27
17 46
17 101
17 66
17 112
17 106
17 127
17 49
17 121
17 148
17 129
17 86
17 96
17 24
17 12
17 107
17 58
17 72
17 47
17 70
17 134
17 85
17 120
17 23
17 55
17 7
17 110
17 147
17 98
17 71
17 26
17 50
17 54
17 90
17 84
17 142
17 82
17 128
17 19
17 22
17 30
17 31
17 35
17 37
17 44
17 45
17 51
17 53
17 59
17 60
17 75
17 80
17 91
17 92
17 94
17 97
17 103
17 113
17 114
17 119
17 132
17 136
17 146
18 0
18 2
18 3
18 16
18 58
18 106
18 44
18 29
18 88
18 112
18 140
18 43
18 135
18 12
18 113
18 121
18 115
18 19
18 22
18 26
18 36
18 37
18 39
18 46
18 53
18 54
18 56
18 61
18 64
18 67
18 69
18 72
18 76
18 79
18 82
18 87
18 93
18 94
18 97
18 101
18 102
18 110
18 114
18 116
18 117
18 122
18 129
18 130
18 131
18 136
19 4
19 5
19 7
19 8
19 9
19 10
19 15
19 69
19 55
19 86
19 40
19 29
19 53
19 104
19 122
19 31
19 97
19 87
19 141
19 17
19 125
19 36
19 63
19 71
19 45
19 101
19 6
19 77
19 84
19 136
19 57
19 138
19 140
19 76
19 98
19 82
19 25
19 64
19 34
19 44
19 68
19 135
19 79
19 38
19 90
19 62
19 23
19 18
19 39
19 27
19 116
19 59
19 130
19 2
19 108
19 147
19 115
19 85
19 28
19 114
19 16
19 50
19 106
19 127
19 56
19 129
19 67
19 26
19 11
19 12
19 66
19 47
19 52
19 120
19 146
19 119
19 20
19 30
19 32
19 33
19 51
19 60
19 75
19 83
19 91
19 99
19 105
19 107
19 110
19 117
19 124
19 149
20 2
20 4
20 8
20 12
20 39
20 28
20 0
20 141
20 40
20 89
20 15
20 19
20 110
20 50
20 121
20 130
20 31
20 58
20 30
20 91
20 36
20 37
20 133
20 72
20 21
20 32
20 44
20 47
20 51
20 55
20 61
20 67
20 69
20 73
20 75
20 79
20 82
20 83
20 84
20 94
20 96
20 99
20 100
20 102
20 103
20 104
20 115
20 117
20 119
20 124
20 125
20 132
20 146
20 148
21 4
21 9
21 107
21 139
21 55
21 135
21 76
21 88
21 130
21 132
21 106
21 67
21 128
21 7
21 81
21 48
21 40
21 57
21 34
21 14
21 94
21 110
21 63
21 66
21 141
21 73
21 125
21 84
21 59
21 98
21 39
21 62
21 20
21 51
21 0
21 138
21 111
21 46
21 25
21 72
21 71
21 8
21 133
21 117
21 146
21 100
21 45
21 15
21 49
21 116
21 32
21 22
21 75
21 144
21 119
21 95
21 77
21 149
21 10
21 60
21 26
21 3
21 11
21 6
21 87
21 16
21 122
21 112
21 124
21 90
21 142
21 108
21 134
21 24
21 37
21 52
21 53
21 58
21 79
21 80
21 91
21 96
21 102
21 103
21 105
21 114
21 115
21 131
21 136
22 0
22 21
22 58
22 7
22 129
22 39
22 51
22 4
22 114
22 13
22 60
22 9
22 69
22 65
22 122
22 78
22 46
22 133
22 2
22 63
22 11
22 36
22 91
22 135
22 115
22 140
22 49
22 55
22 18
22 29
22 86
22 128
22 10
22 137
22 17
22 8
22 134
22 125
22 71
22 24
22 116
22 126
22 56
22 48
22 118
22 111
22 50
22 98
22 82
22 97
22 44
22 87
22 106
22 42
22 61
22 33
22 76
22 95
22 34
22 64
22 96
22 109
22 117
22 93
22 68
22 130
22 38
22 75
22 15
22 77
22 124
22 104
22 102
22 40
22 45
22 103
22 28
22 31
22 35
22 52
22 54
22 59
22 66
22 67
22 72
22 79
22 90
22 94
22 100
22 101
22 107
22 113
22 127
22 132
22 136
22 146
22 147
23 2
23 9
23 10
23 14
23 15
23 17
23 19
23 86
23 84
23 115
23 89
23 48
23 49
23 47
23 129
23 105
23 145
23 147
23 90
23 11
23 36
23 74
23 109
23 120
23 0
23 96
23 79
23 28
23 29
23 31
23 37
23 40
23 46
23 51
23 58
23 61
23 66
23 69
23 72
23 76
23 77
23 82
23 92
23 93
23 99
23 100
23 102
23 103
23 110
23 111
23 113
23 114
23 117
23 127
23 132
23 134
23 140
23 141
24 0
24 4
24 9
24 14
24 16
24 17
24 22
24 116
24 94
24 49
24 67
24 117
24 143
24 106
24 41
24 40
24 141
24 89
24 121
24 146
24 124
24 25
24 13
24 136
24 107
24 77
24 82
24 48
24 61
24 35
24 98
24 37
24 73
24 104
24 43
24 47
24 145
24 15
24 59
24 80
24 53
24 28
24 149
24 12
24 34
24 63
24 21
24 56
24 29
24 32
24 50
24 58
24 60
24 66
24 68
24 69
24 71
24 72
24 75
24 76
24 79
24 87
24 90
24 95
24 99
24 100
24 103
24 110
24 111
24 115
24 119
24 127
24 131
24 132
24 140
25 5
25 10
25 12
25 14
25 19
25 21
25 24
25 116
25 143
25 51
25 71
25 59
25 139
25 27
25 29
25 32
25 37
25 44
25 53
25 60
25 63
25 64
25 66
25 69
25 72
25 73
25 75
25 76
25 78
25 79
25 81
25 82
25 88
25 90
25 93
25 95
25 100
25 101
25 102
25 103
25 105
25 107
25 110
25 112
25 117
25 119
25 123
25 124
25 127
25 131
25 132
25 135
25 146
26 3
26 5
26 9
26 10
26 12
26 17
26 19
26 21
26 106
26 8
26 113
26 123
26 108
26 47
26 56
26 149
26 90
26 30
26 92
26 58
26 14
26 65
26 16
26 35
26 112
26 124
26 4
26 80
26 137
26 40
26 7
26 115
26 127
26 95
26 100
26 141
26 62
26 29
26 135
26 85
26 54
26 37
26 125
26 67
26 18
26 27
26 99
26 34
26 36
26 43
26 45
26 46
26 53
26 64
26 66
26 69
26 76
26 81
26 82
26 84
26 97
26 101
26 102
26 104
26 107
26 110
26 118
26 121
26 128
26 132
26 136
27 2
27 3
27 4
27 7
27 16
27 17
27 19
27 26
27 83
27 25
27 1
27 111
27 59
27 40
27 48
27 78
27 47
27 14
27 72
27 68
27 109
27 90
27 116
27 31
27 133
27 85
27 30
27 32
27 76
27 41
27 55
27 108
27 117
27 91
27 140
27 9
27 88
27 28
27 36
27 37
27 43
27 45
27 53
27 54
27 57
27 60
27 61
27 65
27 67
27 69
27 80
27 84
27 86
27 87
27 89
27 93
27 95
27 99
27 107
27 110
27 112
27 113
27 114
27 119
27 122
27 124
27 127
27 131
27 138
27 141
27 146
27 149
28 2
28 3
28 19
28 20
28 24
28 145
28 106
28 103
28 93
28 23
28 44
28 39
28 130
28 48
28 110
28 117
28 79
28 115
28 1
28 57
28 109
28 15
28 58
28 41
28 13
28 5
28 135
28 60
28 119
28 66
28 113
28 88
28 70
28 35
28 146
28 65
28 126
28 68
28 99
28 90
28 108
28 4
28 51
28 27
28 56
28 131
28 132
28 29
28 104
28 143
28 98
28 94
28 12
28 40
28 137
28 149
28 22
28 34
28 7
28 73
28 30
28 129
28 123
28 16
28 38
28 46
28 111
28 140
28 95
28 138
28 31
28 32
28 36
28 37
28 61
28 81
28 91
28 92
28 101
28 102
28 105
28 107
28 118
28 122
28 124
28 136
29 3
29 9
29 14
29 18
29 19
29 22
29 26
29 28
29 77
29 52
29 128
29 67
29 34
29 75
29 73
29 54
29 59
29 144
29 124
29 92
29 4
29 13
29 139
29 116
29 106
29 72
29 136
29 65
29 63
29 132
29 103
29 64
29 44
29 60
29 11
29 119
29 57
29 7
29 24
29 12
29 25
29 117
29 23
29 71
29 94
29 66
29 108
29 88
29 38
29 82
29 32
29 101
29 53
29 145
29 30
29 36
29 39
29 45
29 46
29 58
29 69
29 76
29 84
29 90
29 96
29 104
29 109
29 112
29 114
29 130
29 131
29 143
29 147
29 148
30 4
30 8
30 10
30 14
30 16
30 20
30 26
30 27
30 28
30 111
30 48
30 106
30 73
30 15
30 98
30 77
30 76
30 43
30 125
30 33
30 53
30 12
30 139
30 92
30 65
30 72
30 55
30 81
30 115
30 29
30 143
30 109
30 118
30 100
30 140
30 107
30 17
30 69
30 112
30 119
30 19
30 44
30 130
30 89
30 71
30 117
30 138
30 96
30 94
30 80
30 88
30 102
30 32
30 34
30 37
30 39
30 47
30 51
30 52
30 54
30 56
30 58
30 61
30 67
30 74
30 75
30 79
30 87
30 93
30 101
30 105
30 110
30 113
30 114
30 123
30 131
30 133
30 134
30 141
30 147
30 149
31 2
31 3
31 6
31 8
31 9
31 10
31 16
31 19
31 20
31 27
31 17
31 93
31 110
31 40
31 54
31 48
31 121
31 140
31 101
31 127
31 105
31 88
31 49
31 22
31 108
31 144
31 137
31 126
31 23
31 115
31 67
31 28
31 43
31 86
31 59
31 120
31 89
31 104
31 90
31 38
31 106
31 117
31 57
31 36
31 52
31 112
31 85
31 107
31 45
31 46
31 51
31 56
31 60
31 69
31 71
31 72
31 76
31 78
31 84
31 91
31 97
31 100
31 111
31 113
31 114
31 116
31 119
31 123
31 131
31 134
31 138
31 147
31 149
32 3
32 5
32 8
32 16
32 17
32 21
32 27
32 29
32 66
32 1
32 86
32 105
32 74
32 19
32 14
32 34
32 135
32 78
32 38
32 48
32 138
32 75
32 4
32 102
32 13
32 141
32 60
32 85
32 119
32 71
32 35
32 11
32 87
32 44
32 142
32 116
32 46
32 25
32 9
32 109
32 107
32 132
32 49
32 20
32 79
32 93
32 24
32 43
32 30
32 37
32 100
32 98
32 7
32 45
32 148
32 128
32 12
32 136
32 111
32 68
32 61
32 58
32 133
32 114
32 28
32 72
32 70
32 39
32 40
32 50
32 51
32 52
32 57
32 67
32 73
32 80
32 82
32 91
32 92
32 96
32 97
32 101
32 115
32 117
32 118
32 123
32 129
32 146
32 149
33 2
33 4
33 7
33 16
33 22
33 30
33 86
33 45
33 90
33 141
33 102
33 76
33 8
33 60
33 145
33 83
33 42
33 133
33 0
33 137
33 19
33 118
33 125
33 115
33 134
33 70
33 57
33 112
33 127
33 46
33 121
33 61
33 52
33 11
33 79
33 130
33 15
33 144
33 114
33 139
33 120
33 142
33 39
33 68
33 101
33 148
33 99
33 122
33 136
33 126
33 69
33 6
33 91
33 50
33 53
33 59
33 65
33 66
33 67
33 75
33 78
33 82
33 84
33 87
33 103
33 110
33 113
33 124
33 135
34 4
34 15
34 19
34 21
34 22
34 24
34 26
34 28
34 29
34 32
34 145
34 139
34 141
34 5
34 133
34 56
34 74
34 59
34 30
34 125
34 7
34 142
34 101
34 3
34 124
34 138
34 0
34 140
34 55
34 91
34 135
34 132
34 110
34 122
34 39
34 77
34 66
34 131
34 148
34 118
34 35
34 37
34 44
34 45
34 46
34 53
34 58
34 64
34 72
34 76
34 80
34 87
34 90
34 92
34 97
34 100
34 103
34 107
34 109
34 114
34 115
34 117
34 119
34 129
34 134
34 147
35 4
35 9
35 16
35 24
35 26
35 28
35 32
35 22
35 2
35 76
35 67
35 41
35 78
35 111
35 136
35 88
35 8
35 58
35 17
35 96
35 43
35 69
35 80
35 112
35 84
35 59
35 104
35 57
35 74
35 101
35 68
35 122
35 86
35 3
35 108
35 60
35 144
35 127
35 142
35 34
35 40
35 51
35 118
35 110
35 109
35 36
35 38
35 45
35 61
35 62
35 83
35 92
35 102
35 103
35 105
35 106
35 107
35 113
35 115
35 117
35 131
35 132
35 134
35 135
35 138
35 146
35 147
35 149
36 2
36 5
36 14
36 19
36 20
36 22
36 23
36 31
36 83
36 37
36 51
36 102
36 142
36 127
36 118
36 109
36 63
36 138
36 69
36 111
36 66
36 18
36 123
36 134
36 139
36 61
36 98
36 79
36 26
36 28
36 106
36 74
36 76
36 55
36 11
36 27
36 129
36 70
36 62
36 108
36 122
36 40
36 15
36 60
36 146
36 35
36 52
36 10
36 3
36 29
36 94
36 143
36 43
36 46
36 53
36 57
36 58
36 59
36 64
36 67
36 72
36 75
36 78
36 84
36 87
36 88
36 90
36 91
36 93
36 99
36 100
36 101
36 105
36 110
36 112
36 117
36 119
36 131
36 141
36 147
36 149
37 4
37 9
37 12
37 16
37 20
37 24
37 26
37 32
37 36
37 57
37 34
37 67
37 75
37 140
37 114
37 38
37 137
37 120
37 28
37 8
37 45
37 76
37 17
37 143
37 104
37 27
37 82
37 97
37 116
37 61
37 98
37 39
37 7
37 89
37 145
37 44
37 30
37 146
37 113
37 105
37 62
37 21
37 25
37 11
37 18
37 14
37 126
37 121
37 99
37 23
37 147
37 118
37 47
37 86
37 90
37 58
37 48
37 55
37 46
37 63
37 6
37 128
37 138
37 83
37 51
37 56
37 60
37 65
37 68
37 71
37 72
37 80
37 84
37 91
37 94
37 100
37 101
37 106
37 107
37 110
37 119
37 124
37 125
37 131
37 132
38 2
38 8
38 11
38 15
38 19
38 22
38 28
38 29
38 31
38 32
38 37
38 135
38 128
38 70
38 124
38 133
38 13
38 5
38 3
38 0
38 144
38 63
38 136
38 145
38 108
38 62
38 140
38 35
38 69
38 107
38 87
38 78
38 57
38 93
38 110
38 142
38 65
38 64
38 42
38 44
38 45
38 46
38 47
38 48
38 51
38 53
38 55
38 56
38 67
38 72
38 75
38 79
38 82
38 84
38 91
38 92
38 94
38 98
38 99
38 100
38 101
38 102
38 113
38 117
38 123
38 134
38 138
38 143
38 147
38 149
39 2
39 6
39 10
39 12
39 16
39 19
39 20
39 21
39 22
39 28
39 33
39 34
39 37
39 105
39 116
39 55
39 59
39 56
39 58
39 96
39 18
39 127
39 47
39 44
39 119
39 95
39 30
39 69
39 29
39 32
39 101
39 51
39 52
39 54
39 66
39 70
39 71
39 78
39 79
39 80
39 83
39 84
39 85
39 87
39 93
39 94
39 97
39 100
39 102
39 103
39 110
39 111
39 112
39 117
39 129
39 131
39 132
39 138
39 146
40 1
40 16
40 19
40 20
40 21
40 22
40 24
40 26
40 27
40 28
40 31
40 35
40 36
40 9
40 50
40 14
40 32
40 11
40 91
40 48
40 113
40 140
40 136
40 83
40 51
40 145
40 122
40 130
40 110
40 85
40 80
40 23
40 64
40 117
40 88
40 128
40 43
40 44
40 46
40 52
40 53
40 55
40 60
40 65
40 66
40 67
40 70
40 71
40 76
40 79
40 82
40 84
40 92
40 96
40 100
40 101
40 103
40 107
40 114
40 115
40 125
40 131
40 132
40 135
40 146
40 147
40 149
41 3
41 8
41 14
41 24
41 27
41 28
41 35
41 59
41 1
41 101
41 79
41 44
41 50
41 51
41 52
41 53
41 55
41 57
41 58
41 66
41 70
41 71
41 72
41 73
41 75
41 76
41 83
41 84
41 93
41 100
41 103
41 110
41 113
41 114
41 116
41 117
41 121
41 123
41 124
41 125
41 127
41 131
41 134
41 136
41 140
41 147
41 148
41 149
42 0
42 3
42 22
42 33
42 100
42 12
42 38
42 48
42 51
42 52
42 55
42 59
42 60
42 64
42 66
42 67
42 71
42 72
42 76
42 78
42 82
42 86
42 87
42 93
42 94
42 99
42 102
42 103
42 107
42 112
42 115
42 116
42 119
42 131
42 132
42 133
42 134
42 135
42 140
42 141
42 149
43 3
43 4
43 5
43 10
43 12
43 16
43 18
43 24
43 30
43 31
43 32
43 35
43 130
43 110
43 27
43 119
43 101
43 26
43 87
43 36
43 13
43 103
43 45
43 75
43 86
43 40
43 53
43 116
43 115
43 125
43 131
43 44
43 46
43 50
43 52
43 56
43 57
43 58
43 61
43 65
43 68
43 69
43 71
43 72
43 76
43 79
43 84
43 88
43 91
43 92
43 94
43 95
43 106
43 107
43 113
43 114
43 118
43 123
43 127
43 129
43 134
43 138
43 141
44 7
44 8
44 12
44 14
44 16
44 18
44 19
44 22
44 28
44 29
44 30
44 32
44 37
44 39
44 25
44 90
44 6
44 61
44 82
44 11
44 2
44 43
44 3
44 58
44 62
44 102
44 103
44 15
44 17
44 98
44 50
44 134
44 34
44 110
44 100
44 40
44 137
44 52
44 111
44 70
44 145
44 127
44 55
44 83
44 38
44 148
44 64
44 73
44 86
44 71
44 20
44 96
44 123
44 66
44 93
44 5
44 65
44 10
44 47
44 114
44 113
44 106
44 130
44 67
44 41
44 46
44 53
44 54
44 59
44 63
44 69
44 87
44 88
44 92
44 99
44 108
44 109
44 117
44 119
44 122
44 124
44 131
44 140
44 141
45 2
45 4
45 8
45 13
45 16
45 19
45 21
45 22
45 32
45 33
45 37
45 43
45 46
45 81
45 131
45 138
45 97
45 106
45 92
45 82
45 140
45 94
45 121
45 72
45 35
45 3
45 71
45 17
45 149
45 73
45 29
45 74
45 12
45 86
45 75
45 123
45 122
45 129
45 145
45 49
45 89
45 0
45 132
45 98
45 77
45 52
45 100
45 26
45 38
45 109
45 148
45 95
45 113
45 27
45 1
45 61
45 60
45 51
45 115
45 7
45 31
45 64
45 136
45 84
45 79
45 142
45 143
45 68
45 107
45 90
45 135
45 34
45 53
45 62
45 66
45 91
45 102
45 114
45 119
45 120
45 124
45 127
45 133
45 141
45 144
45 146
45 147
46 3
46 7
46 10
46 13
46 14
46 16
46 17
46 21
46 22
46 28
46 32
46 33
46 37
46 44
46 45
46 40
46 138
46 78
46 106
46 145
46 130
46 134
46 77
46 72
46 133
46 136
46 132
46 122
46 36
46 26
46 4
46 1
46 34
46 140
46 120
46 43
46 2
46 38
46 121
46 89
46 97
46 29
46 58
46 23
46 5
46 117
46 55
46 93
46 69
46 18
46 100
46 129
46 116
46 56
46 76
46 107
46 113
46 8
46 112
46 99
46 66
46 86
46 60
46 104
46 102
46 105
46 127
46 31
46 47
46 141
46 61
46 83
46 51
46 64
46 71
46 73
46 82
46 84
46 87
46 90
46 92
46 101
46 109
46 115
46 119
46 146
46 149
47 9
47 12
47 14
47 16
47 17
47 19
47 23
47 24
47 26
47 27
47 37
47 39
47 44
47 46
47 113
47 10
47 38
47 1
47 131
47 64
47 20
47 127
47 110
47 129
47 66
47 63
47 90
47 60
47 76
47 30
47 97
47 117
47 134
47 6
47 7
47 103
47 57
47 116
47 75
47 78
47 115
47 146
47 80
47 69
47 88
47 62
47 86
47 101
47 71
47 107
47 132
47 0
47 4
47 55
47 98
47 50
47 53
47 79
47 99
47 100
47 102
47 106
47 114
47 119
47 135
47 138
47 140
47 147
48 2
48 5
48 6
48 7
48 8
48 14
48 16
48 21
48 22
48 23
48 24
48 27
48 28
48 30
48 31
48 32
48 37
48 40
48 73
48 72
48 99
48 3
48 115
48 42
48 111
48 38
48 12
48 13
48 117
48 52
48 58
48 59
48 60
48 61
48 64
48 67
48 68
48 70
48 79
48 80
48 82
48 83
48 84
48 90
48 92
48 100
48 103
48 105
48 107
48 110
48 112
48 113
48 114
48 129
48 148
49 6
49 7
49 16
49 17
49 21
49 22
49 23
49 24
49 31
49 32
49 45
49 134
49 146
49 99
49 52
49 58
49 59
49 60
49 64
49 67
49 68
49 73
49 81
49 84
49 85
49 86
49 90
49 94
49 95
49 97
49 100
49 106
49 112
49 113
49 114
49 116
49 117
49 120
49 123
49 124
49 127
49 131
49 132
49 133
49 135
49 140
49 143
50 2
50 17
50 19
50 20
50 22
50 40
50 44
50 86
50 7
50 134
50 52
50 111
50 11
50 94
50 24
50 65
50 8
50 4
50 116
50 143
50 32
50 13
50 115
50 80
50 43
50 132
50 54
50 95
50 89
50 76
50 82
50 131
50 91
50 105
50 51
50 33
50 87
50 83
50 41
50 102
50 96
50 47
50 59
50 61
50 58
50 60
50 71
50 73
50 74
50 75
50 79
50 84
50 92
50 99
50 101
50 103
50 107
50 112
50 117
50 118
50 129
50 133
50 136
50 140
50 146
50 147
50 148
51 2
51 3
51 6
51 10
51 14
51 16
51 21
51 22
51 25
51 28
51 35
51 36
51 40
51 45
51 50
51 4
51 89
51 92
51 17
51 15
51 97
51 41
51 138
51 102
51 99
51 23
51 61
51 13
51 133
51 132
51 80
51 31
51 71
51 137
51 143
51 39
51 37
51 73
51 19
51 134
51 135
51 128
51 52
51 96
51 118
51 127
51 42
51 46
51 57
51 8
51 119
51 101
51 91
51 72
51 130
51 120
51 9
51 81
51 126
51 79
51 145
51 54
51 32
51 56
51 38
51 77
51 142
51 30
51 5
51 64
51 149
51 98
51 53
51 20
51 106
51 117
51 55
51 59
51 65
51 68
51 74
51 76
51 82
51 103
51 105
51 107
51 108
51 109
51 114
51 116
51 136
51 139
51 146
52 3
52 5
52 7
52 9
52 10
52 15
52 19
52 29
52 31
52 33
52 36
52 44
52 45
52 49
52 50
52 51
52 109
52 137
52 64
52 86
52 0
52 56
52 55
52 41
52 1
52 122
52 119
52 69
52 133
52 78
52 93
52 143
52 39
52 21
52 138
52 14
52 40
52 43
52 48
52 59
52 73
52 22
52 128
52 132
52 62
52 123
52 80
52 60
52 87
52 113
52 53
52 131
52 42
52 57
52 98
52 32
52 121
52 30
52 16
52 54
52 67
52 70
52 72
52 74
52 75
52 83
52 85
52 94
52 99
52 100
52 102
52 104
52 110
52 117
52 129
52 134
52 135
52 136
53 0
53 4
53 16
53 19
53 24
53 29
53 30
53 43
53 51
53 52
53 40
53 142
53 25
53 112
53 129
53 41
53 38
53 13
53 88
53 134
53 122
53 2
53 18
53 87
53 27
53 86
53 117
53 131
53 132
53 108
53 149
53 128
53 147
53 125
53 26
53 71
53 106
53 17
53 72
53 47
53 96
53 116
53 109
53 59
53 6
53 33
53 7
53 148
53 120
53 36
53 82
53 45
53 1
53 124
53 9
53 111
53 34
53 141
53 44
53 85
53 90
53 105
53 21
53 144
53 138
53 54
53 58
53 75
53 79
53 91
53 97
53 101
53 103
53 107
53 113
53 114
53 119
53 140
54 8
54 10
54 16
54 17
54 26
54 29
54 31
54 50
54 51
54 67
54 27
54 142
54 108
54 148
54 131
54 52
54 73
54 53
54 65
54 30
54 107
54 94
54 59
54 102
54 18
54 95
54 2
54 22
54 135
54 39
54 103
54 76
54 96
54 15
54 12
54 144
54 139
54 85
54 91
54 111
54 44
54 128
54 69
54 55
54 58
54 63
54 64
54 72
54 79
54 82
54 84
54 92
54 93
54 101
54 105
54 113
54 115
54 117
54 118
54 119
54 132
54 134
54 136
54 140
54 146
55 1
55 8
55 9
55 10
55 14
55 16
55 17
55 19
55 21
55 22
55 27
55 30
55 34
55 36
55 37
55 39
55 44
55 46
55 47
55 52
55 75
55 137
55 60
55 65
55 124
55 109
55 62
55 79
55 140
55 141
55 92
55 64
55 88
55 54
55 38
55 97
55 113
55 146
55 67
55 58
55 121
55 12
55 11
55 143
55 51
55 40
55 96
55 20
55 81
55 122
55 116
55 70
55 86
55 56
55 102
55 69
55 3
55 117
55 61
55 136
55 101
55 82
55 85
55 100
55 118
55 127
55 149
55 133
55 111
55 114
55 126
55 42
55 4
55 41
55 59
55 66
55 72
55 74
55 84
55 87
55 90
55 94
55 99
55 106
55 107
55 108
55 120
55 123
55 131
55 132
55 134
55 138
55 139
55 144
55 148
56 0
56 3
56 6
56 8
56 10
56 11
56 14
56 19
56 22
56 24
56 26
56 28
56 34
56 39
56 46
56 51
56 52
56 55
56 1
56 90
56 37
56 30
56 96
56 93
56 15
56 104
56 127
56 79
56 9
56 97
56 113
56 111
56 18
56 149
56 126
56 43
56 70
56 31
56 82
56 139
56 4
56 38
56 2
56 57
56 116
56 144
56 60
56 64
56 65
56 66
56 67
56 71
56 72
56 73
56 76
56 80
56 86
56 87
56 91
56 94
56 99
56 100
56 103
56 105
56 107
56 108
56 109
56 112
56 117
56 119
56 121
56 131
56 146
56 147
57 9
57 14
57 15
57 19
57 21
57 28
57 29
57 31
57 33
57 35
57 37
57 38
57 47
57 51
57 52
57 56
57 142
57 109
57 116
57 78
57 79
57 58
57 32
57 122
57 62
57 60
57 123
57 131
57 133
57 43
57 41
57 107
57 93
57 119
57 99
57 27
57 6
57 36
57 100
57 86
57 77
57 66
57 84
57 59
57 63
57 67
57 71
57 72
57 75
57 76
57 85
57 96
57 97
57 101
57 102
57 104
57 110
57 111
57 113
57 114
57 115
57 124
57 125
57 127
57 128
57 132
57 136
57 139
58 7
58 8
58 11
58 12
58 14
58 16
58 17
58 18
58 20
58 22
58 26
58 28
58 32
58 35
58 37
58 39
58 44
58 46
58 55
58 57
58 29
58 66
58 83
58 114
58 24
58 80
58 102
58 41
58 115
58 122
58 121
58 65
58 34
58 95
58 30
58 120
58 146
58 92
58 36
58 88
58 129
58 81
58 48
58 137
58 89
58 73
58 4
58 118
58 50
58 43
58 142
58 21
58 53
58 116
58 74
58 93
58 69
58 49
58 123
58 54
58 67
58 23
58 106
58 59
58 70
58 72
58 76
58 78
58 79
58 82
58 84
58 87
58 94
58 99
58 101
58 107
58 110
58 113
58 117
58 119
58 125
58 126
58 132
58 134
58 147
59 9
59 19
59 21
59 24
59 25
59 27
59 29
59 31
59 34
59 35
59 39
59 41
59 50
59 52
59 53
59 54
59 116
59 4
59 36
59 75
59 124
59 146
59 58
59 0
59 64
59 104
59 139
59 48
59 118
59 130
59 102
59 115
59 49
59 57
59 65
59 91
59 133
59 125
59 83
59 135
59 17
59 51
59 42
59 22
59 149
59 11
59 44
59 76
59 143
59 113
59 97
59 77
59 33
59 119
59 69
59 129
59 145
59 55
59 148
59 79
59 61
59 66
59 78
59 81
59 84
59 90
59 92
59 93
59 99
59 107
59 109
59 110
59 117
59 131
59 132
59 134
59 141
60 9
60 10
60 14
60 21
60 22
60 28
60 29
60 32
60 33
60 35
60 36
60 45
60 46
60 47
60 52
60 55
60 57
60 25
60 94
60 56
60 13
60 19
60 12
60 40
60 105
60 24
60 68
60 146
60 50
60 84
60 17
60 136
60 120
60 144
60 7
60 71
60 62
60 15
60 128
60 118
60 1
60 5
60 113
60 129
60 106
60 3
60 98
60 127
60 141
60 70
60 48
60 121
60 142
60 140
60 42
60 2
60 4
60 87
60 67
60 108
60 83
60 114
60 92
60 16
60 37
60 103
60 64
60 27
60 49
60 130
60 89
60 133
60 31
60 143
60 72
60 73
60 90
60 91
60 93
60 97
60 110
60 117
60 131
60 132
60 134
60 147
60 148
61 9
61 14
61 16
61 22
61 24
61 32
61 33
61 36
61 37
61 44
61 45
61 46
61 50
61 51
61 55
61 90
61 100
61 69
61 20
61 130
61 28
61 1
61 48
61 141
61 5
61 121
61 125
61 80
61 74
61 107
61 35
61 7
61 27
61 43
61 23
61 30
61 6
61 118
61 136
61 133
61 109
61 106
61 116
61 139
61 113
61 15
61 142
61 68
61 77
61 59
61 18
61 65
61 66
61 72
61 78
61 84
61 85
61 93
61 94
61 95
61 99
61 103
61 105
61 115
61 117
61 119
61 123
61 127
61 129
61 131
61 135
61 138
61 143
61 149
62 3
62 8
62 10
62 15
62 16
62 19
62 21
62 26
62 36
62 37
62 38
62 44
62 47
62 52
62 55
62 57
62 60
62 145
62 108
62 139
62 105
62 82
62 133
62 134
62 125
62 143
62 45
62 131
62 35
62 79
62 65
62 66
62 67
62 72
62 74
62 76
62 84
62 85
62 86
62 90
62 92
62 97
62 100
62 101
62 103
62 110
62 111
62 113
62 119
62 123
62 124
62 127
62 136
62 141
63 2
63 8
63 10
63 11
63 16
63 19
63 21
63 22
63 24
63 29
63 36
63 37
63 38
63 47
63 104
63 119
63 54
63 146
63 25
63 57
63 13
63 91
63 125
63 72
63 44
63 100
63 134
63 114
63 64
63 6
63 99
63 69
63 70
63 71
63 76
63 82
63 83
63 84
63 85
63 87
63 90
63 96
63 101
63 103
63 110
63 113
63 115
63 116
63 123
63 127
63 128
63 131
63 133
63 135
63 138
63 143
63 149
64 3
64 10
64 16
64 19
64 22
64 29
64 38
64 40
64 44
64 45
64 47
64 51
64 52
64 55
64 59
64 60
64 63
64 66
64 93
64 26
64 25
64 114
64 125
64 143
64 79
64 98
64 91
64 18
64 145
64 42
64 130
64 137
64 121
64 94
64 105
64 46
64 127
64 116
64 69
64 82
64 75
64 9
64 122
64 15
64 132
64 76
64 48
64 80
64 54
64 36
64 86
64 74
64 65
64 56
64 77
64 6
64 34
64 113
64 106
64 129
64 49
64 138
64 67
64 68
64 97
64 99
64 103
64 110
64 112
64 117
64 123
64 134
64 136
64 147
65 3
65 7
65 8
65 9
65 16
65 22
65 26
65 28
65 29
65 30
65 38
65 44
65 50
65 54
65 55
65 58
65 59
65 64
65 104
65 122
65 133
65 123
65 111
65 0
65 145
65 15
65 51
65 85
65 62
65 40
65 37
65 76
65 94
65 27
65 61
65 79
65 81
65 116
65 56
65 33
65 73
65 99
65 110
65 2
65 105
65 74
65 43
65 91
65 82
65 139
65 141
65 130
65 11
65 143
65 97
65 67
65 72
65 87
65 90
65 102
65 103
65 109
65 114
65 115
65 117
65 119
65 120
65 125
65 126
65 129
65 131
65 132
65 134
65 136
65 137
65 140
65 144
65 146
66 2
66 8
66 17
66 19
66 21
66 28
66 29
66 32
66 34
66 36
66 44
66 46
66 47
66 57
66 58
66 64
66 33
66 42
66 26
66 15
66 94
66 122
66 99
66 143
66 111
66 120
66 25
66 11
66 117
66 72
66 61
66 142
66 40
66 12
66 132
66 23
66 45
66 9
66 41
66 55
66 145
66 67
66 137
66 107
66 88
66 103
66 74
66 106
66 90
66 39
66 22
66 79
66 59
66 0
66 100
66 95
66 68
66 24
66 136
66 62
66 147
66 56
66 96
66 110
66 70
66 71
66 73
66 75
66 76
66 78
66 84
66 87
66 91
66 93
66 97
66 101
66 102
66 104
66 113
66 114
66 115
66 123
66 125
66 129
66 131
66 133
66 135
66 138
66 149
67 9
67 19
67 21
67 24
67 26
67 29
67 31
67 35
67 37
67 44
67 54
67 55
67 58
67 60
67 66
67 40
67 33
67 69
67 16
67 127
67 32
67 84
67 128
67 89
67 118
67 1
67 36
67 143
67 100
67 102
67 147
67 65
67 64
67 95
67 2
67 113
67 131
67 81
67 71
67 27
67 18
67 11
67 98
67 138
67 52
67 146
67 120
67 56
67 76
67 74
67 101
67 30
67 111
67 38
67 80
67 105
67 136
67 8
67 94
67 42
67 83
67 88
67 49
67 48
67 117
67 142
67 57
67 135
67 115
67 97
67 20
67 133
67 130
67 13
67 126
67 145
67 122
67 129
67 62
67 72
67 4
67 6
67 121
67 77
67 75
67 22
67 109
67 68
67 86
67 91
67 92
67 107
67 114
67 123
67 124
67 132
67 134
67 141
67 149
68 3
68 5
68 19
68 22
68 27
68 28
68 32
68 33
68 35
68 45
68 60
68 61
68 66
68 149
68 117
68 48
68 13
68 147
68 24
68 94
68 78
68 51
68 11
68 64
68 121
68 6
68 102
68 144
68 67
68 16
68 85
68 8
68 49
68 43
68 37
68 69
68 72
68 73
68 76
68 80
68 82
68 83
68 84
68 101
68 103
68 106
68 107
68 112
68 114
68 116
68 118
68 119
68 124
68 132
68 134
68 135
68 141
68 148
69 3
69 7
69 8
69 10
69 16
69 19
69 22
69 30
69 33
69 35
69 36
69 38
69 39
69 46
69 47
69 52
69 54
69 55
69 58
69 59
69 61
69 64
69 67
69 84
69 124
69 23
69 25
69 9
69 118
69 27
69 75
69 15
69 132
69 149
69 109
69 108
69 43
69 142
69 4
69 6
69 131
69 70
69 68
69 24
69 106
69 133
69 44
69 127
69 31
69 18
69 74
69 135
69 80
69 129
69 93
69 29
69 89
69 20
69 88
69 94
69 26
69 130
69 63
69 103
69 71
69 72
69 73
69 76
69 82
69 86
69 87
69 90
69 92
69 100
69 101
69 102
69 105
69 110
69 113
69 115
69 117
69 134
69 139
70 2
70 8
70 9
70 10
70 12
70 17
70 28
70 32
70 33
70 36
70 38
70 44
70 55
70 56
70 60
70 66
70 69
70 109
70 58
70 40
70 82
70 52
70 63
70 71
70 101
70 117
70 13
70 39
70 133
70 91
70 3
70 41
70 123
70 142
70 124
70 48
70 72
70 75
70 79
70 88
70 90
70 93
70 97
70 99
70 100
70 102
70 103
70 105
70 107
70 110
70 112
70 114
70 118
70 119
70 121
70 127
70 131
70 135
70 137
70 138
70 145
70 149
71 8
71 9
71 15
71 17
71 19
71 21
71 22
71 25
71 29
71 30
71 32
71 44
71 45
71 47
71 51
71 53
71 60
71 67
71 69
71 70
71 102
71 101
71 57
71 83
71 66
71 37
71 14
71 74
71 133
71 148
71 113
71 87
71 42
71 4
71 147
71 98
71 40
71 76
71 100
71 130
71 107
71 109
71 134
71 119
71 122
71 31
71 43
71 116
71 145
71 79
71 41
71 46
71 92
71 135
71 50
71 10
71 117
71 77
71 139
71 86
71 63
71 5
71 39
71 56
71 146
71 111
71 124
71 24
71 110
71 75
71 90
71 93
71 103
71 104
71 114
71 115
71 129
71 149
72 16
72 17
72 20
72 21
72 27
72 29
72 30
72 32
72 45
72 46
72 48
72 51
72 53
72 63
72 66
72 67
72 52
72 68
72 138
72 38
72 69
72 99
72 87
72 130
72 34
72 135
72 73
72 109
72 2
72 24
72 55
72 141
72 42
72 144
72 122
72 22
72 9
72 104
72 86
72 134
72 60
72 1
72 25
72 43
72 12
72 149
72 54
72 128
72 8
72 62
72 57
72 148
72 97
72 23
72 96
72 41
72 56
72 101
72 37
72 84
72 124
72 106
72 129
72 82
72 139
72 115
72 100
72 121
72 18
72 58
72 31
72 81
72 36
72 116
72 92
72 65
72 74
72 110
72 114
72 3
72 90
72 83
72 61
72 0
72 118
72 131
72 70
72 75
72 76
72 78
72 91
72 102
72 108
72 117
72 127
72 132
72 145
72 146
72 147
73 0
73 3
73 4
73 6
73 7
73 14
73 21
73 24
73 28
73 29
73 30
73 44
73 45
73 48
73 51
73 52
73 54
73 58
73 65
73 72
73 123
73 112
73 49
73 13
73 41
73 137
73 56
73 110
73 76
73 134
73 96
73 20
73 12
73 25
73 46
73 115
73 107
73 117
73 121
73 9
73 84
73 88
73 91
73 116
73 66
73 108
73 50
73 106
73 99
73 69
73 141
73 132
73 32
73 122
73 129
73 126
73 60
73 68
73 90
73 75
73 77
73 78
73 82
73 85
73 87
73 94
73 102
73 114
73 118
73 119
73 120
73 127
73 131
73 133
73 136
73 138
73 140
73 144
73 146
73 149
74 2
74 3
74 14
74 15
74 23
74 32
74 34
74 35
74 36
74 45
74 58
74 61
74 64
74 65
74 66
74 67
74 69
74 71
74 72
74 11
74 51
74 139
74 86
74 127
74 9
74 119
74 62
74 30
74 55
74 112
74 129
74 143
74 115
74 52
74 136
74 50
74 148
74 76
74 78
74 79
74 84
74 89
74 91
74 94
74 99
74 100
74 102
74 107
74 109
74 113
74 122
74 131
74 133
74 135
74 138
74 141
74 146
74 147
75 6
75 21
75 22
75 29
75 32
75 37
75 43
75 45
75 47
75 55
75 59
75 64
75 67
75 69
75 3
75 89
75 147
75 73
75 17
75 86
75 53
75 126
75 127
75 139
75 25
75 11
75 33
75 101
75 19
75 30
75 52
75 13
75 83
75 71
75 20
75 135
75 131
75 36
75 102
75 100
75 70
75 96
75 129
75 24
75 113
75 140
75 88
75 145
75 66
75 136
75 57
75 72
75 117
75 38
75 50
75 41
75 125
75 94
75 77
75 90
75 91
75 97
75 103
75 105
75 107
75 114
75 115
75 119
75 122
75 132
76 0
76 12
76 16
76 19
76 21
76 22
76 27
76 30
76 33
76 35
76 36
76 37
76 46
76 47
76 50
76 54
76 59
76 64
76 65
76 67
76 71
76 73
76 74
76 69
76 115
76 26
76 40
76 68
76 77
76 82
76 6
76 62
76 8
76 142
76 145
76 63
76 116
76 34
76 128
76 18
76 132
76 5
76 43
76 66
76 120
76 23
76 29
76 113
76 81
76 58
76 143
76 31
76 110
76 87
76 89
76 140
76 41
76 42
76 105
76 57
76 133
76 108
76 95
76 121
76 124
76 56
76 72
76 98
76 130
76 90
76 25
76 135
76 14
76 146
76 109
76 104
76 139
76 96
76 101
76 24
76 51
76 149
76 78
76 100
76 114
76 117
76 118
76 123
76 126
76 127
76 129
76 131
76 138
77 6
77 8
77 9
77 10
77 16
77 19
77 21
77 22
77 24
77 29
77 30
77 34
77 45
77 46
77 51
77 57
77 59
77 61
77 64
77 67
77 71
77 76
77 121
77 132
77 23
77 144
77 102
77 73
77 99
77 82
77 120
77 75
77 80
77 84
77 88
77 90
77 96
77 100
77 101
77 105
77 107
77 113
77 117
77 129
77 130
77 134
77 139
77 141
77 143
78 0
78 8
78 10
78 16
78 22
78 27
78 32
78 35
78 38
78 46
78 47
78 52
78 57
78 68
78 112
78 2
78 33
78 73
78 59
78 102
78 42
78 126
78 66
78 11
78 72
78 115
78 25
78 122
78 127
78 149
78 61
78 146
78 100
78 15
78 76
78 123
78 6
78 137
78 31
78 87
78 91
78 58
78 104
78 39
78 93
78 74
78 36
78 94
78 90
78 103
78 80
78 83
78 84
78 96
78 97
78 99
78 101
78 105
78 106
78 107
78 113
78 117
78 119
78 129
78 131
78 132
78 136
78 138
78 141
78 145
79 6
79 8
79 19
79 23
79 28
79 32
79 33
79 36
79 41
79 45
79 51
79 55
79 56
79 57
79 59
79 62
79 64
79 65
79 66
79 71
79 39
79 125
79 129
79 54
79 106
79 95
79 135
79 86
79 20
79 98
79 148
79 9
79 131
79 130
79 142
79 25
79 3
79 10
79 12
79 93
79 111
79 43
79 47
79 134
79 115
79 15
79 121
79 104
79 126
79 146
79 50
79 53
79 14
79 1
79 96
79 5
79 48
79 90
79 113
79 40
79 84
79 24
79 74
79 99
79 58
79 38
79 22
79 128
79 70
79 16
79 18
79 108
79 141
79 82
79 132
79 117
79 30
79 91
79 138
79 100
79 21
79 124
79 109
79 97
79 105
79 87
79 103
79 110
79 112
79 114
79 122
79 133
79 140
79 143
79 149
80 3
80 5
80 9
80 14
80 16
80 24
80 26
80 30
80 35
80 40
80 47
80 50
80 51
80 52
80 58
80 61
80 64
80 67
80 69
80 110
80 6
80 97
80 32
80 133
80 87
80 127
80 34
80 7
80 68
80 27
80 96
80 37
80 149
80 108
80 148
80 105
80 56
80 122
80 21
80 116
80 86
80 0
80 104
80 90
80 134
80 112
80 10
80 17
80 1
80 121
80 103
80 39
80 77
80 94
80 48
80 99
80 78
80 82
80 83
80 84
80 85
80 92
80 101
80 102
80 109
80 113
80 131
80 132
80 136
80 140
80 141
80 147
81 2
81 3
81 4
81 6
81 10
81 21
81 30
81 45
81 51
81 55
81 58
81 65
81 67
81 72
81 76
81 119
81 26
81 49
81 28
81 84
81 9
81 59
81 13
81 114
81 25
81 82
81 85
81 92
81 94
81 100
81 102
81 105
81 109
81 110
81 111
81 116
81 117
81 121
81 123
81 129
81 130
81 132
81 140
81 144
81 149
82 6
82 8
82 17
82 19
82 22
82 24
82 29
82 37
82 44
82 45
82 50
82 53
82 55
82 56
82 62
82 64
82 65
82 70
82 72
82 76
82 77
82 79
82 46
82 138
82 95
82 116
82 48
82 54
82 121
82 127
82 18
82 104
82 20
82 120
82 63
82 33
82 58
82 81
82 25
82 132
82 85
82 73
82 148
82 68
82 146
82 42
82 23
82 92
82 87
82 69
82 136
82 40
82 133
82 100
82 32
82 117
82 91
82 80
82 141
82 38
82 93
82 5
82 15
82 125
82 107
82 142
82 99
82 2
82 51
82 26
82 90
82 94
82 101
82 111
82 113
82 115
82 118
82 122
82 123
82 129
83 7
83 8
83 9
83 27
83 33
83 36
83 37
83 40
83 44
83 46
83 50
83 58
83 59
83 60
83 67
83 71
83 72
83 75
83 144
83 103
83 105
83 63
83 123
83 12
83 115
83 19
83 13
83 111
83 124
83 48
83 136
83 20
83 118
83 78
83 91
83 142
83 117
83 35
83 104
83 41
83 112
83 4
83 135
83 149
83 128
83 68
83 84
83 94
83 108
83 120
83 52
83 80
83 11
83 102
83 39
83 131
83 129
83 141
83 93
83 101
83 110
83 114
83 116
83 127
83 134
83 138
83 139
83 140
83 143
83 146
84 7
84 11
84 17
84 19
84 21
84 23
84 35
84 45
84 57
84 60
84 67
84 69
84 72
84 73
84 79
84 81
84 83
84 27
84 95
84 114
84 8
84 147
84 16
84 86
84 130
84 128
84 116
84 6
84 101
84 137
84 59
84 43
84 15
84 80
84 49
84 102
84 77
84 39
84 38
84 2
84 133
84 132
84 3
84 26
84 41
84 1
84 99
84 31
84 29
84 63
84 58
84 46
84 104
84 146
84 124
84 50
84 68
84 136
84 103
84 48
84 149
84 96
84 98
84 61
84 40
84 117
84 97
84 125
84 140
84 55
84 100
84 0
84 118
84 121
84 89
84 106
84 88
84 74
84 105
84 126
84 36
84 62
84 33
84 20
84 110
84 54
84 37
84 66
84 138
84 85
84 78
84 91
84 92
84 93
84 94
84 107
84 135
85 0
85 16
85 17
85 19
85 26
85 27
85 31
85 32
85 40
85 53
85 54
85 55
85 65
85 68
85 82
85 84
85 49
85 87
85 62
85 140
85 94
85 39
85 114
85 52
85 88
85 73
85 61
85 6
85 9
85 147
85 97
85 57
85 7
85 111
85 115
85 81
85 63
85 80
85 116
85 112
85 126
85 86
85 90
85 91
85 93
85 99
85 100
85 101
85 105
85 107
85 109
85 117
85 119
85 127
85 130
85 131
85 132
85 136
85 141
85 146
85 149
86 4
86 10
86 14
86 16
86 17
86 19
86 22
86 23
86 31
86 32
86 33
86 35
86 37
86 43
86 44
86 45
86 46
86 47
86 50
86 52
86 53
86 55
86 57
86 64
86 71
86 72
86 74
86 75
86 79
86 80
86 84
86 67
86 101
86 69
86 125
86 114
86 136
86 127
86 130
86 85
86 56
86 12
86 5
86 92
86 49
86 100
86 103
86 3
86 1
86 102
86 6
86 42
86 13
86 149
86 116
86 110
86 62
86 27
86 90
86 94
86 107
86 113
86 117
86 120
86 129
86 131
86 132
86 134
86 141
86 146
87 0
87 3
87 14
87 16
87 19
87 21
87 22
87 32
87 38
87 43
87 50
87 52
87 53
87 60
87 71
87 72
87 76
87 78
87 80
87 82
87 85
87 69
87 7
87 139
87 63
87 55
87 18
87 46
87 73
87 110
87 104
87 33
87 144
87 30
87 1
87 121
87 130
87 113
87 132
87 136
87 10
87 56
87 66
87 114
87 101
87 58
87 107
87 39
87 149
87 137
87 93
87 95
87 109
87 100
87 42
87 79
87 143
87 126
87 111
87 36
87 34
87 65
87 11
87 138
87 44
87 24
87 15
87 27
87 90
87 92
87 102
87 103
87 117
87 125
87 134
87 135
87 145
87 147
88 18
88 21
88 27
88 28
88 29
88 30
88 31
88 35
88 40
88 47
88 53
88 55
88 58
88 66
88 67
88 69
88 73
88 75
88 84
88 85
88 44
88 90
88 36
88 105
88 25
88 138
88 43
88 70
88 111
88 77
88 14
88 91
88 94
88 96
88 100
88 101
88 102
88 103
88 107
88 119
88 121
88 131
88 132
88 134
88 135
88 139
88 140
88 147
88 148
89 0
89 1
89 5
89 9
89 10
89 13
89 16
89 20
89 23
89 24
89 30
89 31
89 37
89 45
89 46
89 50
89 51
89 58
89 60
89 67
89 69
89 75
89 76
89 84
89 132
89 112
89 74
89 104
89 92
89 27
89 6
89 149
89 94
89 93
89 99
89 100
89 101
89 103
89 114
89 120
89 124
89 127
89 130
89 131
89 133
89 140
89 147
90 4
90 17
90 19
90 21
90 23
90 26
90 27
90 28
90 31
90 33
90 37
90 44
90 45
90 47
90 53
90 56
90 61
90 66
90 72
90 73
90 76
90 78
90 79
90 80
90 88
90 5
90 123
90 7
90 13
90 113
90 82
90 77
90 36
90 148
90 25
90 63
90 107
90 6
90 103
90 117
90 91
90 60
90 122
90 115
90 3
90 48
90 75
90 121
90 144
90 71
90 98
90 95
90 87
90 139
90 24
90 149
90 101
90 130
90 141
90 55
90 93
90 65
90 126
90 29
90 46
90 100
90 49
90 124
90 138
90 109
90 135
90 0
90 143
90 128
90 2
90 136
90 110
90 62
90 92
90 22
90 86
90 105
90 85
90 59
90 145
90 70
90 34
90 69
90 12
90 129
90 94
90 99
90 102
90 114
90 119
90 132
90 147
91 2
91 6
91 9
91 16
91 20
91 22
91 27
91 33
91 34
91 40
91 50
91 51
91 54
91 59
91 63
91 64
91 65
91 70
91 73
91 78
91 79
91 82
91 83
91 90
91 36
91 74
91 123
91 0
91 8
91 109
91 13
91 72
91 84
91 149
91 140
91 15
91 21
91 28
91 85
91 146
91 1
91 145
91 10
91 17
91 31
91 134
91 110
91 67
91 96
91 114
91 32
91 11
91 103
91 53
91 37
91 111
91 43
91 60
91 45
91 108
91 147
91 117
91 98
91 113
91 88
91 139
91 75
91 66
91 119
91 19
91 56
91 38
91 92
91 93
91 94
91 95
91 107
91 112
91 115
91 127
91 128
91 129
91 135
91 138
92 2
92 5
92 7
92 9
92 12
92 15
92 16
92 26
92 29
92 30
92 45
92 51
92 55
92 58
92 60
92 71
92 72
92 82
92 86
92 89
92 90
92 67
92 97
92 34
92 38
92 122
92 148
92 98
92 81
92 137
92 117
92 59
92 116
92 142
92 32
92 141
92 80
92 126
92 124
92 23
92 129
92 106
92 40
92 133
92 91
92 69
92 44
92 0
92 110
92 125
92 128
92 62
92 28
92 87
92 46
92 3
92 35
92 48
92 84
92 50
92 10
92 17
92 54
92 43
92 4
92 119
92 94
92 101
92 102
92 107
92 112
92 123
92 127
92 135
93 4
93 8
93 9
93 22
93 28
93 31
93 32
93 38
93 44
93 46
93 52
93 56
93 57
93 58
93 64
93 69
93 78
93 79
93 82
93 87
93 90
93 13
93 142
93 147
93 108
93 39
93 116
93 112
93 66
93 132
93 85
93 121
93 54
93 30
93 110
93 41
93 91
93 61
93 137
93 141
93 60
93 42
93 83
93 25
93 23
93 115
93 145
93 89
93 12
93 70
93 59
93 103
93 18
93 36
93 27
93 84
93 71
93 96
93 101
93 102
93 107
93 117
93 118
93 119
93 120
93 122
93 124
93 131
94 3
94 7
94 8
94 12
94 15
94 16
94 21
94 24
94 28
94 29
94 30
94 36
94 45
94 50
94 54
94 60
94 64
94 65
94 66
94 67
94 68
94 69
94 75
94 78
94 80
94 83
94 85
94 89
94 43
94 4
94 73
94 2
94 6
94 38
94 139
94 61
94 84
94 91
94 20
94 49
94 37
94 146
94 90
94 101
94 116
94 102
94 18
94 107
94 131
94 95
94 144
94 74
94 42
94 134
94 82
94 81
94 58
94 52
94 13
94 86
94 128
94 126
94 11
94 17
94 129
94 22
94 88
94 39
94 143
94 56
94 92
94 55
94 97
94 100
94 103
94 104
94 110
94 113
94 115
94 118
94 120
94 121
94 124
94 125
94 135
94 138
94 141
94 145
94 147
95 3
95 7
95 12
95 21
95 22
95 26
95 28
95 39
95 45
95 50
95 54
95 58
95 66
95 67
95 76
95 79
95 82
95 84
95 87
95 90
95 94
95 1
95 91
95 136
95 43
95 11
95 13
95 4
95 27
95 61
95 25
95 14
95 140
95 131
95 24
95 49
95 100
95 101
95 102
95 104
95 109
95 110
95 120
95 127
95 129
95 132
95 133
95 137
95 149
96 3
96 6
96 10
96 12
96 16
96 17
96 22
96 23
96 30
96 35
96 39
96 44
96 50
96 51
96 53
96 54
96 55
96 56
96 66
96 72
96 73
96 75
96 76
96 79
96 80
96 84
96 91
96 57
96 107
96 117
96 32
96 123
96 77
96 8
96 97
96 104
96 122
96 29
96 78
96 103
96 141
96 109
96 63
96 93
96 4
96 101
96 134
96 88
96 20
96 40
96 21
96 132
96 125
96 105
96 110
96 113
96 116
96 118
96 119
96 127
96 131
96 135
96 136
97 9
97 11
97 14
97 19
97 22
97 37
97 45
97 46
97 47
97 51
97 55
97 56
97 59
97 65
97 67
97 72
97 79
97 80
97 84
97 85
97 92
97 96
97 2
97 94
97 57
97 131
97 75
97 6
97 111
97 1
97 32
97 49
97 18
97 114
97 5
97 66
97 31
97 64
97 60
97 62
97 53
97 17
97 39
97 98
97 26
97 34
97 70
97 110
97 102
97 118
97 12
97 8
97 78
97 132
97 101
97 103
97 105
97 107
97 108
97 109
97 113
97 120
97 123
97 124
97 125
97 127
97 130
97 133
97 137
97 138
97 148
98 2
98 8
98 11
98 16
98 17
98 19
98 21
98 22
98 24
98 28
98 30
98 32
98 36
98 37
98 44
98 45
98 47
98 51
98 52
98 60
98 64
98 67
98 71
98 76
98 79
98 84
98 90
98 91
98 92
98 97
98 122
98 107
98 38
98 100
98 101
98 103
98 105
98 113
98 114
98 117
98 126
98 131
98 132
98 136
98 138
99 3
99 4
99 8
99 10
99 16
99 26
99 28
99 33
99 37
99 46
99 48
99 49
99 51
99 57
99 63
99 65
99 66
99 72
99 73
99 77
99 79
99 80
99 82
99 84
99 20
99 140
99 24
99 112
99 133
99 142
99 64
99 47
99 42
99 52
99 23
99 132
99 14
99 111
99 130
99 115
99 58
99 70
99 126
99 85
99 56
99 44
99 78
99 128
99 59
99 74
99 38
99 110
99 121
99 61
99 50
99 89
99 19
99 9
99 36
99 55
99 13
99 27
99 90
99 15
99 103
99 100
99 101
99 106
99 107
99 113
99 118
99 119
99 122
99 129
99 134
99 136
99 143
99 147
99 149
100 12
100 21
100 26
100 30
100 32
100 42
100 44
100 45
100 46
100 55
100 57
100 61
100 63
100 66
100 67
100 71
100 72
100 75
100 78
100 79
100 82
100 84
100 86
100 87
100 90
100 107
100 101
100 99
100 94
100 105
100 3
100 117
100 125
100 120
100 133
100 116
100 74
100 62
100 119
100 136
100 121
100 48
100 137
100 138
100 142
100 109
100 98
100 104
100 34
100 56
100 41
100 22
100 128
100 77
100 31
100 11
100 85
100 69
100 5
100 25
100 110
100 112
100 24
100 95
100 122
100 149
100 131
100 23
100 2
100 103
100 38
100 118
100 144
100 52
100 76
100 49
100 88
100 143
100 47
100 6
100 114
100 13
100 81
100 20
100 89
100 36
100 40
100 145
100 37
100 39
100 70
100 139
100 146
100 141
100 113
100 115
100 127
100 132
100 147
101 3
101 4
101 9
101 17
101 19
101 29
101 31
101 33
101 34
101 35
101 39
101 41
101 43
101 47
101 51
101 55
101 67
101 70
101 71
101 72
101 75
101 76
101 84
101 86
101 87
101 90
101 94
101 96
101 100
101 103
101 149
101 63
101 28
101 147
101 134
101 145
101 116
101 62
101 93
101 6
101 97
101 95
101 37
101 0
101 126
101 68
101 32
101 113
101 123
101 121
101 15
101 99
101 120
101 54
101 89
101 58
101 25
101 12
101 13
101 38
101 132
101 77
101 78
101 16
101 26
101 11
101 22
101 53
101 82
101 109
101 36
101 66
101 80
101 92
101 143
101 46
101 57
101 88
101 18
101 83
101 107
101 40
101 8
101 98
101 128
101 137
101 30
101 85
101 50
101 69
101 106
101 112
101 115
101 117
101 119
101 135
101 136
101 146
102 6
102 7
102 9
102 10
102 14
102 17
102 22
102 30
102 32
102 33
102 36
102 44
102 46
102 50
102 51
102 54
102 55
102 58
102 59
102 67
102 68
102 71
102 75
102 77
102 78
102 83
102 84
102 86
102 94
102 97
102 12
102 80
102 13
102 104
102 108
102 92
102 39
102 130
102 123
102 23
102 21
102 121
102 139
102 35
102 87
102 129
102 114
102 69
102 125
102 65
102 18
102 57
102 137
102 143
102 45
102 124
102 8
102 66
102 141
102 70
102 110
102 47
102 52
102 3
102 25
102 119
102 133
102 117
102 26
102 128
102 81
102 73
102 93
102 88
102 90
102 136
102 28
102 149
102 74
102 42
102 16
102 2
102 72
102 20
102 38
102 147
102 95
102 103
102 106
102 115
102 132
103 22
103 28
103 29
103 43
103 44
103 47
103 54
103 60
103 66
103 69
103 78
103 80
103 83
103 84
103 86
103 90
103 91
103 93
103 96
103 99
103 100
103 101
103 1
103 112
103 140
103 130
103 141
103 106
103 24
103 50
103 134
103 148
103 147
103 133
103 122
103 33
103 42
103 51
103 109
103 16
103 4
103 8
103 63
103 88
103 34
103 135
103 79
103 98
103 107
103 53
103 15
103 120
103 39
103 70
103 61
103 102
103 21
103 89
103 65
103 115
103 35
103 62
103 64
103 25
103 20
103 0
103 41
103 97
103 13
103 56
103 143
103 17
103 71
103 138
103 111
103 40
103 10
103 75
103 116
103 23
103 127
103 87
103 48
103 149
103 144
103 131
103 9
103 68
103 5
103 94
103 119
103 105
103 113
103 132
103 136
103 137
103 139
104 3
104 4
104 7
104 11
104 14
104 19
104 22
104 24
104 28
104 31
104 35
104 37
104 46
104 56
104 59
104 63
104 65
104 72
104 76
104 78
104 79
104 80
104 82
104 83
104 84
104 87
104 89
104 96
104 100
104 102
104 15
104 134
104 57
104 71
104 107
104 26
104 94
104 110
104 0
104 20
104 143
104 52
104 141
104 29
104 66
104 106
104 95
104 148
104 109
104 115
104 132
104 133
104 138
104 139
104 147
105 2
105 8
105 10
105 11
105 12
105 14
105 16
105 23
105 31
105 32
105 37
105 39
105 46
105 50
105 53
105 60
105 62
105 64
105 65
105 67
105 76
105 79
105 80
105 83
105 84
105 88
105 90
105 100
105 3
105 78
105 103
105 1
105 70
105 141
105 75
105 61
105 7
105 19
105 126
105 146
105 36
105 69
105 30
105 112
105 122
105 81
105 142
105 139
105 28
105 56
105 21
105 120
105 35
105 138
105 144
105 97
105 115
105 125
105 96
105 85
105 51
105 77
105 143
105 133
105 13
105 98
105 25
105 48
105 54
105 109
105 113
105 117
105 119
105 131
105 132
105 136
106 8
106 16
106 17
106 18
106 19
106 21
106 22
106 24
106 26
106 28
106 29
106 30
106 31
106 36
106 44
106 45
106 46
106 51
106 53
106 58
106 60
106 61
106 64
106 66
106 69
106 72
106 73
106 79
106 84
106 92
106 103
106 104
106 35
106 116
106 99
106 37
106 78
106 102
106 146
106 113
106 1
106 5
106 122
106 49
106 68
106 43
106 142
106 47
106 130
106 108
106 101
106 55
106 114
106 115
106 118
106 120
106 121
106 127
106 128
106 131
106 132
106 134
106 140
106 149
107 3
107 6
107 17
107 21
107 24
107 30
107 31
107 32
107 38
107 45
107 46
107 47
107 54
107 57
107 61
107 66
107 71
107 73
107 82
107 87
107 90
107 94
107 96
107 98
107 100
107 101
107 103
107 104
107 26
107 58
107 85
107 13
107 10
107 121
107 146
107 28
107 108
107 12
107 84
107 67
107 68
107 114
107 91
107 88
107 93
107 112
107 136
107 99
107 147
107 137
107 86
107 5
107 70
107 110
107 129
107 14
107 132
107 22
107 145
107 53
107 0
107 16
107 34
107 123
107 144
107 50
107 134
107 92
107 59
107 25
107 55
107 130
107 149
107 135
107 9
107 37
107 48
107 120
107 78
107 35
107 51
107 27
107 11
107 40
107 115
107 116
107 75
107 124
107 42
107 97
107 19
107 43
107 111
107 131
107 77
107 138
107 117
107 118
107 74
107 56
107 122
107 143
107 148
108 2
108 3
108 6
108 8
108 9
108 10
108 13
108 14
108 16
108 19
108 21
108 26
108 27
108 28
108 29
108 31
108 35
108 36
108 38
108 53
108 54
108 60
108 62
108 69
108 73
108 76
108 79
108 80
108 83
108 91
108 93
108 102
108 106
108 107
108 56
108 55
108 97
108 117
108 118
108 121
108 44
108 51
108 147
108 72
108 114
108 119
108 123
108 127
108 133
108 137
108 138
109 3
109 9
109 14
109 16
109 22
109 23
109 27
109 28
109 30
109 32
109 35
109 36
109 45
109 52
109 53
109 55
109 57
109 61
109 67
109 69
109 70
109 71
109 72
109 76
109 79
109 87
109 90
109 91
109 96
109 100
109 101
109 103
109 80
109 123
109 104
109 81
109 114
109 4
109 51
109 120
109 65
109 95
109 118
109 128
109 29
109 112
109 44
109 46
109 146
109 105
109 1
109 74
109 8
109 59
109 148
109 56
109 97
109 144
109 124
109 141
109 85
109 135
109 34
109 140
109 134
109 117
109 110
109 115
109 122
109 125
109 127
109 130
109 132
109 136
109 137
109 147
110 2
110 3
110 8
110 10
110 16
110 17
110 20
110 21
110 28
110 31
110 34
110 35
110 38
110 40
110 43
110 44
110 47
110 65
110 66
110 71
110 72
110 73
110 76
110 80
110 84
110 86
110 87
110 90
110 91
110 92
110 93
110 97
110 99
110 100
110 102
110 104
110 107
110 37
110 132
110 14
110 19
110 136
110 18
110 36
110 95
110 134
110 41
110 15
110 123
110 127
110 6
110 149
110 23
110 94
110 148
110 138
110 125
110 70
110 24
110 59
110 144
110 83
110 64
110 13
110 57
110 63
110 96
110 147
110 25
110 52
110 109
110 145
110 118
110 4
110 69
110 137
110 9
110 26
110 79
110 5
110 30
110 60
110 81
110 129
110 58
110 62
110 111
110 27
110 39
110 33
110 139
110 48
110 124
110 114
110 115
110 117
110 120
110 122
110 131
110 135
110 143
111 0
111 3
111 6
111 8
111 12
111 15
111 16
111 21
111 22
111 27
111 28
111 30
111 32
111 35
111 36
111 44
111 48
111 50
111 53
111 54
111 55
111 56
111 65
111 66
111 67
111 71
111 79
111 83
111 85
111 87
111 88
111 91
111 97
111 99
111 103
111 107
111 110
111 62
111 57
111 114
111 138
111 24
111 23
111 31
111 39
111 82
111 81
111 129
111 112
111 113
111 115
111 116
111 117
111 118
111 119
111 123
111 127
111 128
111 132
111 134
111 135
112 3
112 6
112 17
112 18
112 21
112 26
112 30
112 31
112 33
112 35
112 46
112 53
112 73
112 74
112 78
112 80
112 83
112 85
112 89
112 93
112 99
112 100
112 103
112 105
112 107
112 109
112 49
112 120
112 29
112 70
112 119
112 117
112 25
112 147
112 111
112 56
112 116
112 11
112 79
112 48
112 91
112 27
112 140
112 101
112 136
112 12
112 36
112 130
112 68
112 2
112 64
112 148
112 39
112 144
112 133
112 42
112 4
112 92
112 50
112 143
112 125
112 131
112 113
112 114
112 122
112 126
112 129
112 132
112 134
112 135
112 138
112 141
112 149
113 0
113 3
113 10
113 14
113 15
113 16
113 18
113 26
113 28
113 37
113 40
113 44
113 45
113 46
113 47
113 52
113 55
113 56
113 59
113 60
113 61
113 64
113 67
113 71
113 75
113 76
113 79
113 87
113 90
113 91
113 101
113 106
113 117
113 77
113 57
113 62
113 82
113 86
113 27
113 38
113 114
113 80
113 74
113 120
113 144
113 145
113 78
113 99
113 43
113 69
113 97
113 103
113 115
113 31
113 49
113 23
113 22
113 142
113 116
113 35
113 13
113 41
113 4
113 149
113 48
113 58
113 30
113 96
113 112
113 136
113 98
113 143
113 5
113 66
113 53
113 141
113 140
113 94
113 111
113 63
113 105
113 33
113 54
113 125
113 100
113 121
113 17
113 119
113 124
113 126
113 127
113 129
113 132
113 135
113 137
114 7
114 8
114 11
114 14
114 15
114 16
114 19
114 22
114 32
114 33
114 37
114 44
114 55
114 58
114 60
114 63
114 64
114 72
114 81
114 84
114 85
114 86
114 87
114 91
114 97
114 100
114 102
114 107
114 109
114 111
114 113
114 34
114 41
114 108
114 12
114 112
114 51
114 3
114 83
114 140
114 122
114 66
114 121
114 18
114 49
114 118
114 13
114 90
114 70
114 127
114 57
114 2
114 6
114 133
114 27
114 48
114 45
114 128
114 65
114 129
114 79
114 130
114 47
114 67
114 147
114 75
114 71
114 110
114 126
114 4
114 136
114 21
114 138
114 145
114 31
114 73
114 89
114 68
114 76
114 53
114 106
114 124
114 98
114 116
114 23
114 43
114 0
114 120
114 29
114 10
114 40
114 117
114 30
114 115
114 17
114 131
114 119
114 123
114 134
114 135
114 139
114 143
115 6
115 7
115 9
115 12
115 16
115 18
115 19
115 22
115 23
115 26
115 28
115 30
115 31
115 33
115 43
115 45
115 47
115 48
115 50
115 58
115 59
115 67
115 72
115 73
115 74
115 76
115 78
115 79
115 83
115 85
115 90
115 93
115 99
115 103
115 105
115 107
115 113
115 114
115 106
115 34
115 32
115 94
115 139
115 71
115 82
115 54
115 122
115 66
115 110
115 10
115 4
115 109
115 101
115 35
115 91
115 20
115 102
115 119
115 134
115 138
115 143
115 24
115 111
115 126
115 132
115 125
115 142
115 100
115 121
115 137
115 65
115 104
115 135
115 61
115 140
115 117
115 63
115 146
115 69
115 147
115 42
115 120
115 57
115 21
115 3
115 46
115 40
115 75
115 116
115 124
115 127
115 129
115 133
115 136
115 141
115 148
116 7
116 10
116 14
116 16
116 19
116 21
116 22
116 24
116 25
116 27
116 29
116 32
116 37
116 39
116 43
116 46
116 47
116 50
116 53
116 55
116 56
116 57
116 58
116 59
116 61
116 64
116 65
116 71
116 72
116 73
116 76
116 80
116 82
116 84
116 85
116 86
116 92
116 93
116 94
116 100
116 101
116 103
116 106
116 107
116 112
116 113
116 114
116 125
116 129
116 63
116 42
116 13
116 133
116 12
116 3
116 139
116 115
116 18
116 51
116 145
116 111
116 122
116 49
116 31
116 134
116 83
116 4
116 118
116 96
116 41
116 68
116 1
116 81
116 119
116 130
116 131
116 132
116 138
116 148
117 3
117 14
117 15
117 17
117 21
117 22
117 24
117 27
117 28
117 29
117 30
117 31
117 40
117 46
117 47
117 48
117 51
117 53
117 55
117 66
117 67
117 68
117 70
117 71
117 73
117 75
117 79
117 82
117 83
117 84
117 90
117 91
117 92
117 96
117 100
117 102
117 107
117 108
117 109
117 112
117 113
117 114
117 115
117 146
117 69
117 13
117 119
117 41
117 56
117 105
117 98
117 49
117 59
117 77
117 6
117 145
117 61
117 101
117 0
117 149
117 142
117 110
117 132
117 10
117 19
117 18
117 60
117 76
117 20
117 120
117 141
117 9
117 7
117 54
117 32
117 86
117 78
117 87
117 125
117 148
117 58
117 72
117 129
117 133
117 52
117 135
117 147
117 144
117 5
117 36
117 35
117 111
117 34
117 137
117 139
117 50
117 16
117 64
117 25
117 2
117 38
117 85
117 131
117 44
117 39
117 118
117 138
117 8
117 81
117 121
117 143
117 65
117 23
117 12
117 130
117 93
117 11
117 122
117 124
117 134
118 3
118 10
118 14
118 22
118 30
118 33
118 34
118 35
118 36
118 37
118 51
118 55
118 58
118 59
118 60
118 61
118 67
118 69
118 72
118 83
118 84
118 97
118 100
118 107
118 108
118 109
118 110
118 114
118 116
118 117
118 73
118 82
118 50
118 16
118 68
118 76
118 106
118 54
118 96
118 94
118 111
118 132
118 0
118 141
118 32
118 43
118 70
118 93
118 5
118 99
118 2
118 134
118 146
118 122
118 140
118 6
118 119
118 26
118 28
118 13
118 125
118 129
118 133
118 136
118 138
118 139
118 143
118 147
118 149
119 3
119 4
119 5
119 6
119 12
119 19
119 21
119 28
119 29
119 30
119 32
119 39
119 43
119 51
119 52
119 57
119 59
119 63
119 71
119 74
119 81
119 91
119 92
119 100
119 102
119 103
119 112
119 115
119 117
119 118
119 20
119 34
119 90
119 78
119 99
119 44
119 129
119 54
119 105
119 31
119 123
119 85
119 65
119 10
119 132
119 111
119 147
119 146
119 16
119 108
119 27
119 143
119 113
119 148
119 45
119 56
119 17
119 15
119 73
119 120
119 75
119 145
119 96
119 131
119 93
119 116
119 141
119 47
119 61
119 124
119 140
119 53
119 114
119 68
119 125
119 37
119 58
119 7
119 133
119 25
119 46
119 62
119 36
119 8
119 135
119 11
119 70
119 101
119 24
119 2
119 122
119 14
119 88
119 127
119 42
119 134
119 136
119 138
119 139
120 2
120 3
120 5
120 6
120 13
120 14
120 17
120 19
120 23
120 31
120 33
120 37
120 46
120 51
120 53
120 58
120 60
120 66
120 67
120 76
120 77
120 82
120 83
120 100
120 101
120 103
120 105
120 107
120 109
120 112
120 113
120 114
120 115
120 117
120 119
120 97
120 147
120 126
120 49
120 55
120 15
120 131
120 124
120 94
120 135
120 106
120 110
120 93
120 123
120 141
120 73
120 128
120 11
120 95
120 89
120 65
120 142
120 143
120 86
120 45
120 121
120 127
120 129
120 136
120 146
121 3
121 6
121 14
121 16
121 17
121 18
121 20
121 24
121 31
121 33
121 37
121 45
121 46
121 52
121 55
121 58
121 60
121 61
121 64
121 67
121 68
121 72
121 73
121 76
121 77
121 79
121 80
121 82
121 84
121 87
121 90
121 93
121 99
121 100
121 101
121 102
121 107
121 108
121 113
121 114
121 115
121 117
121 56
121 137
121 41
121 70
121 94
121 106
121 88
121 81
121 140
121 120
121 122
121 26
121 131
121 135
121 136
121 146
121 149
122 3
122 4
122 10
122 15
122 16
122 19
122 21
122 22
122 33
122 34
122 35
122 36
122 40
122 45
122 46
122 52
122 53
122 55
122 57
122 58
122 64
122 65
122 66
122 67
122 71
122 72
122 73
122 78
122 80
122 90
122 92
122 96
122 98
122 100
122 103
122 105
122 106
122 114
122 115
122 116
122 118
122 119
122 121
122 79
122 18
122 144
122 99
122 27
122 133
122 9
122 74
122 142
122 143
122 44
122 140
122 14
122 82
122 13
122 107
122 28
122 112
122 109
122 93
122 117
122 110
122 139
122 75
122 11
122 149
122 123
122 126
122 132
122 134
122 135
122 136
123 7
123 10
123 11
123 26
123 28
123 36
123 44
123 45
123 52
123 57
123 58
123 65
123 70
123 73
123 78
123 83
123 90
123 91
123 96
123 101
123 102
123 107
123 109
123 110
123 119
123 120
123 114
123 66
123 147
123 108
123 124
123 97
123 31
123 67
123 76
123 64
123 92
123 49
123 61
123 15
123 135
123 32
123 41
123 138
123 62
123 1
123 38
123 2
123 9
123 82
123 63
123 81
123 122
123 30
123 55
123 43
123 125
123 14
123 111
123 25
123 131
123 136
123 140
123 141
123 149
124 4
124 6
124 11
124 14
124 16
124 21
124 22
124 24
124 26
124 29
124 34
124 38
124 53
124 55
124 59
124 69
124 70
124 71
124 72
124 76
124 79
124 83
124 84
124 90
124 92
124 102
124 107
124 109
124 110
124 114
124 119
124 120
124 123
124 10
124 93
124 62
124 20
124 115
124 49
124 97
124 57
124 33
124 144
124 143
124 28
124 2
124 94
124 117
124 27
124 45
124 68
124 41
124 89
124 5
124 136
124 147
124 7
124 146
124 67
124 133
124 19
124 138
124 0
124 113
124 25
124 44
124 37
124 128
124 129
124 130
124 131
124 135
124 142
125 2
125 7
125 9
125 10
125 14
125 15
125 19
125 21
125 22
125 26
125 30
125 33
125 34
125 43
125 53
125 59
125 61
125 62
125 63
125 64
125 75
125 79
125 82
125 84
125 86
125 92
125 96
125 100
125 102
125 105
125 110
125 112
125 113
125 115
125 116
125 117
125 119
125 123
125 20
125 109
125 87
125 40
125 41
125 135
125 58
125 118
125 6
125 97
125 57
125 143
125 65
125 94
125 66
125 134
125 37
125 127
125 132
126 6
126 14
126 17
126 22
126 28
126 31
126 33
126 37
126 51
126 55
126 56
126 67
126 73
126 75
126 78
126 79
126 84
126 85
126 87
126 90
126 92
126 94
126 99
126 101
126 105
126 114
126 115
126 120
126 112
126 76
126 136
126 11
126 122
126 65
126 98
126 7
126 113
126 5
126 58
126 129
126 130
126 132
126 134
126 138
126 140
126 143
126 149
127 9
127 17
127 19
127 26
127 31
127 33
127 35
127 36
127 39
127 44
127 46
127 47
127 51
127 55
127 56
127 60
127 64
127 67
127 69
127 74
127 75
127 78
127 80
127 82
127 86
127 103
127 110
127 114
127 119
127 22
127 49
127 73
127 91
127 57
127 61
127 139
127 23
127 25
127 16
127 111
127 27
127 41
127 97
127 76
127 72
127 7
127 45
127 43
127 100
127 125
127 4
127 96
127 132
127 85
127 92
127 70
127 109
127 13
127 135
127 147
127 141
127 143
127 115
127 62
127 89
127 95
127 120
127 129
127 134
127 130
127 108
127 83
127 106
127 24
127 113
127 63
127 131
127 136
127 138
127 140
127 148
127 149
128 8
128 9
128 17
128 21
128 22
128 29
128 32
128 37
128 38
128 40
128 51
128 52
128 53
128 54
128 60
128 67
128 72
128 76
128 79
128 83
128 84
128 90
128 92
128 94
128 99
128 100
128 101
128 102
128 109
128 114
128 120
128 26
128 63
128 124
128 91
128 111
128 57
128 106
128 131
128 132
128 134
128 137
128 138
128 143
128 144
129 4
129 17
129 19
129 22
129 23
129 28
129 36
129 45
129 46
129 47
129 53
129 58
129 59
129 60
129 64
129 67
129 69
129 72
129 73
129 74
129 75
129 79
129 83
129 90
129 92
129 94
129 102
129 107
129 110
129 111
129 114
129 116
129 117
129 119
129 127
129 124
129 39
129 7
129 120
129 82
129 52
129 2
129 78
129 32
129 71
129 8
129 76
129 126
129 133
129 140
129 99
129 81
129 10
129 135
129 86
129 18
129 112
129 1
129 118
129 136
129 77
129 61
129 43
129 14
129 131
129 113
129 132
129 115
129 66
129 95
129 65
129 48
129 91
129 50
129 34
129 147
129 145
129 146
130 2
130 8
130 10
130 11
130 14
130 15
130 16
130 19
130 20
130 21
130 22
130 28
130 30
130 33
130 40
130 43
130 44
130 46
130 51
130 59
130 60
130 61
130 64
130 65
130 67
130 69
130 71
130 72
130 76
130 79
130 84
130 86
130 87
130 90
130 99
130 102
130 103
130 106
130 107
130 112
130 114
130 117
130 127
130 89
130 124
130 134
130 85
130 97
130 29
130 0
130 81
130 77
130 116
130 126
130 147
130 18
130 109
130 131
130 135
130 138
130 140
130 143
130 146
131 3
131 4
131 6
131 9
131 12
131 28
131 34
131 43
131 45
131 47
131 50
131 52
131 53
131 54
131 57
131 62
131 67
131 69
131 72
131 75
131 79
131 83
131 94
131 95
131 97
131 100
131 103
131 107
131 112
131 114
131 117
131 119
131 120
131 129
131 41
131 89
131 98
131 56
131 7
131 13
131 128
131 30
131 123
131 135
131 25
131 59
131 105
131 121
131 110
131 88
131 55
131 8
131 80
131 132
131 2
131 15
131 49
131 65
131 1
131 40
131 130
131 66
131 73
131 149
131 96
131 44
131 86
131 93
131 14
131 70
131 36
131 31
131 148
131 60
131 74
131 78
131 18
131 27
131 21
131 76
131 147
131 39
131 106
131 127
131 24
131 29
131 42
131 63
131 138
131 116
131 35
131 140
131 85
131 37
131 124
131 0
131 10
131 61
131 134
131 136
131 141
132 10
132 16
132 21
132 28
132 29
132 32
132 34
132 45
132 46
132 47
132 50
132 51
132 52
132 53
132 64
132 66
132 69
132 73
132 76
132 77
132 79
132 82
132 84
132 87
132 89
132 93
132 96
132 97
132 99
132 101
132 107
132 110
132 115
132 117
132 118
132 119
132 127
132 129
132 131
132 137
132 80
132 106
132 102
132 141
132 68
132 133
132 67
132 148
132 65
132 116
132 85
132 112
132 111
132 86
132 49
132 59
132 25
132 75
132 88
132 17
132 98
132 3
132 122
132 42
132 104
132 125
132 109
132 37
132 100
132 14
132 22
132 139
132 113
132 105
132 144
132 81
132 39
132 134
132 9
132 135
132 5
132 55
132 72
132 90
132 35
132 54
132 20
132 58
132 103
132 11
132 149
132 126
132 78
132 40
132 6
132 24
132 128
132 145
132 57
132 26
132 23
132 95
132 60
132 143
133 14
133 16
133 20
133 21
133 22
133 27
133 32
133 33
133 34
133 38
133 46
133 51
133 52
133 55
133 57
133 59
133 60
133 61
133 62
133 65
133 67
133 69
133 70
133 71
133 76
133 80
133 82
133 84
133 92
133 99
133 100
133 102
133 103
133 105
133 112
133 114
133 116
133 117
133 119
133 122
133 124
133 129
133 132
133 97
133 45
133 115
133 73
133 74
133 108
133 63
133 118
133 30
133 79
133 95
133 140
133 42
133 66
133 11
133 104
133 89
133 49
133 50
133 9
133 134
133 136
133 137
133 138
133 139
133 146
134 0
134 12
134 16
134 17
134 21
134 22
134 33
134 36
134 44
134 46
134 47
134 49
134 50
134 51
134 53
134 62
134 63
134 71
134 72
134 73
134 79
134 80
134 91
134 94
134 96
134 101
134 103
134 104
134 107
134 109
134 110
134 115
134 116
134 118
134 125
134 127
134 130
134 132
134 126
134 65
134 23
134 128
134 34
134 144
134 38
134 135
134 59
134 13
134 52
134 58
134 99
134 137
134 138
134 4
134 42
134 60
134 122
134 15
134 140
134 67
134 136
134 35
134 83
134 69
134 1
134 31
134 3
134 86
134 77
134 30
134 43
134 55
134 106
134 133
134 54
134 119
134 68
134 10
134 131
134 41
134 117
134 111
134 112
134 114
134 64
134 149
134 88
134 87
135 3
135 12
135 18
135 19
135 21
135 22
135 26
135 28
135 32
135 34
135 38
135 45
135 51
135 54
135 59
135 67
135 69
135 71
135 72
135 75
135 76
135 79
135 83
135 90
135 103
135 107
135 109
135 115
135 117
135 119
135 120
135 123
135 125
135 127
135 129
135 131
135 132
135 134
135 9
135 16
135 91
135 63
135 49
135 112
135 114
135 61
135 33
135 8
135 144
135 10
135 121
135 25
135 68
135 35
135 88
135 66
135 101
135 42
135 111
135 113
135 124
135 138
135 130
135 96
135 149
135 136
135 84
135 92
135 2
135 40
135 122
135 110
135 87
135 74
135 6
135 139
135 94
135 140
135 70
135 47
135 52
135 137
135 146
136 4
136 7
136 8
136 9
136 11
136 14
136 19
136 24
136 29
136 32
136 33
136 35
136 38
136 40
136 45
136 46
136 55
136 60
136 61
136 66
136 67
136 74
136 75
136 82
136 83
136 84
136 86
136 87
136 90
136 95
136 100
136 102
136 107
136 110
136 112
136 113
136 114
136 124
136 126
136 129
136 134
136 135
136 18
136 22
136 123
136 115
136 139
136 118
136 28
136 96
136 144
136 62
136 99
136 1
136 131
136 6
136 138
136 101
136 121
136 13
136 26
136 54
136 127
136 85
136 65
136 15
136 73
136 120
136 133
136 80
136 103
136 21
136 105
136 78
136 41
136 52
136 109
136 57
136 119
136 148
136 98
136 3
136 122
136 5
136 51
136 50
136 17
136 64
136 12
136 145
136 146
136 147
137 1
137 2
137 8
137 9
137 16
137 22
137 26
137 28
137 31
137 33
137 37
137 44
137 51
137 52
137 55
137 58
137 64
137 66
137 73
137 78
137 84
137 87
137 92
137 93
137 100
137 101
137 102
137 107
137 110
137 115
137 117
137 121
137 132
137 134
137 142
137 113
137 65
137 97
137 103
137 70
137 5
137 133
137 95
137 128
137 108
137 135
137 109
137 140
137 149
138 1
138 2
138 3
138 6
138 19
138 21
138 28
138 30
138 32
138 34
138 36
138 37
138 45
138 46
138 51
138 52
138 53
138 64
138 67
138 72
138 79
138 82
138 84
138 87
138 88
138 90
138 100
138 103
138 105
138 107
138 110
138 111
138 114
138 115
138 117
138 123
138 124
138 131
138 134
138 135
138 136
138 61
138 126
138 73
138 118
138 74
138 15
138 91
138 55
138 141
138 128
138 147
138 4
138 70
138 98
138 14
138 63
138 127
138 76
138 39
138 104
138 78
138 9
138 47
138 97
138 5
138 83
138 38
138 142
138 43
138 94
138 130
138 116
138 149
138 0
138 27
138 66
138 133
138 108
138 112
138 31
138 7
138 35
138 119
138 139
138 146
139 3
139 4
139 12
139 16
139 21
139 25
139 29
139 30
139 33
139 34
139 36
139 54
139 56
139 59
139 61
139 62
139 65
139 71
139 72
139 74
139 75
139 76
139 87
139 90
139 91
139 94
139 100
139 102
139 105
139 110
139 115
139 116
139 117
139 122
139 127
139 132
139 135
139 136
139 55
139 77
139 51
139 88
139 119
139 133
139 103
139 145
139 104
139 114
139 83
139 57
139 118
139 7
139 147
139 69
139 138
139 2
139 141
139 149
140 4
140 8
140 10
140 14
140 15
140 18
140 19
140 22
140 27
140 28
140 30
140 31
140 34
140 37
140 38
140 40
140 45
140 46
140 55
140 60
140 75
140 76
140 84
140 85
140 91
140 95
140 99
140 103
140 109
140 112
140 113
140 114
140 115
140 118
140 119
140 121
140 122
140 129
140 131
140 133
140 134
140 135
140 24
140 23
140 127
140 130
140 47
140 81
140 9
140 123
140 49
140 44
140 88
140 50
140 54
140 53
140 2
140 6
140 137
140 73
140 41
140 106
140 145
140 42
140 83
140 126
140 89
140 80
140 79
140 65
140 141
140 148
141 2
141 3
141 4
141 8
141 10
141 14
141 16
141 19
141 20
141 21
141 24
141 26
141 32
141 33
141 34
141 46
141 53
141 55
141 60
141 61
141 65
141 72
141 73
141 79
141 82
141 83
141 90
141 92
141 93
141 96
141 100
141 102
141 103
141 104
141 105
141 109
141 113
141 117
141 118
141 119
141 120
141 127
141 132
141 138
141 85
141 74
141 62
141 80
141 44
141 77
141 112
141 43
141 86
141 59
141 68
141 123
141 144
141 94
141 139
141 115
141 67
141 42
141 30
141 23
141 78
141 27
141 45
141 140
141 149
141 36
141 148
141 131
141 146
141 147
142 8
142 12
142 17
142 21
142 32
142 33
142 34
142 35
142 36
142 38
142 45
142 51
142 53
142 54
142 57
142 58
142 60
142 61
142 66
142 67
142 69
142 70
142 76
142 79
142 82
142 83
142 92
142 93
142 99
142 100
142 105
142 106
142 113
142 115
142 117
142 120
142 122
142 137
142 138
142 124
142 145
142 146
143 0
143 3
143 4
143 15
143 16
143 17
143 24
143 25
143 28
143 30
143 36
143 37
143 45
143 50
143 51
143 52
143 55
143 59
143 60
143 62
143 64
143 65
143 66
143 67
143 74
143 76
143 87
143 90
143 94
143 100
143 101
143 102
143 103
143 104
143 105
143 112
143 113
143 115
143 117
143 119
143 120
143 122
143 124
143 125
143 127
143 79
143 118
143 114
143 29
143 13
143 12
143 61
143 49
143 126
143 38
143 128
143 77
143 145
143 6
143 130
143 63
143 132
143 107
143 83
143 110
143 99
143 147
144 6
144 10
144 16
144 17
144 21
144 29
144 31
144 33
144 35
144 38
144 53
144 54
144 56
144 60
144 68
144 72
144 77
144 83
144 87
144 90
144 94
144 100
144 103
144 105
144 107
144 109
144 110
144 112
144 113
144 117
144 122
144 124
144 132
144 134
144 135
144 136
144 141
144 81
144 145
144 7
144 73
144 55
144 45
144 128
144 65
144 2
145 0
145 1
145 2
145 12
145 23
145 24
145 28
145 29
145 33
145 34
145 37
145 38
145 40
145 44
145 45
145 46
145 51
145 59
145 62
145 64
145 65
145 66
145 67
145 71
145 75
145 76
145 90
145 91
145 93
145 100
145 101
145 107
145 110
145 113
145 114
145 116
145 117
145 119
145 129
145 132
145 136
145 139
145 140
145 143
145 144
145 94
145 78
145 70
145 142
145 72
145 87
145 147
145 149
146 9
146 12
146 14
146 15
146 16
146 19
146 21
146 24
146 28
146 36
146 37
146 47
146 49
146 55
146 58
146 59
146 60
146 63
146 67
146 71
146 76
146 78
146 79
146 82
146 84
146 91
146 94
146 100
146 105
146 106
146 107
146 109
146 115
146 117
146 118
146 119
146 124
146 50
146 129
146 17
146 25
146 85
146 46
146 148
146 83
146 120
146 147
146 8
146 142
146 130
146 27
146 45
146 133
146 74
146 86
146 121
146 40
146 5
146 32
146 20
146 1
146 138
146 56
146 135
146 35
146 136
146 141
146 65
146 39
146 51
146 73
146 101
146 54
146 22
146 72
146 149
147 7
147 8
147 9
147 10
147 15
147 16
147 17
147 19
147 23
147 37
147 53
147 66
147 67
147 68
147 71
147 75
147 84
147 85
147 91
147 93
147 101
147 102
147 103
147 107
147 108
147 110
147 112
147 114
147 115
147 117
147 119
147 120
147 123
147 124
147 127
147 129
147 130
147 131
147 138
147 139
147 146
147 99
147 104
147 89
147 90
147 58
147 22
147 141
147 14
147 64
147 5
147 3
147 34
147 41
147 38
147 31
147 109
147 74
147 100
147 60
147 88
147 35
147 145
147 143
147 45
147 72
147 40
147 80
147 29
147 56
147 2
147 136
147 13
147 30
147 6
147 118
147 87
147 47
147 94
147 36
147 50
147 148
148 3
148 6
148 16
148 17
148 32
148 33
148 34
148 44
148 45
148 53
148 54
148 59
148 71
148 72
148 74
148 79
148 80
148 82
148 90
148 92
148 103
148 104
148 109
148 110
148 112
148 117
148 119
148 131
148 132
148 136
148 141
148 146
148 68
148 140
148 116
148 29
148 0
148 41
148 20
148 8
148 60
148 107
148 115
148 127
148 48
148 50
148 97
148 88
148 147
148 55
148 14
148 149
149 8
149 9
149 10
149 12
149 21
149 24
149 26
149 28
149 45
149 51
149 53
149 55
149 56
149 59
149 68
149 69
149 72
149 76
149 78
149 80
149 83
149 84
149 86
149 87
149 89
149 90
149 91
149 100
149 101
149 102
149 103
149 107
149 110
149 113
149 117
149 122
149 131
149 132
149 134
149 135
149 138
149 141
149 0
149 126
149 70
149 30
149 99
149 81
149 40
149 121
149 61
149 145
149 36
149 3
149 146
149 106
149 148
149 27
149 139
149 66
149 127
149 35
149 85
149 112
149 32
149 19
149 31
149 73
149 63
149 123
149 71
149 6
149 137
149 46
149 42
149 41
149 38
149 67
149 79
149 118
149 2
149 95
149 7
149 13
