100
0 14
0 45
0 77
0 99
0 87
0 37
0 5
0 40
0 91
0 97
0 39
0 67
0 6
0 10
0 13
0 23
0 26
0 27
0 28
0 41
0 49
0 53
0 58
0 59
0 60
0 63
0 66
0 76
0 79
0 80
0 81
0 85
0 86
0 89
0 90
0 93
0 95
1 76
1 51
1 68
1 31
1 43
1 27
1 18
1 30
1 93
1 92
1 6
1 75
1 48
1 50
1 87
1 38
1 3
1 37
1 29
1 32
1 28
1 16
1 4
1 2
1 55
1 58
1 63
1 95
1 46
1 56
1 12
1 79
1 59
1 13
1 11
1 98
1 5
1 8
1 14
1 22
1 24
1 25
1 39
1 53
1 60
1 64
1 84
1 86
1 89
1 90
1 94
1 97
2 1
2 72
2 63
2 77
2 64
2 18
2 45
2 81
2 3
2 6
2 99
2 93
2 48
2 55
2 13
2 22
2 23
2 24
2 26
2 28
2 30
2 32
2 34
2 37
2 40
2 42
2 43
2 46
2 47
2 53
2 59
2 66
2 67
2 79
2 83
2 84
2 85
2 87
2 89
2 90
2 92
2 94
2 95
2 96
3 1
3 2
3 60
3 80
3 58
3 10
3 99
3 95
3 74
3 64
3 65
3 76
3 77
3 21
3 56
3 17
3 97
3 44
3 96
3 9
3 14
3 61
3 35
3 8
3 7
3 87
3 34
3 53
3 51
3 91
3 38
3 48
3 81
3 55
3 20
3 82
3 27
3 59
3 6
3 18
3 24
3 29
3 37
3 47
3 57
3 67
3 78
3 79
3 84
3 85
3 90
3 94
3 98
4 1
4 8
4 34
4 36
4 67
4 32
4 23
4 79
4 50
4 96
4 30
4 57
4 58
4 64
4 63
4 74
4 27
4 62
4 19
4 89
4 85
4 12
4 73
4 76
4 71
4 17
4 92
4 20
4 49
4 82
4 6
4 9
4 10
4 24
4 28
4 29
4 35
4 37
4 41
4 43
4 45
4 56
4 59
4 72
4 78
4 80
4 86
4 87
4 94
4 95
4 98
5 0
5 42
5 26
5 68
5 44
5 74
5 95
5 32
5 73
5 85
5 88
5 15
5 86
5 72
5 9
5 59
5 57
5 48
5 60
5 97
5 33
5 29
5 41
5 35
5 10
5 58
5 45
5 27
5 23
5 40
5 13
5 21
5 1
5 63
5 53
5 11
5 36
5 66
5 16
5 24
5 43
5 47
5 67
5 70
5 76
5 77
5 78
5 79
5 80
5 82
5 89
5 92
5 93
6 1
6 2
6 25
6 68
6 51
6 84
6 91
6 64
6 63
6 38
6 43
6 58
6 34
6 31
6 22
6 26
6 67
6 69
6 71
6 3
6 11
6 0
6 57
6 21
6 60
6 95
6 92
6 94
6 4
6 28
6 97
6 77
6 9
6 13
6 14
6 17
6 35
6 37
6 41
6 48
6 56
6 66
6 75
6 78
6 79
6 85
6 86
6 87
6 93
6 98
7 3
7 61
7 56
7 14
7 89
7 41
7 32
7 24
7 83
7 87
7 81
7 63
7 18
7 72
7 98
7 11
7 49
7 31
7 35
7 90
7 40
7 88
7 47
7 8
7 10
7 13
7 17
7 23
7 26
7 27
7 36
7 37
7 42
7 45
7 53
7 57
7 58
7 59
7 62
7 66
7 67
7 70
7 74
7 76
7 77
7 80
7 82
7 86
7 93
8 3
8 4
8 69
8 37
8 39
8 7
8 19
8 51
8 45
8 86
8 91
8 47
8 1
8 32
8 80
8 34
8 93
8 42
8 76
8 50
8 67
8 73
8 38
8 24
8 57
8 33
8 58
8 75
8 41
8 87
8 26
8 99
8 15
8 20
8 29
8 72
8 81
8 60
8 27
8 89
8 59
8 54
8 62
8 18
8 10
8 13
8 23
8 43
8 63
8 64
8 71
8 79
8 82
8 85
8 90
8 92
8 94
8 95
8 98
9 3
9 5
9 88
9 60
9 95
9 31
9 76
9 30
9 17
9 99
9 32
9 82
9 50
9 65
9 13
9 4
9 93
9 89
9 6
9 23
9 24
9 48
9 52
9 81
9 98
9 11
9 18
9 22
9 26
9 29
9 34
9 35
9 37
9 41
9 43
9 58
9 59
9 64
9 66
9 70
9 72
9 75
9 77
9 80
9 84
9 85
9 90
9 94
9 96
10 3
10 5
10 86
10 49
10 56
10 30
10 98
10 68
10 46
10 67
10 51
10 81
10 96
10 15
10 32
10 64
10 26
10 16
10 24
10 48
10 92
10 29
10 87
10 88
10 27
10 40
10 55
10 0
10 36
10 4
10 62
10 84
10 99
10 13
10 52
10 79
10 91
10 39
10 69
10 50
10 7
10 65
10 33
10 12
10 8
10 23
10 25
10 43
10 53
10 58
10 60
10 75
10 76
10 94
10 95
10 97
11 1
11 5
11 6
11 7
11 64
11 35
11 84
11 9
11 41
11 30
11 75
11 81
11 93
11 53
11 26
11 79
11 68
11 31
11 28
11 18
11 52
11 87
11 98
11 46
11 85
11 60
11 65
11 94
11 63
11 62
11 22
11 29
11 43
11 58
11 61
11 67
11 72
11 78
11 86
11 90
11 91
12 1
12 4
12 10
12 24
12 53
12 22
12 25
12 35
12 37
12 40
12 45
12 67
12 68
12 76
12 77
12 78
12 82
12 83
12 89
12 90
12 94
12 95
13 1
13 5
13 9
13 10
13 90
13 24
13 37
13 23
13 75
13 2
13 27
13 73
13 76
13 50
13 72
13 59
13 55
13 7
13 30
13 29
13 0
13 64
13 6
13 95
13 53
13 47
13 17
13 8
13 57
13 31
13 20
13 67
13 22
13 26
13 32
13 35
13 60
13 69
13 70
13 79
13 87
13 91
13 93
13 94
13 96
14 0
14 3
14 7
14 59
14 50
14 6
14 69
14 47
14 51
14 90
14 58
14 21
14 86
14 76
14 30
14 1
14 83
14 46
14 17
14 25
14 26
14 29
14 34
14 35
14 41
14 48
14 64
14 87
14 94
14 98
15 5
15 8
15 10
15 92
15 46
15 76
15 55
15 79
15 39
15 73
15 17
15 43
15 33
15 97
15 52
15 94
15 24
15 34
15 75
15 21
15 25
15 45
15 57
15 62
15 26
15 41
15 28
15 59
15 27
15 49
15 35
15 16
15 36
15 22
15 71
15 74
15 32
15 29
15 37
15 47
15 58
15 60
15 67
15 78
15 80
15 84
15 85
15 86
15 89
15 95
15 98
16 1
16 10
16 15
16 76
16 5
16 87
16 25
16 27
16 34
16 37
16 41
16 48
16 51
16 56
16 59
16 62
16 67
16 75
16 79
16 83
16 85
16 86
16 92
16 94
16 95
16 96
16 98
17 3
17 4
17 9
17 13
17 15
17 46
17 56
17 94
17 51
17 68
17 35
17 64
17 25
17 70
17 24
17 66
17 7
17 97
17 77
17 59
17 86
17 6
17 44
17 84
17 76
17 14
17 23
17 26
17 34
17 40
17 48
17 49
17 53
17 58
17 67
17 75
17 78
17 80
17 87
17 89
17 93
17 96
18 1
18 2
18 7
18 8
18 11
18 55
18 51
18 39
18 30
18 9
18 88
18 37
18 29
18 85
18 86
18 68
18 90
18 40
18 3
18 79
18 75
18 22
18 24
18 25
18 26
18 32
18 41
18 46
18 48
18 58
18 62
18 64
18 66
18 67
18 70
18 72
18 76
18 77
18 82
18 84
18 94
18 96
18 98
19 4
19 8
19 75
19 24
19 27
19 28
19 32
19 34
19 36
19 37
19 40
19 41
19 43
19 47
19 48
19 49
19 53
19 58
19 59
19 70
19 77
19 79
19 85
19 93
19 96
19 98
20 3
20 4
20 8
20 13
20 43
20 40
20 84
20 37
20 23
20 25
20 26
20 30
20 34
20 59
20 60
20 63
20 67
20 72
20 80
20 81
20 82
20 85
20 87
20 90
20 92
20 93
21 3
21 5
21 6
21 14
21 15
21 58
21 27
21 90
21 95
21 34
21 35
21 37
21 41
21 42
21 43
21 47
21 56
21 59
21 64
21 65
21 70
21 76
21 77
21 78
21 79
21 80
21 82
21 87
21 89
21 93
21 98
22 6
22 15
22 75
22 92
22 13
22 47
22 31
22 87
22 18
22 42
22 69
22 89
22 39
22 84
22 41
22 81
22 68
22 71
22 90
22 93
22 9
22 1
22 61
22 78
22 72
22 46
22 2
22 66
22 26
22 64
22 11
22 76
22 77
22 88
22 85
22 25
22 40
22 45
22 12
22 23
22 65
22 67
22 58
22 70
22 30
22 79
22 83
22 49
22 94
22 28
22 34
22 35
22 37
22 59
22 63
22 86
22 97
23 4
23 5
23 9
23 13
23 22
23 95
23 0
23 89
23 59
23 81
23 61
23 25
23 20
23 68
23 99
23 74
23 10
23 83
23 58
23 86
23 38
23 35
23 27
23 7
23 17
23 50
23 70
23 46
23 24
23 43
23 39
23 37
23 30
23 2
23 53
23 96
23 92
23 49
23 8
23 44
23 26
23 29
23 34
23 41
23 56
23 64
23 67
23 72
23 75
23 78
23 80
23 84
23 90
23 94
23 98
24 7
24 8
24 9
24 10
24 12
24 13
24 15
24 17
24 23
24 57
24 79
24 30
24 35
24 54
24 1
24 90
24 65
24 38
24 41
24 19
24 67
24 72
24 34
24 88
24 76
24 81
24 98
24 60
24 27
24 29
24 2
24 28
24 49
24 3
24 96
24 37
24 85
24 62
24 40
24 74
24 18
24 5
24 25
24 50
24 61
24 4
24 58
24 26
24 42
24 43
24 55
24 59
24 66
24 68
24 84
24 86
24 87
24 94
25 6
25 15
25 17
25 22
25 23
25 24
25 72
25 45
25 52
25 65
25 14
25 87
25 73
25 16
25 74
25 44
25 85
25 20
25 46
25 89
25 90
25 30
25 84
25 1
25 12
25 56
25 29
25 37
25 69
25 93
25 71
25 80
25 39
25 50
25 82
25 10
25 18
25 40
25 77
25 42
25 78
25 79
25 60
25 66
25 81
25 38
25 88
25 59
25 94
25 51
25 32
25 34
25 35
25 36
25 41
25 43
25 54
25 67
25 76
25 95
25 96
26 5
26 6
26 8
26 10
26 11
26 15
26 22
26 33
26 62
26 55
26 46
26 37
26 44
26 0
26 95
26 9
26 64
26 74
26 77
26 90
26 47
26 97
26 92
26 39
26 13
26 7
26 60
26 88
26 70
26 18
26 56
26 57
26 24
26 98
26 49
26 66
26 17
26 23
26 79
26 27
26 85
26 20
26 2
26 93
26 42
26 14
26 43
26 99
26 45
26 91
26 34
26 51
26 68
26 82
26 30
26 29
26 35
26 40
26 41
26 58
26 59
26 72
26 75
26 76
26 80
26 81
26 83
26 87
26 89
27 1
27 3
27 4
27 5
27 8
27 10
27 13
27 15
27 21
27 23
27 24
27 26
27 0
27 92
27 40
27 28
27 94
27 43
27 85
27 49
27 35
27 42
27 95
27 78
27 87
27 48
27 30
27 70
27 32
27 81
27 55
27 59
27 62
27 64
27 31
27 53
27 54
27 50
27 16
27 65
27 99
27 52
27 96
27 7
27 19
27 84
27 69
27 36
27 83
27 39
27 91
27 46
27 93
27 29
27 34
27 58
27 76
27 77
27 86
27 98
28 1
28 6
28 11
28 15
28 24
28 27
28 83
28 33
28 44
28 37
28 94
28 84
28 29
28 2
28 97
28 68
28 31
28 0
28 85
28 63
28 4
28 96
28 22
28 74
28 58
28 72
28 69
28 78
28 48
28 90
28 64
28 43
28 89
28 30
28 19
28 34
28 40
28 42
28 50
28 59
28 60
28 75
28 79
28 81
28 87
28 92
29 1
29 5
29 8
29 10
29 13
29 18
29 24
29 25
29 28
29 3
29 36
29 68
29 95
29 11
29 67
29 94
29 57
29 26
29 53
29 78
29 14
29 98
29 4
29 23
29 80
29 90
29 79
29 56
29 74
29 9
29 46
29 27
29 33
29 72
29 15
29 30
29 35
29 43
29 44
29 49
29 59
29 62
29 64
29 81
29 84
29 85
29 87
29 91
30 1
30 4
30 9
30 10
30 11
30 13
30 14
30 18
30 22
30 23
30 24
30 25
30 26
30 27
30 28
30 71
30 76
30 66
30 61
30 81
30 20
30 36
30 84
30 39
30 64
30 38
30 29
30 32
30 42
30 2
30 77
30 75
30 44
30 41
30 43
30 60
30 67
30 68
30 79
30 82
30 85
30 89
30 91
30 93
30 94
30 95
30 96
31 1
31 6
31 7
31 9
31 11
31 13
31 22
31 27
31 28
31 68
31 70
31 83
31 65
31 56
31 43
31 45
31 50
31 53
31 59
31 60
31 64
31 67
31 72
31 77
31 87
31 89
31 90
31 94
31 96
32 1
32 4
32 5
32 7
32 8
32 9
32 10
32 15
32 27
32 30
32 25
32 49
32 2
32 78
32 36
32 18
32 13
32 80
32 55
32 19
32 43
32 52
32 76
32 48
32 35
32 86
32 34
32 81
32 57
32 88
32 66
32 47
32 53
32 54
32 59
32 60
32 64
32 67
32 75
32 77
32 82
32 84
32 85
32 87
32 93
33 5
33 8
33 10
33 15
33 26
33 28
33 29
33 79
33 51
33 35
33 34
33 37
33 43
33 46
33 48
33 49
33 57
33 59
33 64
33 66
33 72
33 74
33 76
33 80
33 82
33 85
33 86
33 90
33 94
33 95
33 98
34 3
34 4
34 6
34 8
34 15
34 24
34 26
34 32
34 28
34 51
34 62
34 65
34 76
34 19
34 44
34 21
34 63
34 20
34 17
34 14
34 9
34 82
34 53
34 52
34 43
34 78
34 50
34 25
34 68
34 90
34 38
34 89
34 88
34 72
34 73
34 23
34 54
34 92
34 40
34 61
34 49
34 66
34 95
34 97
34 33
34 27
34 16
34 22
34 2
34 37
34 41
34 42
34 58
34 67
34 70
34 96
34 99
35 3
35 5
35 7
35 11
35 15
35 17
35 23
35 24
35 27
35 32
35 33
35 87
35 67
35 85
35 53
35 62
35 26
35 4
35 22
35 12
35 37
35 74
35 9
35 25
35 47
35 73
35 29
35 40
35 81
35 90
35 56
35 42
35 99
35 97
35 89
35 57
35 13
35 63
35 38
35 6
35 21
35 69
35 83
35 91
35 45
35 82
35 14
35 92
35 41
35 48
35 60
35 61
35 64
35 75
35 77
35 78
35 79
35 86
35 93
35 98
36 4
36 5
36 10
36 15
36 27
36 29
36 30
36 32
36 84
36 76
36 51
36 67
36 25
36 88
36 57
36 53
36 54
36 89
36 38
36 82
36 49
36 44
36 7
36 94
36 55
36 19
36 39
36 99
36 43
36 47
36 64
36 72
36 75
36 78
36 79
36 83
36 85
36 86
36 87
36 90
36 97
36 98
37 0
37 1
37 8
37 13
37 18
37 20
37 23
37 24
37 25
37 26
37 28
37 35
37 3
37 67
37 68
37 55
37 74
37 7
37 99
37 84
37 78
37 80
37 62
37 46
37 75
37 15
37 63
37 91
37 33
37 50
37 56
37 6
37 52
37 93
37 19
37 9
37 34
37 42
37 49
37 47
37 22
37 77
37 81
37 86
37 21
37 58
37 90
37 12
37 4
37 2
37 95
37 59
37 71
37 51
37 96
37 98
37 16
37 41
37 48
37 54
37 66
37 72
37 76
37 85
37 89
38 1
38 3
38 6
38 8
38 23
38 24
38 25
38 30
38 34
38 35
38 36
38 47
38 41
38 43
38 48
38 52
38 53
38 55
38 56
38 58
38 59
38 63
38 64
38 72
38 75
38 78
38 80
38 82
38 90
38 96
39 0
39 8
39 10
39 15
39 18
39 22
39 23
39 25
39 26
39 27
39 30
39 36
39 64
39 85
39 87
39 61
39 1
39 40
39 43
39 48
39 50
39 66
39 70
39 76
39 77
39 78
39 80
39 93
39 94
39 95
39 98
40 0
40 5
40 7
40 10
40 18
40 20
40 22
40 24
40 25
40 27
40 34
40 35
40 2
40 12
40 49
40 46
40 48
40 60
40 17
40 87
40 97
40 19
40 28
40 50
40 75
40 70
40 39
40 26
40 56
40 74
40 41
40 42
40 64
40 66
40 67
40 72
40 76
40 77
40 78
40 89
40 90
40 94
40 98
41 5
41 7
41 8
41 11
41 15
41 22
41 24
41 26
41 87
41 38
41 95
41 25
41 62
41 64
41 96
41 19
41 93
41 35
41 6
41 60
41 48
41 0
41 9
41 4
41 21
41 68
41 94
41 30
41 85
41 44
41 37
41 76
41 92
41 81
41 57
41 77
41 16
41 34
41 45
41 18
41 80
41 40
41 88
41 67
41 14
41 23
41 54
41 82
41 97
41 51
41 53
41 59
41 61
41 74
41 78
41 79
41 83
41 90
42 5
42 8
42 22
42 25
42 26
42 27
42 30
42 35
42 37
42 21
42 70
42 66
42 40
42 2
42 7
42 28
42 53
42 24
42 73
42 34
42 72
42 48
42 43
42 47
42 58
42 59
42 60
42 64
42 75
42 76
42 79
42 87
42 88
42 89
42 90
42 94
42 96
42 98
43 1
43 6
43 15
43 20
43 23
43 26
43 27
43 28
43 32
43 34
43 84
43 31
43 58
43 60
43 24
43 86
43 30
43 38
43 96
43 70
43 65
43 33
43 61
43 5
43 39
43 49
43 42
43 83
43 55
43 59
43 44
43 53
43 29
43 90
43 66
43 4
43 11
43 99
43 78
43 10
43 8
43 75
43 46
43 87
43 36
43 79
43 19
43 25
43 50
43 48
43 80
43 21
43 85
43 2
43 77
43 9
43 54
43 81
43 82
43 91
43 93
43 95
44 3
44 5
44 17
44 23
44 25
44 26
44 28
44 30
44 34
44 36
44 41
44 43
44 51
44 82
44 69
44 71
44 55
44 29
44 50
44 54
44 58
44 59
44 72
44 74
44 75
44 77
44 81
44 85
44 88
44 89
44 90
44 93
44 94
44 95
44 96
45 0
45 2
45 5
45 8
45 15
45 22
45 25
45 26
45 35
45 41
45 56
45 64
45 7
45 97
45 4
45 31
45 12
45 77
45 49
45 50
45 58
45 61
45 67
45 72
45 74
45 78
45 79
45 81
45 82
45 84
45 85
45 92
45 93
45 96
46 1
46 10
46 11
46 14
46 15
46 17
46 22
46 23
46 25
46 26
46 27
46 29
46 37
46 40
46 43
46 94
46 57
46 83
46 64
46 86
46 50
46 75
46 67
46 99
46 48
46 97
46 62
46 55
46 78
46 33
46 77
46 2
46 18
46 63
46 71
46 59
46 60
46 61
46 76
46 79
46 81
46 84
46 85
46 93
46 95
46 96
46 98
47 7
47 8
47 13
47 14
47 22
47 26
47 35
47 37
47 38
47 86
47 68
47 32
47 58
47 19
47 78
47 80
47 42
47 62
47 90
47 75
47 3
47 72
47 55
47 98
47 21
47 15
47 5
47 2
47 66
47 36
47 51
47 53
47 59
47 61
47 65
47 67
47 76
47 79
47 82
47 89
47 92
47 93
48 1
48 2
48 3
48 5
48 9
48 10
48 27
48 28
48 32
48 40
48 41
48 42
48 43
48 46
48 98
48 71
48 80
48 93
48 16
48 35
48 37
48 86
48 92
48 74
48 83
48 18
48 76
48 82
48 38
48 14
48 79
48 91
48 95
48 54
48 66
48 61
48 89
48 6
48 73
48 63
48 72
48 39
48 33
48 90
48 87
48 17
48 57
48 19
48 58
48 59
48 60
48 67
48 75
48 78
48 85
48 94
49 4
49 7
49 10
49 15
49 22
49 23
49 24
49 26
49 27
49 32
49 34
49 36
49 37
49 40
49 43
49 45
49 77
49 19
49 55
49 17
49 0
49 53
49 29
49 33
49 58
49 63
49 70
49 79
49 80
49 82
49 84
49 85
49 87
49 89
49 90
49 93
49 95
49 98
50 1
50 4
50 8
50 9
50 10
50 13
50 14
50 23
50 24
50 25
50 27
50 34
50 37
50 40
50 43
50 46
50 28
50 31
50 39
50 45
50 44
50 53
50 57
50 60
50 62
50 64
50 66
50 70
50 71
50 72
50 75
50 79
50 81
50 82
50 86
50 91
50 94
51 1
51 3
51 6
51 8
51 10
51 14
51 17
51 18
51 25
51 26
51 33
51 34
51 36
51 37
51 41
51 44
51 89
51 16
51 90
51 52
51 60
51 69
51 75
51 47
51 53
51 58
51 76
51 78
51 79
51 83
51 85
51 86
51 87
51 94
51 96
51 98
52 9
52 10
52 11
52 15
52 25
52 27
52 32
52 34
52 37
52 51
52 38
52 58
52 61
52 64
52 67
52 70
52 80
52 81
52 82
52 83
52 85
52 90
52 95
52 98
53 3
53 5
53 11
53 12
53 13
53 23
53 27
53 29
53 34
53 35
53 36
53 42
53 43
53 49
53 17
53 84
53 67
53 1
53 88
53 65
53 19
53 38
53 7
53 47
53 89
53 31
53 10
53 32
53 59
53 83
53 60
53 79
53 50
53 99
53 41
53 76
53 2
53 0
53 51
53 64
53 78
53 82
53 90
53 94
53 95
54 8
54 24
54 27
54 34
54 36
54 41
54 48
54 71
54 43
54 90
54 25
54 32
54 37
54 44
54 86
54 55
54 58
54 59
54 64
54 67
54 72
54 74
54 75
54 78
54 79
54 83
54 84
54 85
54 87
54 92
54 96
54 97
54 98
55 1
55 2
55 3
55 10
55 13
55 15
55 18
55 26
55 27
55 32
55 36
55 37
55 43
55 44
55 46
55 47
55 49
55 74
55 79
55 96
55 38
55 24
55 54
55 77
55 85
55 57
55 58
55 59
55 84
55 89
55 90
55 92
56 1
56 3
56 7
56 10
56 17
56 25
56 26
56 29
56 31
56 35
56 37
56 40
56 45
56 80
56 74
56 70
56 21
56 4
56 23
56 96
56 66
56 87
56 38
56 98
56 6
56 73
56 84
56 16
56 92
56 68
56 76
56 78
56 85
56 86
56 94
57 4
57 5
57 6
57 8
57 13
57 15
57 24
57 26
57 29
57 32
57 35
57 36
57 41
57 46
57 48
57 55
57 96
57 77
57 95
57 84
57 50
57 3
57 85
57 98
57 62
57 33
57 61
57 7
57 63
57 66
57 72
57 75
57 76
57 78
57 79
57 82
57 86
57 87
57 89
57 90
57 93
57 94
58 1
58 3
58 4
58 5
58 6
58 8
58 14
58 21
58 22
58 23
58 24
58 28
58 37
58 43
58 47
58 51
58 11
58 15
58 55
58 79
58 87
58 52
58 27
58 26
58 9
58 92
58 44
58 48
58 19
58 93
58 17
58 65
58 60
58 7
58 34
58 54
58 88
58 18
58 75
58 49
58 38
58 66
58 68
58 10
58 96
58 67
58 98
58 59
58 99
58 42
58 45
58 69
58 72
58 0
58 64
58 74
58 77
58 78
58 80
58 86
58 90
59 1
59 3
59 5
59 8
59 13
59 14
59 15
59 17
59 23
59 25
59 27
59 37
59 43
59 53
59 58
59 46
59 19
59 29
59 42
59 63
59 75
59 20
59 81
59 7
59 68
59 71
59 60
59 94
59 44
59 26
59 16
59 89
59 28
59 69
59 38
59 72
59 84
59 33
59 79
59 65
59 21
59 55
59 54
59 41
59 92
59 86
59 2
59 93
59 47
59 22
59 0
59 9
59 74
59 61
59 78
59 67
59 31
59 4
59 24
59 48
59 83
59 62
59 32
59 64
59 76
59 77
59 80
59 82
59 85
59 90
59 98
60 3
60 5
60 6
60 8
60 9
60 11
60 24
60 25
60 26
60 40
60 41
60 43
60 51
60 53
60 58
60 59
60 32
60 0
60 30
60 10
60 15
60 70
60 28
60 87
60 67
60 88
60 13
60 98
60 82
60 50
60 20
60 71
60 31
60 42
60 48
60 1
60 46
60 92
60 35
60 69
60 64
60 66
60 72
60 75
60 76
60 79
60 80
60 90
60 91
60 93
60 94
61 3
61 7
61 22
61 23
61 24
61 30
61 34
61 39
61 43
61 48
61 57
61 59
61 52
61 70
61 47
61 35
61 46
61 81
61 88
61 11
61 45
61 74
61 80
61 41
61 64
61 65
61 67
61 76
61 79
61 82
61 89
61 90
61 92
61 94
61 98
62 4
62 8
62 10
62 11
62 15
62 24
62 26
62 27
62 34
62 35
62 37
62 41
62 46
62 47
62 57
62 59
62 16
62 50
62 7
62 18
62 63
62 29
62 64
62 75
62 76
62 77
62 82
62 85
62 89
62 90
62 91
62 95
63 1
63 2
63 4
63 5
63 6
63 7
63 11
63 28
63 34
63 35
63 37
63 46
63 48
63 59
63 62
63 49
63 0
63 57
63 73
63 22
63 64
63 38
63 89
63 66
63 77
63 20
63 71
63 8
63 67
63 68
63 79
63 82
63 92
63 94
63 98
64 2
64 3
64 4
64 6
64 10
64 11
64 13
64 17
64 22
64 26
64 27
64 28
64 30
64 39
64 41
64 45
64 46
64 63
64 29
64 23
64 99
64 38
64 42
64 66
64 32
64 59
64 74
64 85
64 53
64 94
64 73
64 75
64 90
64 35
64 69
64 61
64 52
64 21
64 77
64 1
64 91
64 97
64 62
64 81
64 18
64 14
64 60
64 8
64 36
64 33
64 87
64 54
64 84
64 40
64 50
64 9
64 71
64 72
64 31
64 58
64 67
64 68
64 76
64 86
64 89
64 92
64 93
64 98
65 3
65 9
65 10
65 11
65 22
65 24
65 25
65 27
65 31
65 34
65 43
65 53
65 58
65 59
65 68
65 74
65 66
65 92
65 47
65 61
65 21
65 95
65 67
65 72
65 75
65 77
65 79
65 80
65 86
65 87
65 89
65 90
65 96
66 5
66 17
66 22
66 25
66 26
66 30
66 32
66 34
66 42
66 43
66 47
66 48
66 56
66 58
66 63
66 64
66 65
66 39
66 75
66 2
66 76
66 80
66 99
66 37
66 9
66 68
66 40
66 57
66 74
66 18
66 88
66 24
66 87
66 0
66 7
66 85
66 60
66 95
66 96
66 89
66 33
66 6
66 50
66 77
66 78
66 79
66 81
66 93
66 94
67 0
67 4
67 6
67 8
67 10
67 13
67 22
67 24
67 29
67 35
67 36
67 37
67 41
67 46
67 53
67 58
67 59
67 60
67 72
67 89
67 76
67 92
67 61
67 2
67 23
67 65
67 75
67 54
67 11
67 48
67 45
67 85
67 93
67 64
67 7
67 91
67 83
67 99
67 16
67 70
67 18
67 25
67 15
67 78
67 47
67 32
67 52
67 12
67 20
67 80
67 34
67 5
67 40
67 95
67 17
67 94
67 87
67 3
67 77
67 81
67 71
67 31
67 82
67 96
67 63
67 30
67 88
67 73
67 79
67 90
68 1
68 5
68 6
68 10
68 11
68 17
68 18
68 22
68 23
68 26
68 28
68 29
68 31
68 34
68 37
68 41
68 47
68 58
68 59
68 65
68 66
68 56
68 71
68 69
68 64
68 30
68 12
68 24
68 99
68 63
68 81
68 92
68 72
68 75
68 76
68 77
68 78
68 90
68 94
68 95
68 96
68 98
69 6
69 8
69 10
69 14
69 22
69 25
69 27
69 28
69 35
69 44
69 51
69 58
69 59
69 60
69 64
69 68
69 13
69 77
69 79
69 81
69 84
69 86
69 94
69 95
69 97
69 98
70 17
70 22
70 23
70 26
70 27
70 31
70 40
70 42
70 43
70 56
70 60
70 61
70 67
70 91
70 73
70 82
70 98
70 18
70 39
70 50
70 9
70 7
70 21
70 13
70 52
70 19
70 88
70 49
70 34
70 93
70 96
70 75
70 90
70 87
70 5
70 72
70 76
70 77
70 78
70 84
70 86
70 94
71 4
71 6
71 15
71 22
71 25
71 30
71 37
71 44
71 46
71 48
71 54
71 59
71 60
71 63
71 64
71 67
71 68
71 50
71 79
71 8
71 88
71 77
71 81
71 85
71 90
71 93
71 95
71 96
72 2
72 5
72 7
72 8
72 13
72 22
72 24
72 25
72 28
72 29
72 34
72 42
72 47
72 48
72 58
72 59
72 64
72 67
72 57
72 31
72 45
72 33
72 87
72 88
72 86
72 4
72 36
72 60
72 65
72 23
72 54
72 70
72 26
72 40
72 37
72 84
72 20
72 18
72 89
72 11
72 9
72 50
72 73
72 68
72 76
72 92
72 38
72 44
72 91
72 81
72 77
72 78
72 79
72 80
72 82
72 85
72 95
72 98
73 4
73 5
73 8
73 13
73 15
73 25
73 34
73 35
73 42
73 48
73 56
73 63
73 64
73 70
73 72
73 85
73 98
73 67
73 75
73 76
73 77
73 79
73 84
73 87
73 89
73 94
74 3
74 4
74 5
74 15
74 23
74 24
74 25
74 26
74 28
74 29
74 35
74 37
74 40
74 48
74 55
74 56
74 59
74 61
74 64
74 65
74 66
74 94
74 7
74 41
74 45
74 54
74 44
74 33
74 58
74 93
74 84
74 79
74 82
74 83
74 87
74 89
74 92
74 95
74 96
74 98
75 1
75 8
75 11
75 13
75 15
75 18
75 19
75 22
75 30
75 37
75 40
75 43
75 46
75 47
75 51
75 58
75 59
75 64
75 66
75 67
75 70
75 80
75 10
75 9
75 62
75 35
75 99
75 68
75 36
75 88
75 42
75 90
75 6
75 17
75 50
75 73
75 95
75 28
75 94
75 77
75 23
75 79
75 65
75 44
75 38
75 54
75 84
75 89
75 26
75 48
75 16
75 93
75 98
75 32
75 87
75 60
75 57
75 76
75 85
75 91
75 92
76 1
76 3
76 4
76 8
76 9
76 13
76 14
76 15
76 16
76 17
76 22
76 24
76 30
76 32
76 34
76 36
76 41
76 48
76 53
76 66
76 67
76 72
76 40
76 37
76 61
76 21
76 64
76 47
76 51
76 60
76 99
76 12
76 18
76 97
76 94
76 10
76 92
76 88
76 68
76 83
76 57
76 5
76 91
76 56
76 39
76 73
76 7
76 46
76 75
76 62
76 59
76 25
76 85
76 86
76 96
76 26
76 33
76 27
76 42
76 0
76 70
76 79
76 80
76 84
76 87
76 89
77 0
77 2
77 3
77 6
77 17
77 22
77 25
77 26
77 30
77 37
77 41
77 43
77 45
77 46
77 49
77 55
77 57
77 63
77 64
77 67
77 75
77 97
77 5
77 80
77 99
77 89
77 73
77 35
77 84
77 21
77 91
77 40
77 27
77 19
77 18
77 86
77 90
77 31
77 95
77 58
77 32
77 12
77 7
77 44
77 9
77 62
77 98
77 71
77 88
77 70
77 93
77 66
77 72
77 69
77 65
77 68
77 39
77 85
77 59
77 78
77 79
77 82
77 94
78 22
78 25
78 27
78 28
78 29
78 32
78 34
78 37
78 43
78 46
78 47
78 59
78 67
78 66
78 4
78 11
78 45
78 77
78 48
78 92
78 53
78 23
78 41
78 56
78 12
78 51
78 21
78 54
78 90
78 99
78 5
78 80
78 15
78 93
78 96
78 72
78 6
78 95
78 58
78 17
78 94
78 40
78 38
78 68
78 36
78 79
78 70
78 35
78 3
78 39
78 57
78 82
78 84
78 89
78 91
78 98
79 1
79 4
79 10
79 11
79 15
79 18
79 22
79 24
79 25
79 26
79 29
79 33
79 43
79 48
79 53
79 55
79 58
79 59
79 71
79 75
79 78
79 6
79 74
79 35
79 63
79 13
79 80
79 76
79 67
79 47
79 51
79 2
79 49
79 77
79 60
79 30
79 73
79 36
79 82
79 16
79 46
79 72
79 88
79 0
79 57
79 85
79 66
79 41
79 50
79 61
79 42
79 19
79 93
79 5
79 83
79 65
79 28
79 86
79 3
79 69
79 45
79 8
79 54
79 21
79 98
79 90
79 92
79 94
80 3
80 8
80 25
80 29
80 32
80 37
80 41
80 43
80 47
80 48
80 56
80 61
80 66
80 67
80 75
80 77
80 78
80 79
80 15
80 86
80 5
80 60
80 17
80 0
80 72
80 21
80 58
80 9
80 97
80 85
80 76
80 49
80 93
80 7
80 39
80 20
80 38
80 23
80 33
80 59
80 52
80 96
80 92
80 26
80 4
80 91
80 65
80 84
80 94
81 2
81 3
81 7
81 8
81 9
81 10
81 11
81 22
81 23
81 24
81 25
81 27
81 30
81 32
81 35
81 37
81 41
81 59
81 61
81 64
81 67
81 68
81 72
81 29
81 45
81 66
81 50
81 44
81 99
81 96
81 91
81 71
81 52
81 43
81 84
81 26
81 46
81 94
81 89
81 93
81 0
81 87
81 20
81 69
81 28
81 85
81 90
81 95
82 3
82 4
82 9
82 25
82 26
82 34
82 35
82 36
82 41
82 44
82 48
82 60
82 67
82 70
82 79
82 20
82 57
82 53
82 12
82 93
82 78
82 30
82 85
82 61
82 32
82 99
82 59
82 38
82 62
82 52
82 63
82 47
82 74
82 97
82 45
82 43
82 92
82 21
82 7
82 33
82 89
82 8
82 18
82 50
82 94
82 49
82 77
82 5
82 72
82 86
82 95
82 98
83 7
83 14
83 22
83 23
83 27
83 28
83 31
83 35
83 43
83 46
83 48
83 53
83 59
83 67
83 76
83 79
83 2
83 86
83 26
83 36
83 54
83 52
83 12
83 84
83 41
83 88
83 16
83 51
83 74
83 85
83 89
83 92
83 96
83 98
84 6
84 10
84 11
84 17
84 20
84 22
84 25
84 27
84 28
84 30
84 36
84 37
84 43
84 53
84 56
84 57
84 59
84 64
84 72
84 74
84 75
84 77
84 81
84 83
84 3
84 15
84 86
84 32
84 46
84 18
84 1
84 54
84 78
84 49
84 85
84 76
84 80
84 9
84 70
84 2
84 95
84 69
84 73
84 55
84 29
84 45
84 90
84 23
84 91
84 24
84 89
84 96
84 97
84 98
85 4
85 5
85 11
85 18
85 22
85 24
85 25
85 26
85 27
85 28
85 35
85 39
85 41
85 43
85 55
85 57
85 64
85 66
85 67
85 73
85 76
85 77
85 79
85 80
85 82
85 84
85 45
85 52
85 6
85 54
85 32
85 59
85 44
85 81
85 2
85 0
85 71
85 48
85 16
85 30
85 62
85 33
85 37
85 93
85 92
85 88
85 36
85 97
85 56
85 99
85 9
85 29
85 3
85 20
85 83
85 15
85 8
85 49
85 51
85 46
85 19
85 75
85 95
85 72
85 86
85 89
85 90
85 94
86 5
86 8
86 10
86 14
86 17
86 18
86 23
86 32
86 37
86 43
86 46
86 47
86 48
86 54
86 59
86 72
86 76
86 77
86 79
86 80
86 83
86 84
86 70
86 57
86 0
86 33
86 56
86 65
86 85
86 82
86 16
86 1
86 15
86 58
86 11
86 27
86 4
86 95
86 24
86 7
86 22
86 6
86 96
86 51
86 69
86 36
86 64
86 50
86 93
86 35
86 87
86 90
86 98
87 0
87 1
87 3
87 7
87 8
87 10
87 11
87 16
87 22
87 25
87 27
87 35
87 39
87 40
87 41
87 43
87 48
87 56
87 58
87 60
87 64
87 66
87 67
87 70
87 72
87 75
87 81
87 86
87 54
87 13
87 14
87 20
87 28
87 32
87 51
87 24
87 74
87 76
87 29
87 4
87 49
87 92
87 17
87 57
87 96
87 21
87 93
87 36
87 90
87 73
87 65
87 31
87 42
87 2
87 6
87 26
87 95
88 5
88 7
88 9
88 10
88 18
88 22
88 24
88 25
88 26
88 32
88 34
88 36
88 41
88 53
88 58
88 60
88 61
88 66
88 67
88 70
88 71
88 72
88 75
88 76
88 77
88 79
88 83
88 85
88 42
88 44
88 89
88 91
88 93
88 94
88 95
88 96
88 98
89 4
89 7
89 8
89 9
89 22
89 23
89 25
89 28
89 34
89 35
89 36
89 48
89 51
89 53
89 59
89 63
89 66
89 67
89 72
89 75
89 77
89 81
89 82
89 40
89 88
89 30
89 91
89 17
89 73
89 26
89 42
89 74
89 61
89 44
89 0
89 55
89 85
89 1
89 47
89 84
89 21
89 62
89 57
89 76
89 97
89 49
89 12
89 92
89 37
89 31
89 64
89 2
89 5
89 15
89 83
89 65
89 78
89 98
89 90
89 93
89 94
89 95
90 7
90 13
90 14
90 18
90 21
90 22
90 24
90 25
90 26
90 28
90 29
90 34
90 35
90 37
90 43
90 47
90 48
90 51
90 54
90 64
90 70
90 75
90 77
90 78
90 84
90 87
90 68
90 65
90 8
90 20
90 44
90 93
90 62
90 58
90 38
90 71
90 60
90 1
90 0
90 85
90 53
90 67
90 97
90 81
90 41
90 2
90 86
90 31
90 59
90 89
90 91
90 12
90 11
90 36
90 40
90 95
90 57
90 49
90 3
90 9
90 42
90 79
90 98
90 23
90 61
90 33
90 55
90 52
90 94
91 0
91 3
91 6
91 8
91 10
91 26
91 27
91 35
91 37
91 48
91 64
91 67
91 70
91 72
91 76
91 77
91 80
91 81
91 84
91 89
91 90
91 50
91 29
91 11
91 75
91 43
91 13
91 78
91 30
91 88
91 62
91 60
91 94
91 98
92 1
92 4
92 6
92 10
92 15
92 22
92 23
92 26
92 27
92 34
92 35
92 41
92 48
92 56
92 58
92 59
92 60
92 65
92 67
92 68
92 72
92 76
92 78
92 80
92 82
92 85
92 87
92 89
92 99
92 64
92 75
92 63
92 54
92 74
92 5
92 61
92 83
92 28
92 79
92 2
92 8
92 16
92 45
92 20
92 96
92 55
92 47
92 94
92 98
93 1
93 2
93 8
93 9
93 11
93 22
93 25
93 26
93 27
93 37
93 41
93 48
93 58
93 59
93 67
93 70
93 74
93 75
93 77
93 78
93 79
93 80
93 81
93 82
93 85
93 86
93 87
93 90
93 96
93 89
93 95
93 46
93 17
93 20
93 5
93 30
93 0
93 43
93 44
93 66
93 88
93 13
93 21
93 35
93 19
93 64
93 47
93 94
93 45
93 71
93 60
93 98
93 39
93 32
93 57
93 6
93 7
93 49
94 6
94 11
94 15
94 17
94 22
94 25
94 27
94 28
94 29
94 36
94 41
94 46
94 59
94 64
94 67
94 74
94 75
94 76
94 78
94 81
94 82
94 93
94 77
94 42
94 89
94 50
94 69
94 2
94 12
94 61
94 40
94 4
94 33
94 95
94 30
94 39
94 66
94 23
94 16
94 88
94 9
94 53
94 57
94 18
94 70
94 10
94 80
94 31
94 73
94 14
94 63
94 48
94 44
94 13
94 3
94 85
94 1
94 79
94 8
94 24
94 68
94 51
94 90
94 92
94 60
94 91
94 56
95 1
95 3
95 5
95 6
95 9
95 13
95 21
95 23
95 26
95 27
95 29
95 34
95 37
95 41
95 48
95 57
95 65
95 66
95 67
95 75
95 77
95 78
95 84
95 85
95 86
95 90
95 93
95 94
95 81
95 52
95 8
95 4
95 68
95 39
95 10
95 74
95 82
95 30
95 53
95 89
95 33
95 2
95 62
95 46
95 99
95 69
95 12
95 43
95 96
95 72
95 88
95 44
95 15
95 49
95 97
95 0
95 87
95 16
95 25
95 71
96 3
96 4
96 10
96 23
96 24
96 27
96 28
96 37
96 41
96 43
96 55
96 56
96 57
96 58
96 66
96 67
96 70
96 76
96 78
96 80
96 81
96 86
96 87
96 92
96 93
96 95
96 19
96 16
96 44
96 13
96 99
96 74
96 34
96 54
96 38
96 31
96 17
96 68
96 45
96 65
96 25
96 9
96 2
96 51
96 84
96 83
96 88
96 71
96 18
96 46
96 30
96 42
97 0
97 3
97 5
97 6
97 15
97 17
97 26
97 28
97 34
97 35
97 40
97 41
97 45
97 46
97 64
97 76
97 77
97 80
97 82
97 85
97 89
97 90
97 95
97 84
97 1
97 69
97 54
97 10
97 36
97 22
98 1
98 7
98 9
98 10
98 11
98 24
98 26
98 29
98 37
98 47
98 48
98 56
98 57
98 58
98 60
98 70
98 73
98 75
98 77
98 79
98 89
98 90
98 93
98 36
98 78
98 19
98 92
98 83
98 74
98 86
98 15
98 49
98 8
98 16
98 82
98 59
98 52
98 21
98 35
98 3
98 72
98 18
98 40
98 42
98 4
98 84
98 69
98 91
98 39
98 33
98 14
98 54
98 6
98 63
98 64
98 46
98 51
98 88
98 99
98 61
98 27
98 23
98 68
99 0
99 2
99 3
99 8
99 9
99 10
99 23
99 26
99 27
99 35
99 36
99 37
99 43
99 46
99 53
99 58
99 64
99 66
99 67
99 68
99 75
99 76
99 77
99 78
99 81
99 82
99 85
99 92
99 95
99 96
99 98
99 34
