150
0 18
0 142
0 43
0 94
0 111
0 127
0 27
0 137
0 21
0 109
0 1
0 50
0 149
0 37
0 125
0 107
0 38
0 25
0 72
0 93
0 130
0 115
0 128
0 119
0 102
0 122
0 52
0 12
0 23
0 82
0 56
0 117
0 64
0 134
0 36
0 6
0 132
0 90
0 16
0 15
0 79
0 20
0 104
0 138
0 99
0 76
0 3
0 5
0 11
0 14
0 24
0 29
0 30
0 31
0 32
0 42
0 45
0 58
0 60
0 61
0 69
0 70
0 71
0 80
0 95
0 98
0 105
0 110
0 114
0 120
0 133
0 140
0 141
0 145
0 146
1 0
1 56
1 108
1 109
1 92
1 53
1 15
1 42
1 60
1 104
1 70
1 49
1 137
1 68
1 37
1 18
1 115
1 77
1 21
1 3
1 9
1 13
1 14
1 24
1 25
1 33
1 35
1 44
1 46
1 47
1 52
1 55
1 59
1 71
1 72
1 74
1 78
1 79
1 80
1 84
1 85
1 86
1 95
1 98
1 106
1 114
1 117
1 126
1 128
1 133
1 139
1 141
1 142
1 143
1 144
1 145
1 146
1 147
2 128
2 92
2 142
2 28
2 134
2 98
2 67
2 99
2 110
2 108
2 115
2 83
2 106
2 116
2 107
2 75
2 81
2 111
2 96
2 130
2 27
2 18
2 123
2 59
2 101
2 3
2 9
2 11
2 23
2 30
2 31
2 34
2 35
2 36
2 38
2 40
2 42
2 44
2 45
2 50
2 56
2 58
2 60
2 62
2 70
2 71
2 73
2 74
2 76
2 78
2 84
2 85
2 88
2 90
2 94
2 95
2 97
2 100
2 103
2 104
2 114
2 118
2 119
2 120
2 121
2 125
2 126
2 137
2 138
2 140
2 141
2 147
2 148
2 149
3 1
3 93
3 129
3 108
3 91
3 0
3 139
3 106
3 88
3 20
3 32
3 36
3 103
3 80
3 104
3 53
3 2
3 38
3 68
3 125
3 78
3 137
3 41
3 34
3 126
3 111
3 54
3 28
3 105
3 26
3 62
3 128
3 113
3 39
3 72
3 44
3 7
3 48
3 121
3 100
3 81
3 142
3 117
3 29
3 143
3 132
3 123
3 5
3 9
3 12
3 13
3 14
3 19
3 23
3 40
3 42
3 45
3 47
3 50
3 52
3 55
3 58
3 59
3 71
3 73
3 74
3 76
3 82
3 85
3 87
3 89
3 95
3 97
3 98
3 102
3 110
3 133
3 135
3 138
3 140
3 145
3 146
3 147
4 28
4 125
4 138
4 122
4 68
4 93
4 36
4 73
4 149
4 90
4 95
4 15
4 58
4 66
4 40
4 22
4 51
4 101
4 130
4 72
4 123
4 136
4 108
4 42
4 43
4 100
4 9
4 120
4 91
4 14
4 70
4 121
4 117
4 140
4 142
4 92
4 62
4 86
4 44
4 64
4 12
4 144
4 75
4 127
4 79
4 114
4 94
4 71
4 21
4 25
4 27
4 30
4 32
4 41
4 47
4 50
4 52
4 57
4 60
4 63
4 76
4 80
4 82
4 83
4 87
4 104
4 105
4 106
4 107
4 111
4 112
4 126
4 128
4 129
4 137
4 139
4 141
4 143
4 146
5 27
5 85
5 135
5 136
5 47
5 51
5 30
5 71
5 38
5 142
5 95
5 110
5 103
5 125
5 146
5 3
5 25
5 0
5 46
5 123
5 121
5 82
5 19
5 45
5 32
5 79
5 126
5 6
5 11
5 12
5 13
5 14
5 20
5 24
5 26
5 31
5 44
5 50
5 53
5 54
5 55
5 57
5 61
5 62
5 68
5 69
5 72
5 73
5 74
5 78
5 83
5 87
5 91
5 96
5 98
5 102
5 104
5 111
5 114
5 116
5 118
5 119
5 122
5 128
5 131
5 137
5 140
5 141
5 143
5 145
5 147
6 0
6 69
6 102
6 76
6 111
6 61
6 21
6 13
6 51
6 116
6 137
6 128
6 35
6 49
6 8
6 10
6 38
6 140
6 55
6 118
6 56
6 93
6 52
6 131
6 44
6 103
6 147
6 26
6 67
6 110
6 78
6 106
6 104
6 24
6 146
6 73
6 129
6 54
6 68
6 94
6 64
6 5
6 80
6 65
6 32
6 81
6 127
6 63
6 18
6 132
6 16
6 47
6 77
6 50
6 15
6 58
6 29
6 25
6 9
6 57
6 133
6 11
6 95
6 99
6 70
6 40
6 71
6 74
6 28
6 36
6 143
6 112
6 12
6 14
6 23
6 33
6 41
6 42
6 59
6 82
6 83
6 87
6 89
6 92
6 98
6 117
6 119
6 123
6 134
6 136
6 138
6 139
6 141
6 145
6 148
7 3
7 32
7 108
7 11
7 13
7 14
7 15
7 22
7 23
7 25
7 29
7 37
7 38
7 47
7 51
7 53
7 55
7 57
7 63
7 73
7 74
7 78
7 81
7 82
7 95
7 96
7 102
7 104
7 107
7 119
7 120
7 122
7 128
7 138
7 139
7 141
7 144
7 146
7 147
8 6
8 56
8 59
8 74
8 14
8 22
8 132
8 71
8 125
8 66
8 139
8 28
8 26
8 79
8 13
8 131
8 110
8 18
8 15
8 108
8 54
8 130
8 85
8 145
8 57
8 142
8 114
8 12
8 21
8 23
8 24
8 27
8 33
8 40
8 42
8 44
8 47
8 65
8 72
8 80
8 82
8 88
8 94
8 95
8 96
8 98
8 101
8 102
8 103
8 104
8 107
8 112
8 118
8 119
8 122
8 124
8 128
8 135
8 137
8 140
8 141
8 146
8 147
8 148
9 4
9 6
9 27
9 41
9 148
9 61
9 73
9 24
9 94
9 92
9 32
9 14
9 128
9 141
9 50
9 45
9 137
9 75
9 136
9 65
9 78
9 31
9 98
9 90
9 112
9 69
9 118
9 22
9 1
9 70
9 116
9 16
9 20
9 58
9 142
9 2
9 83
9 130
9 106
9 3
9 108
9 114
9 60
9 126
9 53
9 38
9 99
9 135
9 115
9 15
9 132
9 79
9 80
9 10
9 95
9 40
9 101
9 42
9 39
9 13
9 25
9 28
9 44
9 47
9 55
9 57
9 71
9 72
9 76
9 82
9 93
9 96
9 97
9 103
9 107
9 133
9 138
9 140
9 143
9 145
9 147
10 6
10 9
10 76
10 77
10 54
10 33
10 57
10 72
10 22
10 147
10 12
10 18
10 19
10 23
10 25
10 27
10 34
10 36
10 38
10 40
10 41
10 44
10 47
10 50
10 52
10 55
10 69
10 74
10 82
10 85
10 92
10 94
10 95
10 96
10 97
10 102
10 104
10 106
10 107
10 108
10 115
10 117
10 118
10 121
10 123
10 128
10 130
10 131
10 135
10 139
10 144
10 148
10 149
11 6
11 116
11 55
11 35
11 64
11 7
11 0
11 5
11 68
11 63
11 43
11 23
11 104
11 47
11 135
11 30
11 22
11 34
11 2
11 29
11 81
11 49
11 132
11 147
11 65
11 131
11 142
11 14
11 15
11 21
11 25
11 31
11 36
11 38
11 39
11 41
11 42
11 54
11 58
11 60
11 71
11 72
11 73
11 74
11 78
11 80
11 82
11 85
11 88
11 89
11 91
11 95
11 98
11 101
11 102
11 103
11 107
11 108
11 119
11 120
11 123
11 128
11 137
11 139
11 141
11 146
11 148
11 149
12 0
12 4
12 10
12 139
12 120
12 122
12 114
12 106
12 40
12 103
12 53
12 68
12 20
12 144
12 14
12 69
12 116
12 71
12 135
12 67
12 65
12 16
12 78
12 82
12 110
12 75
12 107
12 109
12 15
12 129
12 91
12 130
12 97
12 74
12 126
12 136
12 88
12 89
12 3
12 123
12 8
12 128
12 5
12 99
12 137
12 134
12 108
12 13
12 145
12 131
12 96
12 73
12 148
12 6
12 77
12 85
12 125
12 49
12 147
12 72
12 18
12 21
12 24
12 27
12 30
12 34
12 36
12 41
12 42
12 50
12 58
12 59
12 61
12 90
12 95
12 98
12 111
12 119
12 140
12 141
12 143
12 146
13 6
13 8
13 12
13 86
13 99
13 123
13 45
13 98
13 149
13 65
13 119
13 9
13 92
13 29
13 147
13 64
13 19
13 38
13 87
13 77
13 106
13 121
13 5
13 39
13 61
13 63
13 146
13 50
13 130
13 1
13 21
13 148
13 25
13 49
13 40
13 133
13 35
13 27
13 16
13 126
13 54
13 28
13 127
13 83
13 95
13 109
13 125
13 137
13 3
13 85
13 24
13 7
13 71
13 139
13 73
13 144
13 67
13 18
13 26
13 32
13 34
13 41
13 46
13 47
13 57
13 58
13 60
13 74
13 76
13 78
13 79
13 82
13 93
13 96
13 102
13 103
13 104
13 107
13 108
13 117
13 122
13 124
13 128
14 4
14 8
14 9
14 12
14 102
14 127
14 58
14 123
14 19
14 66
14 16
14 87
14 112
14 149
14 104
14 83
14 44
14 139
14 29
14 109
14 41
14 0
14 72
14 11
14 135
14 75
14 65
14 1
14 91
14 22
14 86
14 90
14 100
14 138
14 74
14 3
14 52
14 114
14 31
14 144
14 77
14 82
14 34
14 15
14 140
14 106
14 7
14 6
14 125
14 129
14 26
14 94
14 5
14 17
14 133
14 88
14 115
14 143
14 30
14 103
14 62
14 24
14 71
14 32
14 145
14 142
14 117
14 51
14 68
14 148
14 70
14 23
14 25
14 27
14 36
14 45
14 47
14 50
14 55
14 60
14 61
14 63
14 73
14 76
14 80
14 84
14 85
14 95
14 96
14 98
14 110
14 128
14 141
14 147
15 0
15 1
15 4
15 6
15 8
15 9
15 12
15 14
15 115
15 65
15 40
15 109
15 81
15 138
15 87
15 20
15 16
15 139
15 144
15 34
15 55
15 97
15 102
15 59
15 147
15 67
15 50
15 7
15 99
15 148
15 98
15 113
15 11
15 18
15 21
15 25
15 26
15 27
15 28
15 35
15 36
15 41
15 45
15 46
15 49
15 51
15 62
15 71
15 73
15 74
15 76
15 79
15 82
15 91
15 94
15 95
15 103
15 110
15 117
15 120
15 122
15 125
15 126
15 130
15 137
15 146
16 0
16 6
16 9
16 12
16 13
16 14
16 15
16 61
16 87
16 84
16 51
16 19
16 22
16 25
16 27
16 29
16 30
16 32
16 33
16 34
16 39
16 40
16 46
16 47
16 52
16 56
16 57
16 62
16 66
16 68
16 71
16 72
16 76
16 80
16 82
16 83
16 88
16 95
16 97
16 98
16 104
16 107
16 108
16 112
16 117
16 122
16 133
16 137
16 147
17 14
17 26
17 128
17 138
17 146
17 36
17 90
17 82
17 21
17 18
17 23
17 30
17 31
17 38
17 40
17 41
17 42
17 44
17 46
17 49
17 50
17 57
17 61
17 73
17 75
17 79
17 80
17 83
17 85
17 88
17 92
17 94
17 96
17 102
17 103
17 104
17 106
17 114
17 116
17 117
17 118
17 119
17 125
17 127
17 136
17 137
17 141
17 144
17 149
18 0
18 1
18 2
18 6
18 8
18 142
18 118
18 116
18 143
18 120
18 104
18 133
18 110
18 148
18 19
18 15
18 17
18 63
18 106
18 13
18 119
18 128
18 101
18 56
18 36
18 149
18 12
18 99
18 141
18 77
18 59
18 136
18 51
18 115
18 60
18 50
18 108
18 38
18 145
18 95
18 67
18 79
18 41
18 66
18 46
18 39
18 91
18 44
18 105
18 109
18 125
18 61
18 117
18 43
18 10
18 76
18 139
18 54
18 122
18 74
18 27
18 37
18 93
18 89
18 22
18 33
18 47
18 55
18 57
18 62
18 68
18 71
18 75
18 78
18 85
18 87
18 94
18 96
18 97
18 98
18 114
18 126
18 134
18 137
18 138
18 140
18 144
19 5
19 13
19 14
19 18
19 16
19 10
19 138
19 3
19 80
19 81
19 146
19 116
19 77
19 42
19 20
19 22
19 23
19 36
19 38
19 46
19 47
19 52
19 53
19 58
19 62
19 64
19 71
19 73
19 74
19 75
19 76
19 85
19 88
19 95
19 97
19 102
19 111
19 120
19 125
19 128
19 137
19 141
19 145
19 147
19 148
20 0
20 3
20 9
20 12
20 15
20 61
20 40
20 5
20 125
20 41
20 25
20 90
20 19
20 126
20 149
20 39
20 122
20 43
20 139
20 138
20 68
20 23
20 26
20 27
20 29
20 36
20 47
20 52
20 53
20 55
20 70
20 72
20 74
20 82
20 85
20 87
20 92
20 94
20 95
20 98
20 103
20 112
20 113
20 117
20 120
20 128
20 140
20 141
20 143
20 145
20 148
21 0
21 1
21 6
21 13
21 17
21 48
21 126
21 142
21 29
21 108
21 91
21 71
21 114
21 139
21 125
21 11
21 88
21 117
21 112
21 37
21 24
21 97
21 44
21 12
21 70
21 77
21 15
21 56
21 113
21 141
21 111
21 42
21 99
21 43
21 68
21 51
21 59
21 130
21 39
21 132
21 103
21 4
21 105
21 8
21 145
21 110
21 30
21 115
21 23
21 27
21 31
21 32
21 36
21 38
21 40
21 50
21 52
21 55
21 60
21 61
21 76
21 78
21 79
21 82
21 85
21 89
21 92
21 94
21 95
21 96
21 102
21 107
21 128
21 136
21 138
21 140
21 144
21 146
21 147
21 148
22 4
22 8
22 9
22 10
22 11
22 14
22 117
22 41
22 47
22 105
22 61
22 111
22 127
22 133
22 67
22 103
22 110
22 113
22 63
22 68
22 118
22 75
22 107
22 35
22 79
22 33
22 23
22 51
22 73
22 99
22 19
22 129
22 93
22 64
22 46
22 56
22 38
22 39
22 95
22 45
22 89
22 87
22 65
22 25
22 52
22 146
22 85
22 148
22 16
22 78
22 131
22 36
22 30
22 121
22 76
22 7
22 50
22 71
22 53
22 28
22 96
22 136
22 57
22 101
22 132
22 18
22 69
22 83
22 98
22 143
22 120
22 109
22 125
22 59
22 54
22 66
22 108
22 29
22 34
22 44
22 58
22 60
22 62
22 70
22 72
22 74
22 80
22 102
22 106
22 114
22 115
22 116
22 123
22 144
22 145
22 147
22 149
23 0
23 11
23 22
23 14
23 68
23 101
23 66
23 117
23 121
23 3
23 92
23 123
23 67
23 90
23 21
23 10
23 79
23 2
23 78
23 41
23 126
23 127
23 85
23 17
23 8
23 109
23 7
23 52
23 49
23 19
23 110
23 53
23 77
23 118
23 102
23 40
23 86
23 119
23 81
23 88
23 95
23 135
23 104
23 131
23 26
23 132
23 30
23 148
23 138
23 55
23 47
23 122
23 139
23 54
23 37
23 125
23 147
23 141
23 48
23 6
23 25
23 20
23 136
23 63
23 27
23 28
23 29
23 31
23 32
23 33
23 38
23 39
23 44
23 57
23 59
23 62
23 69
23 73
23 74
23 84
23 97
23 98
23 103
23 105
23 108
23 114
23 120
23 133
23 137
23 142
23 143
23 145
23 146
24 6
24 9
24 13
24 14
24 21
24 53
24 0
24 8
24 67
24 81
24 147
24 48
24 30
24 57
24 106
24 125
24 127
24 68
24 109
24 5
24 84
24 90
24 124
24 44
24 139
24 146
24 144
24 148
24 36
24 58
24 38
24 51
24 12
24 33
24 136
24 1
24 26
24 25
24 31
24 32
24 35
24 39
24 42
24 50
24 61
24 62
24 71
24 74
24 80
24 82
24 83
24 85
24 87
24 88
24 91
24 92
24 96
24 98
24 102
24 104
24 110
24 117
24 120
24 126
24 129
24 133
24 135
24 137
24 140
24 141
24 143
25 0
25 5
25 6
25 13
25 20
25 22
25 23
25 61
25 95
25 108
25 138
25 39
25 149
25 140
25 83
25 104
25 9
25 110
25 86
25 146
25 31
25 63
25 76
25 50
25 116
25 37
25 49
25 46
25 102
25 115
25 148
25 109
25 78
25 1
25 113
25 118
25 16
25 4
25 71
25 33
25 97
25 80
25 10
25 72
25 119
25 121
25 11
25 132
25 141
25 74
25 45
25 65
25 14
25 82
25 79
25 130
25 128
25 59
25 30
25 60
25 35
25 122
25 125
25 58
25 145
25 48
25 24
25 40
25 15
25 131
25 43
25 7
25 27
25 36
25 90
25 107
25 98
25 85
25 96
25 26
25 114
25 38
25 73
25 84
25 94
25 103
25 105
25 124
25 126
25 137
25 142
25 147
26 3
26 6
26 8
26 14
26 17
26 23
26 24
26 25
26 27
26 13
26 109
26 101
26 59
26 15
26 70
26 5
26 78
26 94
26 118
26 112
26 32
26 29
26 40
26 65
26 30
26 131
26 63
26 61
26 92
26 99
26 134
26 140
26 64
26 20
26 71
26 76
26 139
26 103
26 73
26 57
26 83
26 105
26 44
26 33
26 34
26 38
26 41
26 42
26 47
26 50
26 52
26 60
26 62
26 68
26 74
26 80
26 97
26 98
26 102
26 104
26 110
26 123
26 126
26 128
26 132
26 137
26 138
26 141
26 147
26 149
27 0
27 2
27 5
27 9
27 13
27 18
27 25
27 26
27 103
27 40
27 89
27 57
27 58
27 52
27 94
27 47
27 51
27 10
27 20
27 50
27 133
27 107
27 60
27 39
27 37
27 101
27 16
27 14
27 23
27 106
27 56
27 12
27 139
27 129
27 64
27 46
27 59
27 130
27 138
27 136
27 128
27 45
27 32
27 84
27 30
27 102
27 121
27 86
27 83
27 41
27 117
27 87
27 77
27 49
27 4
27 21
27 8
27 127
27 74
27 15
27 28
27 36
27 43
27 62
27 66
27 69
27 76
27 78
27 85
27 95
27 96
27 98
27 104
27 105
27 108
27 113
27 114
27 119
27 125
27 126
27 147
27 148
28 2
28 3
28 4
28 6
28 8
28 13
28 22
28 100
28 95
28 118
28 83
28 39
28 124
28 143
28 135
28 107
28 75
28 77
28 15
28 41
28 130
28 71
28 74
28 121
28 62
28 85
28 37
28 27
28 134
28 96
28 23
28 125
28 73
28 90
28 76
28 123
28 117
28 33
28 116
28 120
28 60
28 9
28 31
28 91
28 61
28 110
28 57
28 101
28 54
28 109
28 47
28 38
28 34
28 36
28 42
28 43
28 50
28 55
28 68
28 69
28 70
28 72
28 88
28 92
28 94
28 98
28 102
28 103
28 104
28 105
28 106
28 114
28 119
28 122
28 126
28 128
28 132
28 139
28 140
28 145
28 147
28 149
29 3
29 6
29 11
29 13
29 14
29 21
29 26
29 85
29 50
29 123
29 0
29 36
29 128
29 71
29 89
29 101
29 114
29 45
29 81
29 94
29 108
29 41
29 48
29 130
29 67
29 105
29 34
29 79
29 124
29 95
29 23
29 145
29 52
29 47
29 54
29 135
29 117
29 121
29 90
29 134
29 7
29 132
29 136
29 93
29 22
29 30
29 96
29 84
29 60
29 16
29 107
29 127
29 122
29 20
29 69
29 61
29 55
29 92
29 40
29 44
29 46
29 59
29 64
29 68
29 70
29 72
29 73
29 74
29 75
29 76
29 78
29 80
29 82
29 88
29 103
29 110
29 112
29 113
29 133
29 139
29 140
29 143
29 147
30 5
30 11
30 14
30 21
30 22
30 23
30 24
30 25
30 26
30 27
30 29
30 73
30 124
30 118
30 96
30 87
30 83
30 120
30 111
30 56
30 140
30 139
30 35
30 107
30 41
30 61
30 62
30 4
30 121
30 133
30 0
30 2
30 72
30 58
30 97
30 74
30 17
30 12
30 106
30 103
30 48
30 69
30 44
30 110
30 98
30 102
30 144
30 39
30 67
30 53
30 105
30 51
30 119
30 100
30 65
30 78
30 131
30 80
30 68
30 16
30 109
30 32
30 49
30 89
30 99
30 114
30 59
30 130
30 75
30 115
30 146
30 31
30 108
30 33
30 38
30 43
30 46
30 47
30 57
30 60
30 71
30 76
30 82
30 85
30 92
30 95
30 104
30 117
30 126
30 141
30 148
31 9
31 14
31 25
31 28
31 30
31 24
31 118
31 120
31 87
31 132
31 130
31 17
31 129
31 149
31 82
31 109
31 5
31 11
31 23
31 128
31 50
31 104
31 65
31 21
31 44
31 102
31 67
31 0
31 114
31 124
31 66
31 115
31 40
31 76
31 133
31 126
31 113
31 74
31 2
31 69
31 34
31 55
31 60
31 62
31 63
31 68
31 79
31 92
31 94
31 97
31 98
31 103
31 116
31 119
31 123
31 125
31 137
31 143
31 144
31 147
32 3
32 5
32 6
32 7
32 9
32 14
32 26
32 27
32 30
32 98
32 16
32 0
32 148
32 103
32 101
32 132
32 72
32 82
32 80
32 142
32 40
32 89
32 93
32 4
32 62
32 13
32 36
32 69
32 41
32 114
32 71
32 23
32 59
32 46
32 110
32 45
32 109
32 76
32 130
32 47
32 73
32 57
32 138
32 35
32 33
32 24
32 74
32 63
32 88
32 146
32 111
32 21
32 107
32 129
32 117
32 91
32 38
32 65
32 68
32 83
32 85
32 92
32 94
32 95
32 97
32 102
32 108
32 120
32 121
32 135
32 137
32 139
32 140
33 10
33 22
33 24
33 25
33 28
33 32
33 69
33 101
33 61
33 78
33 88
33 23
33 52
33 41
33 134
33 46
33 91
33 135
33 120
33 97
33 54
33 56
33 6
33 124
33 30
33 51
33 99
33 141
33 55
33 132
33 140
33 89
33 70
33 16
33 105
33 8
33 60
33 125
33 106
33 72
33 79
33 118
33 102
33 1
33 148
33 139
33 77
33 74
33 92
33 83
33 26
33 18
33 59
33 67
33 35
33 38
33 40
33 47
33 57
33 65
33 68
33 80
33 84
33 95
33 104
33 108
33 110
33 112
33 117
33 128
33 133
33 142
33 143
33 146
33 147
33 149
34 3
34 11
34 14
34 15
34 29
34 44
34 50
34 13
34 59
34 12
34 31
34 101
34 57
34 78
34 112
34 89
34 88
34 122
34 95
34 60
34 121
34 69
34 91
34 22
34 74
34 48
34 131
34 135
34 28
34 94
34 111
34 149
34 142
34 84
34 39
34 125
34 2
34 104
34 134
34 126
34 129
34 66
34 123
34 10
34 102
34 76
34 71
34 107
34 85
34 26
34 16
34 109
34 82
34 37
34 42
34 108
34 124
34 46
34 106
34 67
34 130
34 117
34 86
34 41
34 47
34 52
34 55
34 61
34 64
34 80
34 97
34 98
34 103
34 105
34 110
34 118
34 119
34 128
34 133
34 137
34 138
34 139
34 140
34 145
35 6
35 11
35 13
35 22
35 25
35 30
35 32
35 99
35 107
35 135
35 137
35 75
35 134
35 127
35 128
35 105
35 121
35 55
35 38
35 96
35 147
35 33
35 146
35 115
35 72
35 2
35 1
35 91
35 133
35 59
35 43
35 36
35 89
35 69
35 56
35 24
35 95
35 51
35 113
35 15
35 145
35 44
35 41
35 42
35 47
35 53
35 57
35 58
35 61
35 62
35 73
35 79
35 80
35 82
35 83
35 85
35 88
35 90
35 94
35 98
35 110
35 118
35 119
35 120
35 122
35 126
35 140
35 143
36 0
36 3
36 4
36 6
36 17
36 18
36 22
36 24
36 25
36 29
36 32
36 35
36 57
36 134
36 131
36 143
36 19
36 149
36 20
36 67
36 102
36 2
36 66
36 124
36 76
36 72
36 58
36 10
36 80
36 101
36 113
36 40
36 71
36 96
36 53
36 86
36 52
36 69
36 45
36 38
36 118
36 63
36 125
36 27
36 14
36 92
36 74
36 132
36 104
36 28
36 88
36 109
36 79
36 98
36 11
36 139
36 110
36 106
36 147
36 87
36 65
36 12
36 138
36 47
36 120
36 137
36 99
36 133
36 50
36 15
36 82
36 21
36 115
36 39
36 42
36 46
36 55
36 60
36 61
36 62
36 81
36 85
36 90
36 95
36 105
36 114
36 116
36 117
36 119
36 122
36 126
36 128
36 136
36 141
37 0
37 1
37 18
37 21
37 23
37 25
37 27
37 28
37 34
37 7
37 58
37 38
37 40
37 41
37 42
37 44
37 45
37 61
37 63
37 65
37 68
37 72
37 73
37 78
37 82
37 85
37 89
37 91
37 94
37 96
37 98
37 102
37 104
37 110
37 114
37 117
37 118
37 122
37 123
37 126
37 128
37 136
37 140
37 141
37 143
37 144
37 147
38 0
38 3
38 5
38 6
38 9
38 13
38 18
38 22
38 24
38 28
38 35
38 36
38 94
38 85
38 119
38 23
38 37
38 7
38 51
38 72
38 74
38 58
38 115
38 149
38 52
38 26
38 59
38 116
38 114
38 108
38 42
38 64
38 62
38 83
38 92
38 40
38 143
38 30
38 39
38 32
38 2
38 123
38 142
38 41
38 21
38 61
38 98
38 97
38 75
38 82
38 110
38 68
38 71
38 33
38 90
38 117
38 125
38 101
38 60
38 145
38 95
38 134
38 11
38 136
38 104
38 81
38 10
38 118
38 120
38 17
38 19
38 54
38 144
38 25
38 45
38 88
38 44
38 50
38 55
38 57
38 76
38 78
38 80
38 87
38 102
38 122
38 128
38 133
38 137
38 139
38 140
38 141
38 147
39 3
39 9
39 13
39 18
39 20
39 21
39 22
39 25
39 27
39 28
39 30
39 34
39 38
39 137
39 120
39 24
39 36
39 43
39 98
39 132
39 95
39 96
39 118
39 138
39 62
39 11
39 70
39 58
39 110
39 149
39 16
39 133
39 45
39 126
39 23
39 131
39 87
39 41
39 44
39 47
39 49
39 53
39 55
39 56
39 60
39 67
39 71
39 73
39 76
39 82
39 84
39 92
39 94
39 100
39 103
39 104
39 105
39 106
39 109
39 112
39 117
39 119
39 121
39 139
39 146
39 148
40 4
40 6
40 9
40 12
40 13
40 15
40 20
40 23
40 25
40 26
40 27
40 31
40 32
40 36
40 38
40 111
40 78
40 55
40 61
40 29
40 65
40 17
40 8
40 68
40 147
40 122
40 134
40 42
40 135
40 124
40 33
40 46
40 143
40 132
40 120
40 89
40 10
40 91
40 37
40 2
40 102
40 98
40 141
40 107
40 16
40 21
40 75
40 57
40 73
40 131
40 127
40 43
40 112
40 85
40 90
40 119
40 115
40 48
40 110
40 144
40 72
40 3
40 148
40 82
40 64
40 44
40 50
40 71
40 74
40 76
40 79
40 88
40 97
40 105
40 106
40 128
40 130
40 133
40 137
40 138
40 139
40 140
41 3
41 9
41 14
41 18
41 20
41 22
41 23
41 27
41 28
41 29
41 30
41 32
41 33
41 38
41 4
41 143
41 135
41 86
41 145
41 12
41 26
41 112
41 6
41 74
41 66
41 95
41 13
41 79
41 11
41 97
41 35
41 103
41 123
41 10
41 91
41 75
41 15
41 132
41 127
41 109
41 43
41 88
41 17
41 34
41 81
41 106
41 55
41 45
41 37
41 48
41 77
41 70
41 62
41 39
41 53
41 89
41 138
41 47
41 50
41 58
41 60
41 69
41 72
41 82
41 83
41 87
41 90
41 92
41 96
41 98
41 104
41 105
41 107
41 108
41 117
41 118
41 120
41 128
41 133
41 137
41 140
41 141
41 146
41 147
41 148
42 1
42 4
42 9
42 19
42 21
42 34
42 38
42 40
42 140
42 85
42 2
42 148
42 37
42 6
42 70
42 54
42 120
42 72
42 26
42 125
42 60
42 141
42 11
42 36
42 86
42 17
42 52
42 44
42 118
42 113
42 147
42 95
42 55
42 75
42 137
42 100
42 149
42 76
42 61
42 24
42 12
42 49
42 45
42 94
42 88
42 66
42 67
42 69
42 107
42 51
42 131
42 84
42 3
42 108
42 53
42 35
42 136
42 59
42 93
42 126
42 74
42 0
42 114
42 134
42 130
42 115
42 91
42 8
42 28
42 143
42 90
42 47
42 106
42 98
42 46
42 68
42 78
42 80
42 82
42 92
42 102
42 104
42 110
42 112
42 119
42 128
42 133
42 135
42 138
43 0
43 4
43 11
43 18
43 20
43 21
43 25
43 35
43 39
43 40
43 41
43 60
43 104
43 105
43 28
43 89
43 27
43 85
43 30
43 133
43 44
43 53
43 55
43 58
43 59
43 61
43 62
43 63
43 64
43 68
43 70
43 71
43 73
43 74
43 76
43 82
43 83
43 84
43 87
43 96
43 98
43 102
43 107
43 110
43 114
43 120
43 123
43 134
43 135
43 137
43 139
43 141
43 147
43 149
44 3
44 4
44 6
44 14
44 18
44 21
44 24
44 26
44 30
44 31
44 34
44 35
44 42
44 68
44 9
44 37
44 98
44 82
44 38
44 101
44 22
44 145
44 10
44 43
44 140
44 134
44 1
44 144
44 72
44 137
44 63
44 96
44 84
44 146
44 23
44 88
44 8
44 138
44 99
44 40
44 52
44 122
44 110
44 53
44 136
44 5
44 81
44 86
44 90
44 114
44 143
44 115
44 108
44 149
44 73
44 109
44 29
44 83
44 121
44 119
44 130
44 69
44 66
44 95
44 2
44 79
44 87
44 77
44 17
44 54
44 57
44 39
44 124
44 97
44 50
44 60
44 61
44 62
44 65
44 74
44 75
44 103
44 106
44 112
44 116
44 123
44 127
44 131
44 133
44 135
44 147
45 5
45 9
45 13
45 22
45 25
45 27
45 29
45 32
45 36
45 38
45 39
45 41
45 42
45 123
45 142
45 94
45 55
45 88
45 77
45 146
45 148
45 3
45 111
45 143
45 37
45 137
45 100
45 90
45 112
45 79
45 68
45 2
45 14
45 61
45 104
45 0
45 15
45 92
45 121
45 76
45 60
45 108
45 62
45 69
45 74
45 75
45 82
45 83
45 85
45 95
45 96
45 97
45 103
45 119
45 120
45 128
45 141
45 147
45 149
46 5
46 18
46 22
46 25
46 27
46 32
46 33
46 34
46 40
46 69
46 112
46 131
46 119
46 108
46 36
46 111
46 113
46 30
46 127
46 29
46 105
46 1
46 65
46 60
46 129
46 78
46 13
46 66
46 120
46 123
46 147
46 117
46 142
46 42
46 109
46 15
46 17
46 16
46 74
46 79
46 134
46 53
46 91
46 125
46 19
46 70
46 132
46 75
46 47
46 57
46 58
46 73
46 82
46 85
46 87
46 92
46 95
46 98
46 122
46 124
46 126
46 128
46 133
46 137
46 140
46 146
46 148
47 5
47 6
47 11
47 22
47 23
47 27
47 28
47 29
47 32
47 36
47 42
47 10
47 79
47 13
47 142
47 132
47 51
47 9
47 50
47 14
47 19
47 26
47 60
47 102
47 100
47 98
47 88
47 34
47 92
47 106
47 8
47 140
47 113
47 59
47 115
47 1
47 67
47 39
47 33
47 72
47 7
47 84
47 103
47 16
47 123
47 35
47 97
47 87
47 119
47 66
47 61
47 30
47 147
47 108
47 149
47 82
47 78
47 4
47 46
47 137
47 90
47 117
47 96
47 126
47 3
47 145
47 56
47 144
47 109
47 76
47 20
47 143
47 41
47 89
47 136
47 18
47 69
47 135
47 52
47 105
47 58
47 73
47 74
47 75
47 83
47 85
47 95
47 128
47 129
47 130
47 133
47 139
47 146
48 3
48 21
48 23
48 24
48 25
48 29
48 30
48 34
48 40
48 41
48 148
48 63
48 50
48 57
48 62
48 69
48 71
48 74
48 75
48 76
48 80
48 83
48 85
48 90
48 95
48 96
48 97
48 98
48 103
48 110
48 113
48 117
48 118
48 119
48 120
48 122
48 128
48 129
48 137
48 139
48 142
48 147
48 149
49 1
49 6
49 11
49 12
49 13
49 23
49 25
49 27
49 30
49 42
49 84
49 119
49 39
49 132
49 83
49 15
49 90
49 55
49 91
49 97
49 122
49 61
49 17
49 128
49 50
49 59
49 69
49 70
49 71
49 73
49 74
49 75
49 76
49 78
49 82
49 85
49 92
49 94
49 98
49 102
49 105
49 112
49 118
49 120
49 126
49 133
49 137
49 138
49 139
49 140
49 141
49 143
49 147
49 148
49 149
50 0
50 6
50 9
50 13
50 15
50 18
50 22
50 25
50 27
50 29
50 31
50 34
50 36
50 47
50 137
50 54
50 120
50 26
50 130
50 110
50 131
50 2
50 106
50 98
50 121
50 41
50 3
50 65
50 92
50 100
50 44
50 77
50 24
50 129
50 102
50 103
50 93
50 82
50 62
50 142
50 74
50 127
50 4
50 59
50 73
50 48
50 132
50 89
50 38
50 5
50 139
50 86
50 96
50 49
50 97
50 145
50 28
50 148
50 60
50 57
50 124
50 10
50 76
50 95
50 109
50 108
50 79
50 136
50 40
50 67
50 56
50 12
50 94
50 17
50 115
50 113
50 14
50 21
50 52
50 55
50 61
50 70
50 71
50 72
50 78
50 80
50 85
50 91
50 111
50 117
50 128
50 135
50 140
50 146
50 147
50 149
51 4
51 5
51 6
51 14
51 16
51 18
51 21
51 22
51 24
51 27
51 30
51 33
51 35
51 38
51 42
51 47
51 119
51 7
51 15
51 81
51 94
51 98
51 55
51 57
51 60
51 61
51 65
51 68
51 74
51 76
51 80
51 85
51 87
51 92
51 96
51 103
51 105
51 107
51 112
51 118
51 122
51 123
51 133
51 137
51 139
51 140
51 141
51 147
52 0
52 6
52 14
52 22
52 23
52 27
52 29
52 33
52 36
52 38
52 42
52 44
52 47
52 114
52 86
52 76
52 63
52 50
52 87
52 79
52 126
52 89
52 74
52 70
52 124
52 112
52 65
52 125
52 103
52 80
52 1
52 26
52 4
52 92
52 19
52 146
52 78
52 34
52 85
52 3
52 120
52 59
52 16
52 72
52 20
52 10
52 137
52 105
52 94
52 21
52 57
52 131
52 135
52 55
52 69
52 75
52 77
52 82
52 83
52 84
52 96
52 97
52 98
52 106
52 117
52 118
52 121
52 122
52 128
52 133
52 141
52 143
52 144
52 147
53 1
53 3
53 9
53 12
53 22
53 23
53 24
53 30
53 36
53 41
53 42
53 44
53 46
53 43
53 78
53 97
53 35
53 19
53 126
53 20
53 96
53 70
53 140
53 39
53 58
53 90
53 7
53 5
53 62
53 107
53 66
53 69
53 93
53 55
53 57
53 60
53 68
53 72
53 74
53 76
53 80
53 82
53 85
53 94
53 95
53 99
53 105
53 113
53 117
53 118
53 120
53 123
53 128
53 136
53 137
53 138
53 143
53 147
54 3
54 6
54 8
54 10
54 13
54 18
54 22
54 23
54 28
54 29
54 33
54 38
54 42
54 44
54 50
54 139
54 11
54 91
54 5
54 57
54 61
54 62
54 64
54 65
54 68
54 69
54 73
54 78
54 81
54 82
54 83
54 94
54 96
54 98
54 104
54 105
54 106
54 107
54 112
54 116
54 117
54 120
54 122
54 125
54 128
54 129
54 133
54 137
54 143
54 144
54 145
54 146
55 6
55 11
55 15
55 23
55 29
55 33
55 35
55 40
55 41
55 42
55 45
55 49
55 149
55 115
55 140
55 34
55 36
55 3
55 88
55 59
55 84
55 39
55 18
55 134
55 99
55 75
55 133
55 9
55 121
55 132
55 1
55 62
55 5
55 50
55 124
55 21
55 112
55 28
55 129
55 51
55 142
55 103
55 31
55 105
55 120
55 98
55 95
55 74
55 80
55 7
55 79
55 61
55 63
55 64
55 139
55 14
55 130
55 141
55 147
55 10
55 136
55 52
55 38
55 76
55 102
55 135
55 43
55 20
55 106
55 53
55 57
55 60
55 72
55 73
55 78
55 83
55 85
55 92
55 97
55 113
55 116
55 117
55 119
55 137
55 148
56 0
56 1
56 6
56 8
56 18
56 21
56 22
56 27
56 30
56 33
56 35
56 47
56 50
56 2
56 39
56 16
56 101
56 69
56 65
56 142
56 100
56 81
56 141
56 86
56 89
56 118
56 62
56 63
56 66
56 71
56 74
56 76
56 78
56 80
56 83
56 84
56 94
56 95
56 96
56 104
56 105
56 112
56 114
56 120
56 121
56 126
56 127
56 128
56 140
56 143
56 145
56 148
57 6
57 8
57 10
57 22
57 24
57 26
57 27
57 28
57 32
57 34
57 36
57 40
57 44
57 50
57 52
57 136
57 102
57 89
57 9
57 141
57 88
57 135
57 107
57 81
57 133
57 94
57 63
57 30
57 84
57 83
57 78
57 101
57 128
57 112
57 138
57 145
57 121
57 75
57 103
57 18
57 53
57 5
57 137
57 16
57 148
57 35
57 85
57 111
57 59
57 58
57 105
57 110
57 130
57 69
57 123
57 17
57 119
57 72
57 147
57 106
57 93
57 129
57 54
57 68
57 118
57 55
57 114
57 71
57 51
57 117
57 38
57 48
57 125
57 33
57 4
57 13
57 70
57 7
57 23
57 95
57 46
57 60
57 61
57 65
57 76
57 80
57 87
57 96
57 97
57 108
57 124
57 126
57 131
57 140
58 4
58 6
58 9
58 14
58 24
58 25
58 27
58 30
58 36
58 37
58 38
58 39
58 53
58 57
58 133
58 2
58 47
58 70
58 19
58 135
58 12
58 147
58 119
58 127
58 148
58 113
58 140
58 41
58 13
58 35
58 106
58 0
58 117
58 76
58 105
58 46
58 63
58 143
58 130
58 141
58 22
58 11
58 43
58 71
58 82
58 3
58 73
58 78
58 87
58 95
58 96
58 98
58 104
58 112
58 116
58 118
58 123
58 128
58 137
59 2
59 8
59 15
59 18
59 21
59 22
59 25
59 26
59 27
59 30
59 32
59 33
59 34
59 35
59 38
59 42
59 47
59 50
59 52
59 55
59 57
59 98
59 96
59 100
59 93
59 127
59 6
59 130
59 144
59 49
59 140
59 3
59 120
59 71
59 43
59 76
59 88
59 149
59 145
59 23
59 65
59 137
59 1
59 70
59 82
59 126
59 29
59 104
59 12
59 132
59 67
59 60
59 72
59 74
59 75
59 91
59 92
59 95
59 97
59 108
59 111
59 119
59 125
59 138
59 139
59 141
59 146
60 1
60 9
60 18
60 25
60 27
60 28
60 29
60 33
60 34
60 38
60 42
60 43
60 45
60 46
60 47
60 50
60 2
60 85
60 76
60 13
60 95
60 39
60 125
60 88
60 67
60 144
60 68
60 55
60 21
60 0
60 11
60 89
60 83
60 51
60 26
60 4
60 126
60 138
60 41
60 78
60 92
60 31
60 57
60 14
60 94
60 130
60 72
60 136
60 123
60 112
60 139
60 86
60 22
60 108
60 59
60 75
60 84
60 87
60 53
60 30
60 44
60 36
60 107
60 62
60 74
60 79
60 80
60 98
60 104
60 106
60 114
60 115
60 116
60 118
60 121
60 122
60 128
60 132
60 133
60 137
60 140
60 143
60 146
60 147
61 6
61 9
61 13
61 16
61 18
61 20
61 22
61 25
61 26
61 28
61 29
61 30
61 33
61 38
61 40
61 42
61 45
61 47
61 49
61 55
61 135
61 62
61 24
61 142
61 67
61 105
61 91
61 146
61 104
61 54
61 108
61 134
61 120
61 5
61 87
61 37
61 71
61 85
61 57
61 44
61 34
61 68
61 36
61 50
61 127
61 115
61 141
61 132
61 144
61 94
61 112
61 84
61 35
61 70
61 137
61 111
61 124
61 116
61 129
61 82
61 128
61 12
61 14
61 125
61 147
61 21
61 0
61 51
61 17
61 65
61 102
61 43
61 69
61 63
61 64
61 73
61 74
61 79
61 80
61 95
61 96
61 97
61 98
61 113
61 114
61 117
61 118
61 123
61 139
61 140
62 3
62 4
62 14
62 28
62 30
62 32
62 38
62 39
62 41
62 50
62 53
62 55
62 61
62 114
62 94
62 149
62 16
62 18
62 147
62 24
62 82
62 60
62 23
62 15
62 74
62 106
62 22
62 122
62 19
62 101
62 45
62 56
62 103
62 130
62 115
62 54
62 119
62 135
62 146
62 88
62 44
62 89
62 64
62 36
62 27
62 5
62 35
62 108
62 48
62 86
62 144
62 87
62 113
62 84
62 99
62 80
62 109
62 77
62 111
62 70
62 31
62 133
62 137
62 67
62 26
62 118
62 79
62 43
62 131
62 124
62 140
62 75
62 2
62 76
62 78
62 83
62 85
62 92
62 96
62 98
62 107
62 110
62 112
62 116
62 120
62 123
62 125
62 136
62 139
62 141
62 143
62 148
63 6
63 11
63 13
63 18
63 22
63 23
63 25
63 26
63 32
63 36
63 44
63 48
63 52
63 55
63 57
63 58
63 97
63 31
63 132
63 65
63 109
63 115
63 116
63 14
63 56
63 7
63 84
63 119
63 77
63 125
63 61
63 37
63 88
63 95
63 135
63 99
63 113
63 92
63 106
63 122
63 102
63 4
63 69
63 43
63 64
63 71
63 73
63 76
63 78
63 79
63 82
63 83
63 90
63 96
63 103
63 104
63 105
63 110
63 111
63 114
63 117
63 123
63 128
63 130
63 138
63 139
63 140
63 141
63 144
63 148
63 149
64 0
64 4
64 6
64 11
64 13
64 22
64 26
64 27
64 38
64 40
64 55
64 62
64 115
64 61
64 34
64 29
64 54
64 43
64 139
64 19
64 72
64 81
64 128
64 63
64 86
64 124
64 71
64 85
64 88
64 89
64 92
64 95
64 96
64 98
64 102
64 103
64 104
64 107
64 112
64 114
64 117
64 118
64 122
64 123
64 129
64 137
64 140
64 143
64 149
65 6
65 9
65 11
65 12
65 13
65 14
65 15
65 22
65 25
65 26
65 30
65 31
65 36
65 40
65 46
65 50
65 52
65 56
65 59
65 61
65 63
65 68
65 94
65 103
65 54
65 129
65 51
65 88
65 33
65 95
65 76
65 139
65 37
65 89
65 93
65 143
65 32
65 78
65 44
65 135
65 125
65 134
65 8
65 84
65 57
65 70
65 72
65 73
65 82
65 83
65 85
65 90
65 97
65 98
65 102
65 105
65 106
65 111
65 112
65 116
65 122
65 128
65 138
65 140
65 144
65 145
65 147
65 149
66 4
66 8
66 14
66 18
66 22
66 23
66 31
66 34
66 36
66 41
66 42
66 44
66 46
66 47
66 53
66 27
66 16
66 68
66 86
66 117
66 56
66 80
66 98
66 133
66 102
66 99
66 130
66 67
66 71
66 73
66 75
66 76
66 82
66 85
66 87
66 88
66 92
66 95
66 96
66 103
66 104
66 105
66 107
66 112
66 114
66 119
66 123
66 126
66 128
66 131
66 137
66 140
66 142
66 147
67 2
67 6
67 12
67 13
67 15
67 18
67 22
67 23
67 24
67 29
67 30
67 31
67 33
67 34
67 36
67 42
67 47
67 50
67 59
67 60
67 61
67 62
67 66
67 39
67 138
67 70
67 76
67 78
67 80
67 82
67 85
67 88
67 89
67 92
67 95
67 98
67 102
67 103
67 105
67 107
67 108
67 111
67 118
67 119
67 120
67 125
67 133
67 135
67 136
67 139
67 140
67 141
67 144
67 147
67 149
68 1
68 3
68 4
68 6
68 11
68 12
68 14
68 20
68 21
68 22
68 23
68 24
68 30
68 38
68 40
68 44
68 45
68 57
68 60
68 61
68 65
68 66
68 42
68 103
68 70
68 32
68 100
68 5
68 18
68 78
68 29
68 91
68 122
68 101
68 95
68 104
68 28
68 16
68 136
68 79
68 37
68 51
68 43
68 31
68 97
68 99
68 112
68 54
68 142
68 77
68 130
68 53
68 92
68 33
68 26
68 141
68 82
68 139
68 128
68 143
68 93
68 132
68 107
68 120
68 86
68 94
68 71
68 72
68 74
68 83
68 102
68 106
68 114
68 123
68 125
68 126
68 137
68 138
68 140
68 145
68 147
69 6
69 9
69 12
69 22
69 29
69 30
69 31
69 32
69 33
69 34
69 35
69 36
69 42
69 44
69 46
69 47
69 53
69 56
69 57
69 61
69 63
69 45
69 148
69 135
69 48
69 141
69 79
69 75
69 41
69 125
69 49
69 96
69 0
69 10
69 81
69 106
69 138
69 78
69 98
69 121
69 112
69 90
69 23
69 5
69 54
69 27
69 74
69 70
69 136
69 28
69 145
69 123
69 107
69 132
69 84
69 52
69 71
69 72
69 73
69 76
69 77
69 82
69 88
69 89
69 94
69 102
69 105
69 111
69 119
69 120
69 127
69 128
69 133
69 146
70 1
70 4
70 6
70 9
70 14
70 21
70 26
70 33
70 39
70 41
70 42
70 46
70 52
70 53
70 57
70 58
70 59
70 61
70 62
70 68
70 69
70 2
70 85
70 80
70 49
70 140
70 29
70 148
70 81
70 124
70 43
70 0
70 67
70 111
70 110
70 86
70 93
70 117
70 88
70 74
70 112
70 98
70 142
70 20
70 22
70 65
70 50
70 28
70 71
70 73
70 76
70 78
70 83
70 94
70 95
70 96
70 103
70 105
70 122
70 126
70 128
70 133
70 137
70 143
70 145
70 147
71 4
71 5
71 6
71 8
71 12
71 13
71 14
71 21
71 22
71 25
71 26
71 28
71 29
71 32
71 34
71 36
71 38
71 57
71 58
71 59
71 61
71 19
71 40
71 24
71 70
71 136
71 86
71 77
71 81
71 30
71 66
71 39
71 110
71 119
71 16
71 83
71 101
71 1
71 145
71 50
71 146
71 122
71 123
71 85
71 63
71 94
71 147
71 102
71 69
71 9
71 98
71 142
71 18
71 48
71 93
71 108
71 111
71 2
71 134
71 68
71 104
71 43
71 0
71 148
71 11
71 95
71 15
71 49
71 116
71 56
71 137
71 3
71 64
71 131
71 76
71 80
71 87
71 103
71 106
71 112
71 114
71 120
71 127
71 128
71 133
71 140
71 143
71 144
72 0
72 3
72 4
72 10
72 12
72 14
72 25
72 30
72 32
72 33
72 35
72 36
72 38
72 40
72 42
72 44
72 47
72 52
72 57
72 60
72 64
72 136
72 37
72 41
72 95
72 28
72 119
72 76
72 9
72 123
72 141
72 80
72 106
72 87
72 5
72 20
72 59
72 138
72 22
72 82
72 11
72 88
72 105
72 68
72 1
72 53
72 122
72 91
72 69
72 118
72 115
72 144
72 131
72 29
72 77
72 89
72 50
72 55
72 129
72 8
72 65
72 132
72 16
72 78
72 83
72 84
72 92
72 94
72 98
72 108
72 110
72 114
72 116
72 117
72 139
72 140
72 143
72 145
72 147
72 148
73 4
73 6
73 9
73 12
73 13
73 22
73 26
73 28
73 30
73 32
73 40
73 44
73 50
73 54
73 11
73 136
73 65
73 66
73 89
73 3
73 113
73 70
73 93
73 29
73 90
73 149
73 17
73 147
73 37
73 2
73 7
73 107
73 25
73 122
73 5
73 35
73 145
73 55
73 75
73 138
73 19
73 77
73 15
73 14
73 137
73 47
73 23
73 49
73 130
73 131
73 46
73 135
73 125
73 69
73 128
73 61
73 58
73 80
73 88
73 63
73 39
73 83
73 104
73 121
73 43
73 74
73 82
73 91
73 94
73 95
73 98
73 102
73 105
73 108
73 111
73 114
73 133
73 140
73 141
73 142
73 143
73 144
73 146
74 6
74 8
74 12
74 14
74 18
74 25
74 27
74 28
74 30
74 31
74 32
74 33
74 34
74 36
74 38
74 41
74 42
74 46
74 50
74 52
74 55
74 62
74 69
74 70
74 140
74 5
74 43
74 29
74 10
74 13
74 56
74 142
74 143
74 80
74 111
74 90
74 100
74 145
74 87
74 76
74 149
74 44
74 85
74 68
74 95
74 79
74 7
74 148
74 61
74 135
74 96
74 110
74 106
74 105
74 115
74 51
74 23
74 40
74 136
74 93
74 73
74 2
74 53
74 112
74 60
74 59
74 26
74 45
74 99
74 49
74 121
74 101
74 19
74 97
74 91
74 117
74 47
74 22
74 144
74 134
74 146
74 88
74 1
74 108
74 15
74 77
74 84
74 104
74 11
74 75
74 24
74 138
74 116
74 3
74 20
74 82
74 125
74 48
74 78
74 81
74 92
74 94
74 102
74 107
74 114
74 123
74 126
74 129
74 132
74 133
74 137
74 139
74 147
75 2
75 4
75 9
75 12
75 14
75 22
75 28
75 30
75 35
75 38
75 40
75 41
75 42
75 46
75 55
75 57
75 60
75 62
75 69
75 73
75 74
75 18
75 83
75 111
75 86
75 105
75 108
75 96
75 100
75 114
75 81
75 47
75 129
75 131
75 102
75 93
75 118
75 112
75 110
75 29
75 101
75 87
75 95
75 52
75 82
75 107
75 146
75 94
75 106
75 126
75 119
75 44
75 48
75 132
75 76
75 137
75 66
75 49
75 59
75 19
75 45
75 17
75 99
75 80
75 85
75 97
75 103
75 117
75 123
75 125
75 128
75 133
75 140
75 141
75 142
75 143
75 147
75 148
76 0
76 6
76 10
76 18
76 22
76 25
76 26
76 28
76 31
76 32
76 34
76 36
76 42
76 45
76 47
76 50
76 52
76 55
76 58
76 59
76 60
76 65
76 72
76 74
76 75
76 141
76 104
76 14
76 71
76 57
76 145
76 80
76 63
76 112
76 67
76 105
76 92
76 139
76 79
76 128
76 53
76 78
76 101
76 126
76 100
76 66
76 43
76 4
76 27
76 19
76 133
76 21
76 89
76 69
76 70
76 16
76 96
76 29
76 124
76 129
76 107
76 13
76 15
76 9
76 130
76 81
76 102
76 114
76 62
76 30
76 135
76 48
76 49
76 147
76 51
76 38
76 140
76 94
76 93
76 39
76 56
76 148
76 83
76 143
76 3
76 40
76 122
76 97
76 111
76 113
76 77
76 2
76 134
76 82
76 117
76 142
76 85
76 95
76 98
76 106
76 118
76 123
76 132
76 136
76 138
76 146
77 1
77 6
77 10
77 12
77 13
77 14
77 18
77 19
77 21
77 23
77 27
77 28
77 33
77 41
77 44
77 45
77 50
77 62
77 63
77 68
77 71
77 72
77 73
77 74
77 76
77 69
77 83
77 101
77 98
77 88
77 107
77 52
77 80
77 87
77 92
77 96
77 100
77 105
77 112
77 114
77 119
77 123
77 128
77 135
77 137
77 138
77 140
77 141
77 142
77 144
77 145
77 147
78 3
78 6
78 9
78 12
78 22
78 23
78 25
78 26
78 30
78 33
78 34
78 40
78 46
78 47
78 52
78 53
78 57
78 60
78 65
78 68
78 69
78 72
78 76
78 108
78 27
78 62
78 7
78 37
78 5
78 56
78 13
78 70
78 29
78 49
78 67
78 87
78 135
78 38
78 84
78 103
78 117
78 111
78 106
78 134
78 1
78 137
78 11
78 58
78 116
78 54
78 21
78 119
78 63
78 74
78 133
78 42
78 101
78 85
78 18
78 97
78 126
78 139
78 2
78 128
78 122
78 55
78 50
78 132
78 136
78 80
78 79
78 115
78 120
78 82
78 91
78 94
78 95
78 98
78 102
78 105
78 110
78 123
78 124
78 130
78 140
78 141
78 144
79 0
79 4
79 5
79 8
79 9
79 18
79 22
79 23
79 25
79 29
79 33
79 36
79 41
79 44
79 45
79 46
79 47
79 50
79 52
79 55
79 62
79 68
79 69
79 74
79 76
79 78
79 145
79 109
79 13
79 81
79 1
79 31
79 123
79 137
79 131
79 17
79 35
79 141
79 61
79 95
79 112
79 135
79 21
79 15
79 83
79 40
79 98
79 60
79 63
79 80
79 87
79 88
79 90
79 91
79 92
79 104
79 114
79 117
79 124
79 126
79 128
79 130
79 136
79 140
79 144
79 148
80 3
80 6
80 9
80 19
80 25
80 30
80 32
80 36
80 52
80 55
80 62
80 66
80 70
80 72
80 73
80 74
80 76
80 78
80 26
80 71
80 138
80 0
80 148
80 35
80 131
80 115
80 120
80 109
80 51
80 29
80 135
80 96
80 61
80 79
80 11
80 67
80 24
80 33
80 81
80 140
80 88
80 42
80 101
80 8
80 1
80 145
80 4
80 114
80 34
80 122
80 132
80 22
80 93
80 77
80 75
80 100
80 14
80 17
80 149
80 85
80 48
80 60
80 129
80 38
80 50
80 57
80 56
80 147
80 134
80 142
80 16
80 53
80 87
80 139
80 118
80 127
80 82
80 84
80 91
80 94
80 98
80 102
80 108
80 110
80 119
80 124
80 133
81 2
81 3
81 6
81 11
81 15
81 19
81 23
81 24
81 29
81 38
81 41
81 44
81 51
81 56
81 57
81 64
81 69
81 70
81 71
81 75
81 76
81 79
81 80
81 7
81 54
81 108
81 36
81 88
81 74
81 109
81 114
81 126
81 82
81 85
81 94
81 98
81 103
81 110
81 111
81 117
81 118
81 125
81 128
81 130
81 137
81 138
81 139
81 140
81 141
81 143
81 145
81 147
81 149
82 0
82 5
82 12
82 14
82 17
82 25
82 31
82 32
82 34
82 36
82 38
82 40
82 44
82 47
82 50
82 58
82 59
82 61
82 62
82 68
82 72
82 74
82 75
82 76
82 97
82 52
82 84
82 113
82 66
82 9
82 129
82 3
82 11
82 147
82 10
82 98
82 119
82 21
82 121
82 142
82 83
82 116
82 65
82 73
82 46
82 49
82 15
82 30
82 125
82 24
82 35
82 80
82 105
82 69
82 67
82 103
82 54
82 108
82 115
82 20
82 122
82 8
82 37
82 43
82 41
82 104
82 42
82 6
82 149
82 63
82 93
82 29
82 131
82 81
82 4
82 7
82 89
82 144
82 120
82 138
82 53
82 126
82 100
82 139
82 106
82 146
82 45
82 39
82 114
82 78
82 135
82 16
82 13
82 88
82 94
82 96
82 107
82 112
82 117
82 118
82 128
82 136
82 137
82 140
82 141
82 145
82 148
83 2
83 9
83 13
83 14
83 22
83 25
83 26
83 27
83 28
83 30
83 33
83 38
83 44
83 49
83 57
83 60
83 71
83 73
83 75
83 76
83 77
83 79
83 82
83 89
83 95
83 92
83 55
83 6
83 70
83 97
83 143
83 93
83 32
83 47
83 116
83 99
83 62
83 16
83 54
83 68
83 45
83 96
83 56
83 24
83 120
83 124
83 52
83 132
83 72
83 87
83 4
83 41
83 114
83 106
83 139
83 43
83 98
83 108
83 17
83 142
83 86
83 65
83 146
83 100
83 48
83 105
83 104
83 63
83 35
83 140
83 5
83 147
83 125
83 91
83 145
83 85
83 94
83 110
83 111
83 118
83 119
83 133
83 137
83 141
83 144
84 16
84 24
84 27
84 29
84 34
84 42
84 44
84 47
84 49
84 55
84 57
84 60
84 61
84 62
84 63
84 65
84 69
84 74
84 78
84 82
84 23
84 102
84 96
84 1
84 97
84 148
84 103
84 25
84 99
84 89
84 144
84 122
84 101
84 113
84 128
84 80
84 52
84 93
84 2
84 116
84 39
84 139
84 33
84 56
84 108
84 110
84 119
84 14
84 72
84 43
84 85
84 88
84 91
84 106
84 114
84 117
84 123
84 137
84 138
84 146
84 147
84 149
85 5
85 8
85 12
85 13
85 22
85 23
85 25
85 28
85 29
85 34
85 38
85 40
85 42
85 43
85 52
85 57
85 60
85 61
85 70
85 71
85 74
85 78
85 80
85 83
85 109
85 3
85 30
85 67
85 37
85 46
85 11
85 2
85 20
85 65
85 101
85 35
85 131
85 95
85 45
85 130
85 64
85 140
85 147
85 96
85 88
85 132
85 125
85 133
85 36
85 76
85 91
85 17
85 81
85 55
85 51
85 49
85 145
85 149
85 84
85 112
85 27
85 122
85 102
85 111
85 119
85 98
85 50
85 134
85 120
85 87
85 32
85 66
85 127
85 92
85 48
85 75
85 10
85 137
85 24
85 19
85 18
85 108
85 14
85 97
85 107
85 47
85 143
85 1
85 53
85 113
85 103
85 115
85 90
85 62
85 21
85 94
85 105
85 106
85 110
85 117
85 126
85 146
86 4
86 13
86 14
86 23
86 25
86 27
86 34
86 36
86 41
86 42
86 44
86 50
86 52
86 56
86 60
86 62
86 64
86 66
86 68
86 70
86 71
86 75
86 83
86 1
86 87
86 94
86 102
86 104
86 105
86 115
86 117
86 119
86 120
86 122
86 123
86 124
86 127
86 128
86 135
86 137
86 138
86 140
86 143
86 146
86 148
87 13
87 14
87 15
87 16
87 22
87 27
87 30
87 31
87 36
87 39
87 44
87 47
87 52
87 60
87 61
87 62
87 72
87 74
87 75
87 78
87 80
87 83
87 85
87 51
87 41
87 66
87 142
87 95
87 38
87 71
87 3
87 144
87 99
87 20
87 6
87 77
87 4
87 136
87 109
87 18
87 58
87 98
87 133
87 140
87 91
87 79
87 43
87 114
87 46
87 5
87 131
87 106
87 101
87 90
87 57
87 120
87 102
87 24
87 129
87 86
87 116
87 112
87 141
87 93
87 92
87 94
87 96
87 103
87 104
87 108
87 119
87 121
87 139
87 143
87 148
87 149
88 3
88 12
88 14
88 21
88 23
88 32
88 33
88 34
88 36
88 38
88 41
88 42
88 44
88 45
88 47
88 55
88 57
88 59
88 60
88 62
88 63
88 65
88 70
88 72
88 73
88 74
88 77
88 80
88 81
88 85
88 95
88 40
88 35
88 94
88 133
88 19
88 144
88 67
88 140
88 141
88 66
88 84
88 8
88 128
88 69
88 2
88 146
88 118
88 17
88 64
88 126
88 82
88 28
88 91
88 79
88 111
88 24
88 29
88 16
88 102
88 115
88 11
88 96
88 97
88 98
88 103
88 104
88 105
88 114
88 120
88 125
88 132
88 137
88 142
88 143
88 148
88 149
89 12
89 18
89 22
89 27
89 29
89 30
89 32
89 33
89 34
89 35
89 40
89 41
89 43
89 47
89 50
89 52
89 56
89 57
89 60
89 62
89 65
89 72
89 73
89 76
89 82
89 83
89 84
89 95
89 64
89 67
89 143
89 145
89 126
89 21
89 69
89 124
89 91
89 139
89 137
89 112
89 129
89 6
89 3
89 37
89 104
89 11
89 94
89 102
89 103
89 105
89 106
89 110
89 113
89 120
89 128
89 131
89 138
89 140
89 141
89 142
89 144
89 146
90 0
90 4
90 9
90 14
90 17
90 20
90 23
90 24
90 25
90 28
90 29
90 38
90 40
90 42
90 44
90 45
90 47
90 49
90 53
90 69
90 73
90 74
90 85
90 87
90 115
90 139
90 110
90 137
90 63
90 2
90 35
90 79
90 142
90 132
90 95
90 128
90 108
90 117
90 48
90 92
90 138
90 103
90 113
90 65
90 97
90 131
90 12
90 41
90 36
90 98
90 100
90 102
90 104
90 105
90 114
90 120
90 122
90 136
90 140
90 146
90 147
90 149
91 3
91 4
91 12
91 14
91 18
91 21
91 28
91 32
91 33
91 34
91 35
91 40
91 41
91 42
91 46
91 49
91 54
91 61
91 68
91 72
91 74
91 83
91 85
91 87
91 88
91 89
91 37
91 143
91 50
91 15
91 107
91 24
91 84
91 96
91 80
91 110
91 97
91 128
91 104
91 73
91 130
91 78
91 106
91 11
91 120
91 79
91 124
91 5
91 59
91 93
91 94
91 95
91 114
91 126
91 127
91 137
91 138
91 140
91 141
91 142
91 145
92 1
92 2
92 4
92 9
92 13
92 23
92 26
92 29
92 33
92 36
92 38
92 45
92 47
92 50
92 52
92 60
92 63
92 68
92 76
92 83
92 85
92 90
92 124
92 126
92 79
92 59
92 46
92 136
92 123
92 21
92 10
92 138
92 100
92 28
92 72
92 39
92 145
92 64
92 147
92 148
92 51
92 127
92 105
92 117
92 121
92 131
92 144
92 139
92 24
92 102
92 67
92 6
92 55
92 87
92 122
92 17
92 142
92 66
92 125
92 32
92 49
92 116
92 140
92 41
92 77
92 93
92 42
92 74
92 62
92 31
92 141
92 30
92 133
92 114
92 20
92 110
92 113
92 134
92 96
92 98
92 104
92 108
92 118
92 128
92 143
93 0
93 3
93 4
93 6
93 18
93 22
93 29
93 32
93 42
93 50
93 53
93 57
93 59
93 65
93 68
93 70
93 71
93 73
93 74
93 75
93 76
93 80
93 82
93 83
93 84
93 87
93 92
93 135
93 106
93 13
93 9
93 91
93 95
93 96
93 98
93 103
93 119
93 120
93 122
93 125
93 126
93 128
93 136
93 140
93 141
93 149
94 0
94 4
94 6
94 9
94 14
94 26
94 27
94 29
94 34
94 38
94 42
94 45
94 50
94 51
94 52
94 57
94 60
94 61
94 62
94 65
94 68
94 71
94 75
94 76
94 88
94 39
94 10
94 32
94 127
94 82
94 25
94 73
94 91
94 21
94 31
94 119
94 35
94 101
94 123
94 54
94 95
94 149
94 125
94 81
94 121
94 72
94 17
94 8
94 148
94 69
94 49
94 137
94 85
94 53
94 89
94 15
94 70
94 131
94 140
94 106
94 37
94 128
94 2
94 56
94 78
94 107
94 109
94 74
94 120
94 112
94 80
94 86
94 144
94 83
94 87
94 18
94 20
94 28
94 97
94 102
94 103
94 104
94 105
94 110
94 118
94 126
94 129
94 133
94 135
94 136
94 139
94 141
94 143
94 145
95 4
95 5
95 6
95 9
95 13
95 18
95 22
95 23
95 25
95 28
95 29
95 34
95 35
95 38
95 39
95 41
95 42
95 44
95 50
95 55
95 57
95 60
95 63
95 65
95 68
95 71
95 72
95 74
95 75
95 79
95 83
95 85
95 87
95 88
95 89
95 90
95 94
95 76
95 73
95 110
95 58
95 1
95 112
95 93
95 131
95 36
95 45
95 47
95 19
95 96
95 148
95 0
95 129
95 30
95 116
95 141
95 128
95 91
95 137
95 145
95 120
95 144
95 132
95 27
95 113
95 48
95 64
95 14
95 15
95 46
95 117
95 101
95 139
95 11
95 21
95 135
95 3
95 32
95 107
95 12
95 111
95 53
95 119
95 125
95 8
95 7
95 127
95 16
95 105
95 124
95 59
95 70
95 78
95 56
95 134
95 102
95 61
95 67
95 10
95 115
95 33
95 104
95 2
95 100
95 147
95 130
95 20
95 66
95 106
95 108
95 121
95 122
95 123
95 146
96 2
96 12
96 22
96 25
96 28
96 29
96 30
96 35
96 36
96 39
96 44
96 47
96 50
96 53
96 59
96 69
96 74
96 75
96 76
96 80
96 83
96 84
96 85
96 91
96 95
96 5
96 51
96 70
96 52
96 45
96 17
96 124
96 110
96 43
96 8
96 62
96 127
96 21
96 14
96 77
96 137
96 146
96 57
96 18
96 82
96 27
96 125
96 132
96 58
96 9
96 87
96 99
96 111
96 56
96 64
96 97
96 141
96 63
96 88
96 117
96 48
96 142
96 120
96 113
96 24
96 61
96 133
96 7
96 93
96 66
96 37
96 140
96 13
96 148
96 41
96 100
96 92
96 10
96 54
96 118
96 98
96 104
96 105
96 107
96 108
96 112
96 119
96 122
96 128
96 136
96 143
96 147
97 12
97 15
97 21
97 25
97 30
97 33
97 38
97 41
97 44
97 47
97 49
97 50
97 53
97 63
97 68
97 74
97 76
97 78
97 82
97 83
97 84
97 85
97 90
97 91
97 96
97 115
97 75
97 61
97 55
97 18
97 59
97 65
97 32
97 88
97 100
97 105
97 148
97 9
97 146
97 120
97 128
97 107
97 19
97 142
97 52
97 26
97 57
97 94
97 10
97 31
97 2
97 45
97 48
97 110
97 135
97 40
97 34
97 16
97 23
97 3
97 102
97 104
97 106
97 108
97 113
97 122
97 123
97 133
97 137
97 140
97 141
97 143
98 2
98 9
98 13
98 15
98 22
98 25
98 30
98 32
98 36
98 38
98 39
98 40
98 42
98 44
98 47
98 50
98 51
98 55
98 59
98 66
98 69
98 70
98 71
98 77
98 79
98 82
98 83
98 85
98 87
98 93
98 16
98 49
98 23
98 8
98 104
98 96
98 54
98 100
98 28
98 114
98 73
98 128
98 0
98 145
98 60
98 27
98 5
98 26
98 118
98 37
98 99
98 122
98 65
98 139
98 48
98 125
98 101
98 34
98 41
98 127
98 1
98 6
98 81
98 3
98 14
98 102
98 129
98 110
98 137
98 18
98 80
98 134
98 92
98 46
98 61
98 58
98 20
98 64
98 117
98 119
98 43
98 11
98 144
98 78
98 121
98 67
98 124
98 90
98 138
98 12
98 111
98 35
98 76
98 62
98 52
98 88
98 24
98 72
98 31
98 149
98 113
98 103
98 112
98 141
98 143
98 146
99 0
99 2
99 6
99 9
99 12
99 13
99 15
99 18
99 21
99 22
99 26
99 30
99 33
99 35
99 36
99 44
99 55
99 62
99 63
99 66
99 68
99 74
99 75
99 83
99 84
99 87
99 96
99 98
99 110
99 53
99 142
99 101
99 102
99 103
99 104
99 105
99 108
99 111
99 114
99 116
99 120
99 121
99 137
99 138
99 139
99 140
99 144
99 146
99 147
99 149
100 3
100 4
100 14
100 28
100 30
100 42
100 45
100 47
100 50
100 56
100 59
100 68
100 74
100 75
100 76
100 80
100 82
100 83
100 92
100 95
100 96
100 97
100 98
100 77
100 2
100 90
100 109
100 149
100 39
100 108
100 141
100 102
100 103
100 104
100 106
100 107
100 112
100 114
100 117
100 125
100 127
100 128
100 139
100 140
100 143
100 144
100 145
100 146
100 147
101 2
101 4
101 9
101 18
101 22
101 23
101 26
101 27
101 28
101 29
101 32
101 33
101 34
101 36
101 38
101 44
101 56
101 57
101 62
101 68
101 71
101 74
101 75
101 76
101 77
101 78
101 80
101 84
101 85
101 87
101 94
101 95
101 98
101 99
101 112
101 8
101 11
101 130
101 136
101 104
101 105
101 117
101 118
101 119
101 122
101 126
101 128
101 137
101 138
101 140
101 142
101 143
101 147
102 0
102 6
102 14
102 15
102 23
102 25
102 27
102 30
102 31
102 33
102 34
102 36
102 40
102 47
102 50
102 55
102 57
102 61
102 63
102 66
102 71
102 75
102 76
102 84
102 85
102 87
102 88
102 92
102 95
102 98
102 121
102 69
102 143
102 122
102 94
102 37
102 107
102 64
102 49
102 3
102 90
102 100
102 147
102 118
102 26
102 43
102 42
102 5
102 28
102 124
102 89
102 130
102 112
102 99
102 74
102 21
102 86
102 67
102 106
102 127
102 24
102 11
102 19
102 65
102 22
102 13
102 78
102 32
102 68
102 8
102 111
102 80
102 73
102 38
102 135
102 17
102 10
102 116
102 97
102 7
102 117
102 119
102 123
102 125
102 128
102 129
102 136
102 138
102 139
102 140
102 141
102 144
102 145
103 3
103 5
103 6
103 12
103 14
103 21
103 22
103 26
103 27
103 30
103 32
103 41
103 47
103 50
103 52
103 55
103 57
103 62
103 65
103 68
103 78
103 82
103 84
103 85
103 90
103 48
103 112
103 66
103 122
103 28
103 125
103 127
103 145
103 138
103 146
103 98
103 11
103 45
103 51
103 89
103 13
103 39
103 135
103 93
103 130
103 99
103 44
103 8
103 64
103 88
103 116
103 63
103 113
103 132
103 107
103 137
103 34
103 23
103 100
103 29
103 81
103 9
103 71
103 31
103 106
103 134
103 109
103 94
103 87
103 120
103 25
103 129
103 115
103 2
103 111
103 144
103 15
103 75
103 121
103 149
103 136
103 70
103 20
103 17
103 67
103 119
103 104
103 105
103 108
103 110
103 118
103 128
103 133
103 140
103 141
103 148
104 0
104 1
104 3
104 6
104 11
104 14
104 18
104 23
104 25
104 31
104 34
104 36
104 38
104 43
104 45
104 59
104 61
104 68
104 71
104 73
104 74
104 76
104 82
104 83
104 89
104 91
104 95
104 98
104 41
104 120
104 7
104 138
104 54
104 148
104 122
104 4
104 97
104 134
104 110
104 24
104 109
104 94
104 136
104 114
104 123
104 27
104 2
104 58
104 42
104 100
104 96
104 135
104 56
104 139
104 117
104 37
104 86
104 142
104 64
104 147
104 99
104 144
104 90
104 112
104 92
104 39
104 124
104 28
104 60
104 10
104 130
104 101
104 16
104 121
104 63
104 5
104 30
104 33
104 13
104 17
104 103
104 113
104 8
104 79
104 26
104 145
104 111
104 88
104 131
104 87
104 140
104 115
104 108
104 149
104 66
104 107
104 137
105 3
105 18
105 21
105 22
105 26
105 29
105 30
105 33
105 35
105 43
105 46
105 47
105 52
105 55
105 57
105 58
105 61
105 72
105 74
105 75
105 76
105 82
105 83
105 92
105 95
105 97
105 144
105 40
105 88
105 86
105 133
105 109
105 137
105 132
105 69
105 85
105 113
105 90
105 122
105 54
105 27
105 116
105 138
105 131
105 34
105 89
105 147
105 73
105 65
105 67
105 39
105 135
105 106
105 111
105 51
105 119
105 77
105 78
105 25
105 66
105 23
105 36
105 96
105 4
105 41
105 121
105 143
105 108
105 70
105 63
105 94
105 56
105 99
105 53
105 28
105 118
105 101
105 130
105 103
105 49
105 0
105 107
105 112
105 114
105 117
105 123
105 139
105 140
105 146
105 148
106 2
106 3
106 6
106 9
106 12
106 13
106 14
106 18
106 24
106 27
106 30
106 33
106 34
106 36
106 41
106 42
106 47
106 50
106 55
106 57
106 58
106 62
106 63
106 69
106 72
106 74
106 75
106 78
106 82
106 83
106 87
106 91
106 93
106 94
106 102
106 103
106 105
106 89
106 142
106 4
106 116
106 138
106 1
106 127
106 60
106 68
106 71
106 28
106 22
106 40
106 54
106 145
106 125
106 65
106 85
106 52
106 100
106 17
106 133
106 97
106 39
106 149
106 84
106 109
106 44
106 95
106 119
106 112
106 10
106 117
106 76
106 107
106 114
106 118
106 120
106 134
106 135
106 136
106 137
106 141
106 143
106 146
106 148
107 0
107 2
107 12
107 22
107 25
107 27
107 28
107 29
107 30
107 32
107 34
107 35
107 40
107 42
107 53
107 57
107 60
107 68
107 69
107 73
107 75
107 76
107 77
107 85
107 91
107 94
107 95
107 97
107 102
107 103
107 120
107 110
107 43
107 41
107 21
107 13
107 96
107 130
107 82
107 64
107 106
107 66
107 16
107 4
107 67
107 54
107 9
107 100
107 138
107 11
107 62
107 124
107 126
107 10
107 143
107 74
107 119
107 8
107 51
107 109
107 105
107 7
107 104
107 108
107 111
107 117
107 118
107 122
107 123
107 125
107 128
107 136
107 139
107 140
107 141
107 146
107 147
107 148
108 1
108 2
108 3
108 4
108 7
108 8
108 9
108 12
108 18
108 21
108 22
108 25
108 29
108 30
108 34
108 38
108 42
108 44
108 45
108 46
108 47
108 50
108 60
108 61
108 62
108 71
108 74
108 75
108 78
108 81
108 82
108 83
108 84
108 85
108 90
108 100
108 104
108 105
108 135
108 27
108 72
108 131
108 59
108 96
108 110
108 95
108 80
108 97
108 132
108 92
108 147
108 139
108 33
108 32
108 121
108 23
108 11
108 73
108 107
108 119
108 111
108 13
108 118
108 16
108 124
108 57
108 122
108 10
108 127
108 143
108 67
108 103
108 41
108 87
108 99
108 114
108 125
108 133
108 137
108 140
108 142
108 144
108 145
108 149
109 0
109 1
109 12
109 13
109 14
109 15
109 18
109 22
109 23
109 24
109 25
109 26
109 28
109 30
109 31
109 32
109 34
109 36
109 41
109 44
109 46
109 47
109 50
109 62
109 63
109 79
109 80
109 81
109 85
109 87
109 94
109 100
109 103
109 104
109 105
109 106
109 107
109 39
109 147
109 110
109 111
109 114
109 118
109 121
109 122
109 123
109 126
109 128
109 133
109 137
109 139
109 141
109 144
109 148
110 2
110 5
110 6
110 8
110 12
110 18
110 21
110 22
110 23
110 25
110 28
110 30
110 32
110 36
110 38
110 39
110 40
110 44
110 50
110 57
110 70
110 71
110 74
110 75
110 84
110 90
110 91
110 92
110 95
110 96
110 97
110 98
110 99
110 104
110 107
110 108
110 62
110 14
110 78
110 0
110 42
110 81
110 48
110 111
110 43
110 132
110 134
110 15
110 35
110 26
110 63
110 139
110 3
110 72
110 123
110 147
110 121
110 24
110 131
110 29
110 119
110 142
110 143
110 80
110 33
110 109
110 115
110 120
110 118
110 83
110 37
110 89
110 94
110 34
110 148
110 103
110 85
110 113
110 114
110 125
110 128
110 135
110 140
110 144
111 0
111 2
111 3
111 6
111 21
111 22
111 30
111 32
111 34
111 40
111 45
111 46
111 57
111 61
111 62
111 70
111 71
111 74
111 75
111 76
111 78
111 85
111 88
111 95
111 96
111 98
111 102
111 103
111 104
111 105
111 108
111 110
111 109
111 135
111 12
111 112
111 65
111 128
111 129
111 125
111 73
111 124
111 123
111 140
111 19
111 83
111 116
111 59
111 63
111 69
111 67
111 120
111 139
111 81
111 133
111 99
111 107
111 130
111 5
111 4
111 50
111 122
111 137
111 141
111 146
111 147
111 149
112 6
112 9
112 14
112 21
112 26
112 34
112 40
112 41
112 45
112 46
112 52
112 55
112 57
112 60
112 61
112 68
112 69
112 70
112 74
112 75
112 76
112 79
112 85
112 87
112 89
112 94
112 95
112 101
112 102
112 103
112 104
112 106
112 111
112 147
112 96
112 33
112 77
112 16
112 100
112 138
112 39
112 145
112 29
112 66
112 20
112 148
112 4
112 51
112 124
112 64
112 54
112 140
112 65
112 56
112 143
112 49
112 118
112 71
112 62
112 123
112 42
112 136
112 44
112 105
112 8
112 98
112 82
112 58
112 117
112 119
112 128
112 137
112 141
112 149
113 3
113 15
113 21
113 22
113 25
113 31
113 35
113 36
113 42
113 46
113 47
113 50
113 58
113 62
113 63
113 73
113 76
113 82
113 84
113 85
113 90
113 92
113 95
113 96
113 98
113 103
113 104
113 105
113 138
113 20
113 97
113 53
113 55
113 48
113 122
113 116
113 61
113 29
113 27
113 110
113 89
113 114
113 124
113 125
113 126
113 133
113 139
113 143
113 148
113 149
114 4
114 8
114 9
114 12
114 14
114 21
114 25
114 29
114 30
114 31
114 32
114 38
114 42
114 44
114 52
114 57
114 62
114 75
114 76
114 80
114 81
114 82
114 83
114 87
114 92
114 98
114 104
114 118
114 132
114 37
114 60
114 68
114 5
114 136
114 91
114 116
114 64
114 108
114 138
114 61
114 74
114 142
114 109
114 99
114 17
114 105
114 1
114 110
114 0
114 27
114 143
114 100
114 134
114 43
114 36
114 126
114 72
114 56
114 73
114 106
114 88
114 66
114 129
114 133
114 71
114 23
114 28
114 77
114 124
114 137
114 79
114 63
114 2
114 131
114 90
114 139
114 84
114 22
114 113
114 119
114 18
114 127
114 117
114 123
114 147
115 0
115 1
115 2
115 9
115 14
115 15
115 18
115 21
115 25
115 30
115 31
115 35
115 36
115 38
115 40
115 42
115 44
115 47
115 50
115 55
115 61
115 62
115 63
115 64
115 72
115 74
115 78
115 80
115 82
115 85
115 88
115 90
115 95
115 97
115 103
115 104
115 110
115 10
115 60
115 22
115 125
115 131
115 86
115 119
115 117
115 121
115 122
115 132
115 138
115 139
115 140
115 141
115 143
115 145
116 2
116 6
116 9
116 11
116 12
116 18
116 19
116 25
116 28
116 38
116 61
116 63
116 71
116 74
116 78
116 82
116 83
116 84
116 87
116 92
116 95
116 102
116 103
116 105
116 106
116 111
116 113
116 114
116 36
116 99
116 137
116 31
116 44
116 136
116 17
116 58
116 142
116 65
116 131
116 22
116 139
116 5
116 125
116 72
116 121
116 55
116 144
116 60
116 133
116 143
116 122
116 62
116 127
116 54
116 117
116 123
116 126
116 128
116 140
116 141
116 145
117 0
117 3
117 4
117 14
117 18
117 21
117 22
117 23
117 27
117 28
117 29
117 32
117 34
117 38
117 46
117 47
117 57
117 58
117 66
117 70
117 74
117 76
117 78
117 90
117 92
117 95
117 96
117 98
117 104
117 106
117 1
117 36
117 20
117 115
117 139
117 17
117 118
117 136
117 121
117 6
117 116
117 86
117 72
117 131
117 123
117 101
117 39
117 10
117 64
117 52
117 50
117 140
117 126
117 148
117 138
117 119
117 100
117 84
117 16
117 79
117 114
117 33
117 124
117 81
117 85
117 54
117 48
117 122
117 112
117 61
117 30
117 107
117 102
117 55
117 147
117 63
117 37
117 15
117 125
117 134
117 145
117 141
117 137
117 53
117 41
117 13
117 82
117 149
117 75
117 24
117 105
117 120
117 128
117 129
117 133
117 143
118 6
118 9
118 18
118 22
118 23
118 25
118 26
118 28
118 30
118 31
118 33
118 36
118 38
118 39
118 42
118 56
118 57
118 62
118 72
118 75
118 80
118 88
118 96
118 98
118 102
118 105
118 108
118 110
118 112
118 114
118 117
118 140
118 101
118 92
118 61
118 148
118 83
118 35
118 143
118 34
118 128
118 81
118 139
118 49
118 67
118 76
118 94
118 8
118 64
118 37
118 133
118 53
118 41
118 17
118 107
118 109
118 106
118 122
118 58
118 5
118 48
118 52
118 2
118 60
118 10
118 82
118 124
118 103
118 51
118 125
118 127
118 138
118 142
118 144
118 145
119 0
119 13
119 18
119 23
119 25
119 30
119 38
119 40
119 44
119 46
119 47
119 49
119 51
119 57
119 58
119 62
119 63
119 71
119 72
119 75
119 78
119 82
119 84
119 85
119 94
119 95
119 98
119 103
119 105
119 106
119 107
119 108
119 110
119 114
119 115
119 117
119 48
119 39
119 34
119 45
119 7
119 112
119 123
119 143
119 138
119 59
119 102
119 36
119 83
119 12
119 93
119 28
119 139
119 86
119 17
119 134
119 77
119 101
119 67
119 148
119 2
119 27
119 31
119 133
119 11
119 8
119 80
119 96
119 5
119 87
119 69
119 55
119 131
119 42
119 35
119 66
119 6
119 126
119 128
119 135
119 137
119 140
119 144
119 146
120 4
120 12
120 18
120 22
120 28
120 30
120 31
120 33
120 36
120 38
120 39
120 40
120 42
120 46
120 50
120 52
120 55
120 59
120 61
120 68
120 78
120 80
120 82
120 83
120 85
120 87
120 91
120 94
120 95
120 96
120 97
120 103
120 104
120 107
120 110
120 111
120 2
120 23
120 86
120 142
120 146
120 106
120 67
120 48
120 90
120 69
120 117
120 43
120 45
120 32
120 19
120 35
120 131
120 20
120 149
120 93
120 49
120 139
120 54
120 137
120 11
120 71
120 0
120 88
120 15
120 147
120 7
120 148
120 56
120 53
120 89
120 126
120 41
120 135
120 62
120 24
120 99
120 121
120 123
120 132
120 136
120 143
120 145
121 3
121 4
121 5
121 13
121 22
121 23
121 25
121 27
121 28
121 29
121 30
121 34
121 35
121 44
121 45
121 50
121 55
121 57
121 69
121 73
121 74
121 82
121 92
121 94
121 98
121 102
121 103
121 104
121 105
121 108
121 110
121 116
121 117
121 52
121 109
121 120
121 10
121 32
121 39
121 60
121 87
121 147
121 131
121 133
121 141
121 115
121 99
121 95
121 2
121 56
121 122
121 123
121 126
121 136
121 137
121 138
121 143
121 149
122 0
122 4
122 12
122 18
122 20
122 23
122 25
122 29
122 34
122 40
122 44
122 49
122 62
122 63
122 68
122 71
122 72
122 73
122 76
122 78
122 80
122 82
122 84
122 85
122 92
122 98
122 102
122 103
122 104
122 105
122 108
122 113
122 116
122 117
122 118
122 121
122 52
122 51
122 123
122 95
122 136
122 90
122 35
122 109
122 65
122 97
122 137
122 111
122 5
122 107
122 36
122 145
122 86
122 13
122 93
122 16
122 147
122 64
122 141
122 54
122 46
122 132
122 143
122 15
122 96
122 8
122 101
122 37
122 70
122 129
122 60
122 128
122 115
122 7
122 38
122 28
122 48
122 139
122 144
122 149
123 2
123 3
123 4
123 5
123 12
123 13
123 14
123 23
123 28
123 29
123 34
123 38
123 41
123 45
123 46
123 47
123 57
123 60
123 69
123 71
123 72
123 79
123 92
123 94
123 104
123 110
123 111
123 112
123 117
123 119
123 122
123 105
123 102
123 62
123 63
123 95
123 129
123 68
123 114
123 51
123 10
123 97
123 107
123 78
123 77
123 75
123 86
123 121
123 11
123 120
123 74
123 37
123 22
123 43
123 76
123 58
123 134
123 44
123 64
123 109
123 66
123 116
123 84
123 142
123 124
123 6
123 31
123 144
123 53
123 26
123 61
123 148
123 146
123 125
123 128
123 135
123 139
123 140
123 145
123 149
124 24
124 28
124 29
124 30
124 31
124 33
124 34
124 36
124 40
124 44
124 50
124 52
124 55
124 61
124 62
124 64
124 70
124 76
124 83
124 89
124 91
124 92
124 95
124 96
124 98
124 102
124 104
124 107
124 108
124 111
124 112
124 114
124 117
124 118
124 123
124 8
124 46
124 78
124 113
124 57
124 79
124 138
124 128
124 80
124 25
124 13
124 86
124 135
124 139
124 141
124 145
124 147
124 148
124 149
125 0
125 3
125 4
125 5
125 8
125 12
125 13
125 14
125 18
125 20
125 21
125 22
125 23
125 24
125 25
125 28
125 33
125 34
125 36
125 38
125 42
125 46
125 52
125 57
125 60
125 61
125 63
125 65
125 69
125 73
125 74
125 82
125 83
125 85
125 92
125 94
125 95
125 96
125 98
125 103
125 106
125 111
125 115
125 116
125 117
125 123
125 102
125 75
125 81
125 110
125 108
125 135
125 59
125 54
125 17
125 149
125 67
125 100
125 19
125 93
125 118
125 62
125 139
125 127
125 113
125 88
125 144
125 107
125 2
125 15
125 68
125 133
125 27
125 31
125 126
125 136
125 137
125 138
125 140
125 143
125 147
126 3
126 5
126 9
126 12
126 13
126 20
126 21
126 23
126 31
126 34
126 39
126 42
126 47
126 52
126 53
126 59
126 60
126 75
126 76
126 78
126 81
126 82
126 88
126 89
126 92
126 107
126 114
126 117
126 120
126 4
126 27
126 25
126 26
126 91
126 148
126 28
126 116
126 46
126 138
126 70
126 94
126 35
126 68
126 24
126 141
126 74
126 119
126 30
126 49
126 121
126 56
126 79
126 36
126 57
126 109
126 1
126 85
126 113
126 37
126 66
126 18
126 93
126 101
126 15
126 125
126 2
126 132
126 128
126 129
126 134
126 137
126 139
126 140
126 142
126 143
126 144
126 146
126 147
126 149
127 0
127 4
127 6
127 13
127 14
127 22
127 23
127 24
127 27
127 29
127 35
127 40
127 41
127 46
127 50
127 58
127 59
127 61
127 80
127 85
127 92
127 94
127 95
127 96
127 98
127 102
127 103
127 106
127 108
127 114
127 116
127 125
127 86
127 71
127 131
127 100
127 56
127 141
127 132
127 44
127 118
127 91
127 69
127 17
127 143
127 128
127 137
127 139
127 140
127 147
127 148
127 149
128 0
128 2
128 3
128 6
128 9
128 12
128 17
128 18
128 25
128 27
128 29
128 31
128 35
128 49
128 57
128 61
128 64
128 68
128 73
128 76
128 78
128 84
128 88
128 90
128 91
128 94
128 95
128 97
128 98
128 111
128 118
128 122
128 124
128 127
128 116
128 46
128 7
128 81
128 136
128 70
128 42
128 38
128 123
128 101
128 143
128 109
128 144
128 89
128 148
128 53
128 36
128 65
128 71
128 52
128 100
128 110
128 37
128 58
128 4
128 79
128 34
128 41
128 103
128 47
128 66
128 33
128 137
128 48
128 28
128 45
128 54
128 69
128 149
128 5
128 141
128 77
128 56
128 112
128 146
128 14
128 40
128 26
128 10
128 20
128 92
128 8
128 82
128 13
128 135
128 21
128 11
128 19
128 107
128 126
128 50
128 134
128 63
128 96
128 93
128 75
128 102
128 1
128 117
128 119
128 60
128 130
128 86
128 132
128 133
128 138
128 139
128 145
129 3
129 6
129 12
129 14
129 22
129 27
129 31
129 32
129 34
129 46
129 50
129 55
129 57
129 61
129 65
129 72
129 75
129 76
129 80
129 82
129 87
129 89
129 95
129 98
129 103
129 111
129 114
129 122
129 123
129 142
129 94
129 74
129 4
129 126
129 143
129 117
129 54
129 137
129 24
129 138
129 47
129 102
129 64
129 48
129 131
129 135
129 139
129 140
129 141
129 145
129 147
129 148
129 149
130 0
130 2
130 4
130 8
130 9
130 12
130 13
130 21
130 25
130 27
130 28
130 29
130 30
130 31
130 32
130 34
130 42
130 44
130 50
130 55
130 57
130 58
130 59
130 60
130 62
130 66
130 68
130 73
130 76
130 85
130 91
130 95
130 101
130 102
130 103
130 104
130 105
130 107
130 111
130 128
130 148
130 143
130 10
130 63
130 15
130 79
130 47
130 40
130 78
130 81
130 133
130 135
130 136
130 137
130 145
130 149
131 6
131 8
131 11
131 12
131 22
131 23
131 25
131 26
131 30
131 34
131 36
131 39
131 40
131 42
131 46
131 50
131 52
131 62
131 71
131 72
131 73
131 75
131 79
131 80
131 82
131 85
131 87
131 90
131 92
131 94
131 95
131 104
131 105
131 108
131 110
131 114
131 115
131 116
131 117
131 119
131 120
131 121
131 127
131 44
131 139
131 129
131 89
131 145
131 66
131 10
131 5
131 57
131 133
131 135
131 137
131 140
131 141
131 146
132 0
132 3
132 6
132 8
132 9
132 11
132 21
132 22
132 23
132 25
132 29
132 31
132 32
132 33
132 36
132 39
132 40
132 41
132 46
132 47
132 49
132 50
132 55
132 59
132 61
132 63
132 68
132 69
132 72
132 75
132 78
132 80
132 83
132 85
132 90
132 95
132 96
132 103
132 105
132 108
132 110
132 114
132 122
132 126
132 127
132 88
132 76
132 115
132 28
132 26
132 60
132 148
132 136
132 74
132 128
132 120
132 139
132 141
132 143
132 145
132 147
133 6
133 13
133 14
133 18
133 22
133 27
133 30
133 31
133 35
133 36
133 39
133 43
133 55
133 57
133 58
133 62
133 66
133 76
133 78
133 85
133 87
133 88
133 92
133 96
133 105
133 106
133 111
133 114
133 116
133 118
133 119
133 121
133 125
133 94
133 80
133 131
133 40
133 41
133 1
133 136
133 44
133 128
133 42
133 60
133 33
133 149
133 97
133 109
133 54
133 75
133 73
133 29
133 74
133 147
133 0
133 141
133 69
133 49
133 47
133 23
133 9
133 130
133 83
133 117
133 108
133 144
133 70
133 138
133 142
133 46
133 51
133 38
133 71
133 139
133 52
133 135
133 145
133 103
133 16
133 67
133 113
133 148
133 34
133 3
133 24
133 137
133 140
133 146
134 0
134 2
134 12
134 26
134 28
134 29
134 33
134 34
134 35
134 36
134 38
134 40
134 42
134 44
134 46
134 55
134 61
134 65
134 71
134 74
134 76
134 78
134 80
134 85
134 92
134 95
134 98
134 103
134 104
134 110
134 114
134 117
134 119
134 123
134 128
134 106
134 18
134 6
134 148
134 126
134 43
134 144
134 137
134 138
134 140
134 146
134 147
134 149
135 5
135 9
135 11
135 12
135 14
135 23
135 28
135 29
135 33
135 34
135 35
135 40
135 41
135 47
135 52
135 55
135 57
135 58
135 61
135 62
135 63
135 65
135 69
135 73
135 74
135 76
135 78
135 79
135 80
135 82
135 93
135 95
135 97
135 102
135 103
135 104
135 105
135 108
135 111
135 120
135 125
135 128
135 133
135 67
135 129
135 131
135 130
135 124
135 42
135 94
135 123
135 140
135 24
135 77
135 44
135 8
135 43
135 32
135 141
135 86
135 119
135 50
135 106
135 10
135 110
135 3
135 139
135 145
135 146
135 148
136 4
136 5
136 9
136 12
136 18
136 22
136 23
136 24
136 27
136 29
136 38
136 42
136 44
136 47
136 50
136 55
136 57
136 60
136 68
136 69
136 71
136 72
136 73
136 74
136 78
136 87
136 92
136 101
136 103
136 104
136 112
136 114
136 116
136 117
136 122
136 128
136 132
136 133
136 125
136 107
136 148
136 82
136 106
136 96
136 76
136 36
136 93
136 17
136 94
136 53
136 79
136 120
136 37
136 6
136 121
136 130
136 67
136 102
136 90
136 21
136 62
136 137
136 138
136 139
136 143
136 145
137 0
137 1
137 3
137 6
137 9
137 12
137 13
137 35
137 36
137 39
137 42
137 44
137 45
137 47
137 50
137 52
137 57
137 59
137 61
137 62
137 71
137 73
137 75
137 78
137 79
137 85
137 89
137 90
137 94
137 95
137 96
137 98
137 103
137 105
137 114
137 116
137 117
137 120
137 122
137 128
137 129
137 149
137 66
137 68
137 60
137 139
137 43
137 125
137 15
137 40
137 82
137 16
137 53
137 121
137 34
137 18
137 26
137 106
137 146
137 111
137 133
137 64
137 81
137 24
137 38
137 126
137 97
137 83
137 58
137 108
137 144
137 127
137 148
137 74
137 119
137 49
137 25
137 41
137 23
137 46
137 131
137 130
137 84
137 134
137 32
137 54
137 2
137 8
137 5
137 70
137 91
137 112
137 109
137 48
137 11
137 101
137 31
137 77
137 86
137 88
137 17
137 55
137 136
137 51
137 142
137 104
137 99
137 19
137 4
137 138
137 141
138 0
138 4
138 14
138 15
138 17
138 19
138 20
138 23
138 25
138 27
138 32
138 36
138 39
138 41
138 44
138 57
138 60
138 67
138 69
138 72
138 73
138 74
138 80
138 82
138 90
138 92
138 98
138 103
138 104
138 105
138 106
138 107
138 112
138 113
138 114
138 117
138 119
138 124
138 126
138 129
138 133
138 59
138 137
138 136
138 65
138 99
138 118
138 40
138 6
138 81
138 115
138 42
138 84
138 134
138 21
138 68
138 2
138 9
138 77
138 141
138 76
138 53
138 26
138 49
138 144
138 145
138 140
138 128
138 147
138 142
138 34
138 91
138 18
138 149
138 102
138 101
138 121
138 7
138 3
138 63
138 146
138 125
138 89
138 86
138 139
139 3
139 8
139 12
139 13
139 14
139 15
139 18
139 20
139 21
139 23
139 24
139 26
139 27
139 30
139 33
139 36
139 50
139 54
139 55
139 60
139 64
139 65
139 68
139 76
139 78
139 80
139 82
139 83
139 84
139 89
139 90
139 92
139 95
139 98
139 104
139 108
139 110
139 111
139 114
139 116
139 117
139 118
139 119
139 120
139 125
139 131
139 133
139 137
139 127
139 6
139 136
139 63
139 135
139 49
139 51
139 147
139 10
139 99
139 100
139 105
139 72
139 40
139 32
139 34
139 107
139 140
139 138
139 129
139 141
139 43
139 123
139 126
139 115
139 102
139 38
139 4
139 149
139 122
139 1
139 47
139 11
139 39
139 81
139 48
139 28
139 29
139 61
139 62
139 132
139 148
139 74
139 124
139 142
139 128
139 109
139 59
139 7
139 87
139 94
139 67
139 113
139 143
139 145
140 4
140 6
140 14
140 25
140 26
140 30
140 33
140 42
140 44
140 47
140 53
140 55
140 58
140 59
140 62
140 70
140 74
140 76
140 80
140 83
140 85
140 87
140 88
140 92
140 94
140 96
140 104
140 111
140 112
140 117
140 118
140 135
140 138
140 139
140 142
140 147
140 20
140 57
140 133
140 18
140 79
140 75
140 65
140 2
140 61
140 0
140 64
140 66
140 8
140 102
140 116
140 129
140 28
140 144
140 101
140 82
140 89
140 73
140 21
140 91
140 72
140 35
140 40
140 115
140 9
140 126
140 63
140 46
140 134
140 37
140 93
140 78
140 90
140 127
140 67
140 125
140 51
140 32
140 41
140 100
140 99
140 5
140 38
140 12
140 60
140 86
140 110
140 29
140 50
140 107
140 119
140 24
140 71
140 123
140 49
140 34
140 131
140 145
140 105
140 68
140 97
140 103
140 81
140 77
140 143
140 108
140 56
140 3
140 148
141 9
141 18
141 21
141 23
141 25
141 33
141 40
141 42
141 55
141 56
141 57
141 58
141 61
141 68
141 69
141 72
141 76
141 79
141 87
141 88
141 92
141 95
141 96
141 100
141 117
141 121
141 122
141 126
141 127
141 128
141 133
141 135
141 138
141 139
141 41
141 2
141 144
141 7
141 30
141 94
141 20
141 0
141 19
141 132
141 37
141 103
141 11
141 45
141 51
141 67
141 115
141 93
141 1
141 124
141 83
141 89
141 82
141 49
141 24
141 102
141 6
141 43
141 149
141 59
141 73
141 116
141 4
141 111
141 106
141 78
141 98
141 81
141 8
141 36
141 38
141 142
141 14
141 143
141 91
141 137
141 77
141 109
141 75
141 107
141 17
141 5
141 148
141 131
141 26
141 62
141 112
141 63
141 129
141 97
141 12
141 52
142 0
142 2
142 3
142 4
142 5
142 8
142 9
142 11
142 14
142 18
142 21
142 32
142 34
142 38
142 45
142 46
142 47
142 50
142 55
142 56
142 61
142 68
142 70
142 71
142 74
142 76
142 80
142 82
142 83
142 87
142 90
142 92
142 96
142 97
142 99
142 104
142 106
142 110
142 114
142 116
142 120
142 123
142 129
142 133
142 137
142 138
142 139
142 140
142 141
142 108
142 75
142 1
142 73
142 77
142 48
142 91
142 126
142 25
142 101
142 118
142 66
142 33
142 23
142 89
142 88
142 143
142 144
142 146
142 147
142 148
143 3
143 6
143 14
143 18
143 22
143 28
143 36
143 38
143 40
143 41
143 42
143 44
143 45
143 47
143 58
143 65
143 68
143 74
143 76
143 83
143 85
143 89
143 91
143 102
143 105
143 107
143 108
143 110
143 112
143 114
143 116
143 118
143 119
143 122
143 127
143 128
143 129
143 130
143 140
143 141
143 81
143 136
143 101
143 120
143 64
143 70
143 97
143 88
143 115
143 75
143 142
143 35
143 1
143 148
143 9
143 100
143 23
143 139
143 147
143 5
143 71
143 20
143 92
143 96
143 125
143 149
143 24
143 31
143 113
143 94
143 49
143 29
143 126
143 12
143 53
143 54
143 73
143 132
143 98
143 121
143 117
143 37
143 56
143 87
143 106
143 4
143 145
143 62
143 33
143 60
143 72
143 52
143 86
143 144
144 4
144 12
144 13
144 14
144 15
144 24
144 30
144 38
144 40
144 44
144 47
144 59
144 60
144 61
144 62
144 72
144 74
144 82
144 84
144 87
144 88
144 92
144 94
144 95
144 98
144 103
144 104
144 105
144 116
144 123
144 125
144 128
144 133
144 134
144 137
144 138
144 140
144 141
144 17
144 108
144 63
144 146
144 77
144 37
144 21
144 99
144 119
144 65
144 10
144 67
144 118
144 100
144 22
144 73
144 122
144 54
144 52
144 83
144 143
144 79
144 31
144 18
144 109
144 78
144 126
144 110
144 7
144 71
144 89
144 102
144 1
144 142
144 145
144 147
145 8
145 12
145 14
145 18
145 21
145 25
145 29
145 35
145 38
145 41
145 44
145 47
145 50
145 57
145 59
145 69
145 71
145 73
145 74
145 76
145 79
145 80
145 83
145 85
145 89
145 92
145 95
145 98
145 103
145 104
145 106
145 112
145 117
145 122
145 131
145 133
145 138
145 140
145 143
145 0
145 1
145 72
145 118
145 94
145 81
145 6
145 28
145 128
145 136
145 124
145 130
145 144
145 100
145 135
145 123
145 3
145 56
145 120
145 91
145 34
145 77
145 129
145 54
145 108
145 68
145 139
145 82
145 132
145 23
145 19
145 102
145 65
145 116
145 22
145 70
145 9
145 20
145 5
145 115
145 149
145 148
146 5
146 6
146 13
146 17
146 19
146 22
146 24
146 25
146 30
146 32
146 35
146 44
146 45
146 52
146 61
146 62
146 71
146 74
146 75
146 82
146 83
146 88
146 96
146 97
146 103
146 120
146 123
146 128
146 137
146 138
146 144
146 0
146 7
146 21
146 50
146 131
146 4
146 147
146 46
146 8
146 90
146 142
146 100
146 111
146 98
146 60
146 59
146 33
146 86
146 76
146 3
146 84
146 134
146 135
146 54
146 11
146 47
146 85
146 23
146 105
146 126
146 133
146 1
146 89
146 119
146 106
146 69
146 15
146 73
146 95
146 12
146 99
146 107
146 39
146 41
147 6
147 10
147 11
147 12
147 13
147 15
147 23
147 24
147 35
147 36
147 40
147 42
147 46
147 47
147 55
147 57
147 58
147 61
147 62
147 71
147 73
147 76
147 80
147 82
147 83
147 85
147 92
147 95
147 102
147 104
147 105
147 108
147 109
147 110
147 112
147 117
147 120
147 121
147 122
147 133
147 138
147 139
147 140
147 143
147 146
147 142
147 45
147 9
147 77
147 53
147 90
147 111
147 19
147 127
147 74
147 14
147 75
147 68
147 21
147 38
147 2
147 51
147 31
147 99
147 33
147 26
147 7
147 148
147 129
147 100
147 65
147 44
147 43
147 101
147 3
147 84
147 126
147 8
147 50
147 132
147 107
147 52
147 81
147 72
147 1
147 27
147 37
147 49
147 149
147 16
147 70
147 5
147 60
147 66
147 96
147 29
147 67
147 114
147 144
147 22
147 48
147 125
147 41
147 25
147 124
147 28
147 134
148 9
148 12
148 13
148 14
148 15
148 18
148 22
148 23
148 24
148 25
148 32
148 33
148 40
148 42
148 45
148 48
148 50
148 57
148 58
148 69
148 70
148 71
148 74
148 76
148 80
148 84
148 92
148 94
148 95
148 96
148 97
148 104
148 110
148 112
148 117
148 118
148 119
148 120
148 123
148 126
148 128
148 130
148 132
148 133
148 134
148 136
148 137
148 139
148 141
148 143
148 147
148 6
148 82
148 63
148 41
148 10
148 2
148 107
148 8
148 87
148 49
148 103
148 21
148 140
148 39
148 11
148 72
148 88
148 135
148 113
148 30
148 19
148 105
148 124
148 56
148 145
148 55
148 129
148 109
148 142
148 20
148 62
148 79
148 46
148 106
148 27
148 75
148 86
148 127
149 0
149 4
149 13
149 14
149 18
149 20
149 25
149 31
149 34
149 36
149 38
149 39
149 42
149 44
149 47
149 55
149 59
149 62
149 73
149 74
149 80
149 82
149 85
149 94
149 98
149 100
149 103
149 104
149 106
149 117
149 120
149 125
149 128
149 133
149 137
149 138
149 139
149 141
149 143
149 145
149 147
149 65
149 22
149 67
149 45
149 87
149 134
149 111
149 43
149 122
149 64
149 127
149 63
149 50
149 112
149 113
149 130
149 123
149 10
149 129
149 28
149 33
149 124
149 84
149 49
149 11
149 81
149 48
149 88
149 121
149 108
149 93
149 126
149 17
149 99
149 26
149 2
149 90
