25
0 13
0 20
0 10
0 2
0 9
0 16
0 19
0 21
0 23
0 24
1 2
1 5
1 7
1 8
1 9
1 13
1 16
1 21
1 24
2 0
2 1
2 12
2 4
2 6
2 10
2 5
2 3
2 21
2 8
2 11
2 13
2 14
2 15
2 16
2 17
2 19
2 22
3 2
3 22
3 14
3 10
3 16
3 6
3 21
3 11
3 19
3 24
3 17
3 23
4 2
4 18
4 17
4 9
4 6
4 8
4 15
4 21
5 2
5 13
5 14
5 1
5 9
5 17
5 11
5 7
5 21
5 24
5 18
5 20
6 2
6 3
6 4
6 24
6 11
6 15
6 16
6 19
6 21
7 5
7 16
7 20
7 14
7 21
7 1
7 19
7 9
7 22
8 2
8 10
8 4
8 11
8 15
8 13
8 9
8 1
8 24
8 17
8 19
9 0
9 4
9 5
9 7
9 8
9 1
9 18
9 15
9 16
9 23
9 17
9 21
9 22
10 0
10 2
10 3
10 8
10 20
10 11
10 12
10 13
10 21
11 2
11 3
11 5
11 8
11 22
11 6
11 10
11 15
11 19
11 24
11 20
11 17
11 18
12 2
12 10
12 23
12 15
12 19
12 20
13 0
13 5
13 8
13 10
13 2
13 15
13 23
13 1
13 16
13 19
13 22
14 3
14 5
14 7
14 2
14 24
14 18
14 19
14 15
14 20
14 21
14 23
15 8
15 9
15 11
15 12
15 13
15 14
15 20
15 4
15 16
15 22
15 2
15 6
15 17
16 3
16 7
16 9
16 15
16 2
16 13
16 6
16 18
16 0
16 1
16 21
16 22
16 24
17 4
17 5
17 22
17 11
17 21
17 8
17 9
17 23
17 19
17 15
17 2
17 3
17 20
18 4
18 9
18 14
18 16
18 11
18 5
18 20
18 21
18 22
19 3
19 7
19 11
19 14
19 17
19 8
19 12
19 21
19 0
19 2
19 13
19 6
19 24
20 0
20 7
20 10
20 11
20 15
20 24
20 22
20 5
20 14
20 17
20 12
20 18
20 23
21 2
21 3
21 5
21 7
21 17
21 19
21 4
21 16
21 10
21 18
21 1
21 23
21 14
21 0
21 6
21 9
21 22
22 3
22 11
22 15
22 17
22 20
22 7
22 9
22 13
22 24
22 16
22 2
22 18
22 21
23 9
23 12
23 13
23 17
23 21
23 24
23 20
23 0
23 3
23 14
24 3
24 5
24 6
24 8
24 11
24 14
24 20
24 22
24 23
24 0
24 1
24 16
24 19
