100
0 4
0 9
0 37
0 68
0 62
0 82
0 99
0 81
0 18
0 30
0 47
0 63
0 43
0 78
0 87
0 19
0 44
0 96
0 11
0 76
0 94
0 14
0 15
0 24
0 25
0 28
0 31
0 33
0 34
0 39
0 41
0 50
0 53
0 55
0 56
0 60
0 65
0 72
0 75
0 79
0 90
0 93
0 95
0 97
1 28
1 68
1 5
1 40
1 10
1 27
1 3
1 51
1 79
1 65
1 56
1 18
1 43
1 61
1 62
1 42
1 38
1 4
1 49
1 87
1 19
1 66
1 8
1 21
1 23
1 24
1 33
1 34
1 37
1 41
1 47
1 48
1 50
1 53
1 57
1 58
1 60
1 76
1 81
1 86
1 90
1 92
1 93
1 94
1 96
1 97
2 75
2 6
2 12
2 19
2 40
2 46
2 51
2 93
2 7
2 8
2 15
2 17
2 24
2 26
2 28
2 31
2 32
2 35
2 41
2 49
2 53
2 57
2 61
2 65
2 78
2 83
2 88
2 89
2 90
2 94
2 95
2 96
3 1
3 50
3 74
3 99
3 58
3 6
3 39
3 29
3 78
3 20
3 17
3 57
3 21
3 60
3 67
3 84
3 28
3 92
3 13
3 9
3 69
3 23
3 7
3 8
3 11
3 12
3 15
3 19
3 24
3 26
3 35
3 47
3 48
3 49
3 52
3 53
3 55
3 56
3 61
3 65
3 66
3 68
3 70
3 71
3 72
3 76
3 77
3 80
3 83
3 85
3 87
3 88
3 90
3 95
3 96
4 0
4 1
4 94
4 12
4 30
4 8
4 78
4 17
4 55
4 57
4 50
4 27
4 10
4 29
4 9
4 11
4 16
4 24
4 25
4 31
4 39
4 47
4 52
4 60
4 65
4 68
4 76
4 82
4 84
4 85
4 90
4 91
4 92
4 96
4 97
5 1
5 8
5 74
5 76
5 7
5 9
5 10
5 11
5 12
5 16
5 18
5 19
5 22
5 23
5 29
5 31
5 32
5 34
5 35
5 39
5 46
5 47
5 48
5 50
5 57
5 60
5 65
5 67
5 68
5 83
5 86
5 87
5 90
5 94
5 95
5 98
6 2
6 3
6 16
6 91
6 22
6 15
6 72
6 7
6 85
6 96
6 8
6 9
6 10
6 11
6 12
6 24
6 27
6 29
6 30
6 32
6 33
6 36
6 37
6 50
6 57
6 60
6 65
6 69
6 75
6 78
6 79
6 80
6 84
6 86
6 87
6 88
6 90
6 93
6 94
6 97
6 98
7 5
7 6
7 10
7 98
7 88
7 28
7 81
7 19
7 54
7 3
7 20
7 95
7 70
7 75
7 89
7 35
7 52
7 9
7 66
7 84
7 21
7 42
7 11
7 2
7 79
7 45
7 41
7 22
7 53
7 97
7 76
7 26
7 24
7 31
7 33
7 37
7 39
7 49
7 55
7 56
7 58
7 60
7 65
7 67
7 71
7 77
7 80
7 93
7 94
7 96
8 4
8 5
8 55
8 73
8 39
8 96
8 84
8 90
8 58
8 42
8 85
8 26
8 68
8 1
8 50
8 61
8 78
8 18
8 89
8 94
8 53
8 95
8 44
8 86
8 88
8 63
8 3
8 2
8 37
8 22
8 6
8 82
8 11
8 23
8 19
8 12
8 65
8 69
8 16
8 17
8 59
8 75
8 93
8 71
8 28
8 21
8 47
8 14
8 20
8 24
8 30
8 32
8 41
8 48
8 49
8 76
8 80
8 83
8 92
8 97
8 99
9 0
9 3
9 7
9 13
9 18
9 74
9 66
9 58
9 90
9 49
9 54
9 61
9 6
9 91
9 29
9 27
9 19
9 23
9 51
9 24
9 20
9 45
9 89
9 48
9 21
9 4
9 5
9 62
9 72
9 22
9 85
9 11
9 34
9 92
9 53
9 42
9 84
9 17
9 26
9 28
9 31
9 32
9 33
9 37
9 50
9 55
9 57
9 60
9 65
9 73
9 75
9 76
9 78
9 87
9 93
9 95
9 97
10 1
10 4
10 7
10 48
10 32
10 78
10 38
10 6
10 20
10 13
10 5
10 26
10 49
10 82
10 14
10 54
10 64
10 83
10 55
10 51
10 42
10 80
10 98
10 89
10 59
10 25
10 11
10 22
10 24
10 27
10 28
10 31
10 33
10 34
10 35
10 37
10 41
10 57
10 58
10 65
10 66
10 68
10 81
10 85
10 86
10 87
10 92
10 95
10 97
11 0
11 7
11 8
11 9
11 15
11 44
11 90
11 32
11 54
11 49
11 70
11 34
11 79
11 67
11 88
11 86
11 10
11 43
11 73
11 94
11 25
11 95
11 52
11 38
11 31
11 89
11 93
11 71
11 91
11 14
11 37
11 22
11 5
11 59
11 12
11 30
11 92
11 6
11 50
11 17
11 69
11 3
11 99
11 29
11 27
11 66
11 81
11 96
11 48
11 33
11 4
11 16
11 28
11 41
11 53
11 57
11 58
11 60
11 62
11 72
11 76
11 98
12 2
12 4
12 8
12 11
12 56
12 26
12 53
12 69
12 77
12 94
12 68
12 36
12 84
12 29
12 49
12 5
12 76
12 60
12 93
12 41
12 55
12 14
12 39
12 57
12 6
12 92
12 37
12 3
12 47
12 72
12 87
12 46
12 17
12 22
12 27
12 28
12 32
12 44
12 48
12 58
12 63
12 64
12 65
12 70
12 74
12 75
12 80
12 83
12 90
13 3
13 9
13 10
13 59
13 15
13 91
13 74
13 61
13 79
13 22
13 19
13 25
13 28
13 33
13 36
13 39
13 55
13 60
13 70
13 72
13 75
13 78
13 85
13 87
13 88
13 92
13 95
13 98
14 10
14 11
14 12
14 82
14 95
14 24
14 42
14 62
14 40
14 79
14 63
14 48
14 0
14 37
14 92
14 64
14 8
14 47
14 74
14 27
14 19
14 23
14 26
14 32
14 49
14 52
14 55
14 56
14 59
14 60
14 65
14 68
14 76
14 78
14 83
14 84
14 87
14 88
14 93
15 6
15 11
15 13
15 35
15 76
15 60
15 51
15 90
15 69
15 85
15 97
15 44
15 65
15 64
15 27
15 33
15 47
15 3
15 74
15 50
15 70
15 72
15 80
15 48
15 42
15 40
15 54
15 67
15 0
15 58
15 88
15 25
15 56
15 81
15 68
15 2
15 16
15 24
15 28
15 31
15 36
15 39
15 53
15 59
15 61
15 66
15 75
15 86
15 87
15 89
15 95
15 96
16 6
16 8
16 46
16 32
16 15
16 90
16 11
16 77
16 5
16 67
16 78
16 72
16 53
16 29
16 80
16 31
16 91
16 4
16 27
16 17
16 25
16 26
16 28
16 33
16 41
16 47
16 49
16 51
16 52
16 55
16 57
16 61
16 65
16 73
16 75
16 88
16 89
16 94
16 96
16 97
17 3
17 4
17 8
17 11
17 22
17 53
17 33
17 2
17 61
17 94
17 12
17 76
17 99
17 37
17 66
17 65
17 86
17 98
17 96
17 30
17 70
17 50
17 72
17 43
17 20
17 9
17 45
17 67
17 49
17 88
17 16
17 38
17 21
17 93
17 71
17 92
17 19
17 24
17 26
17 34
17 35
17 48
17 55
17 56
17 57
17 58
17 78
17 79
17 85
17 87
17 90
17 95
17 97
18 0
18 1
18 8
18 9
18 75
18 58
18 77
18 32
18 31
18 5
18 42
18 46
18 50
18 70
18 61
18 29
18 95
18 24
18 54
18 44
18 99
18 38
18 20
18 26
18 28
18 34
18 37
18 39
18 52
18 60
18 65
18 72
18 73
18 76
18 78
18 87
18 88
18 94
18 98
19 0
19 1
19 2
19 7
19 8
19 9
19 99
19 14
19 65
19 47
19 3
19 34
19 73
19 56
19 33
19 35
19 62
19 61
19 54
19 69
19 59
19 31
19 53
19 22
19 48
19 29
19 88
19 89
19 98
19 13
19 38
19 68
19 39
19 5
19 50
19 17
19 86
19 41
19 66
19 40
19 83
19 28
19 43
19 37
19 20
19 24
19 25
19 49
19 57
19 72
19 78
19 80
19 84
19 87
19 91
19 92
19 93
19 94
19 96
19 97
20 3
20 7
20 9
20 10
20 17
20 49
20 74
20 48
20 52
20 39
20 92
20 43
20 89
20 35
20 41
20 19
20 18
20 8
20 40
20 95
20 24
20 77
20 72
20 87
20 38
20 96
20 75
20 82
20 67
20 65
20 55
20 98
20 21
20 53
20 69
20 80
20 37
20 25
20 46
20 63
20 73
20 58
20 27
20 61
20 34
20 70
20 31
20 51
20 26
20 32
20 33
20 56
20 76
20 78
20 84
20 93
20 97
21 3
21 7
21 8
21 9
21 17
21 20
21 70
21 23
21 1
21 24
21 26
21 32
21 39
21 47
21 49
21 50
21 53
21 55
21 56
21 60
21 63
21 65
21 77
21 87
21 92
21 93
21 94
21 96
21 97
22 6
22 7
22 8
22 9
22 11
22 13
22 17
22 19
22 98
22 10
22 80
22 68
22 25
22 90
22 50
22 12
22 39
22 35
22 48
22 33
22 53
22 95
22 70
22 69
22 5
22 24
22 28
22 29
22 30
22 40
22 41
22 49
22 54
22 60
22 61
22 75
22 77
22 78
22 82
22 83
22 85
22 92
22 96
22 97
22 99
23 3
23 8
23 9
23 21
23 33
23 24
23 31
23 56
23 5
23 1
23 14
23 74
23 75
23 25
23 29
23 37
23 39
23 55
23 57
23 59
23 60
23 68
23 72
23 76
23 77
23 85
23 87
23 91
23 93
23 95
23 97
23 98
24 9
24 14
24 18
24 20
24 23
24 22
24 79
24 50
24 28
24 47
24 89
24 25
24 3
24 88
24 8
24 1
24 27
24 61
24 6
24 35
24 17
24 10
24 19
24 56
24 15
24 55
24 60
24 76
24 81
24 70
24 65
24 0
24 45
24 42
24 71
24 62
24 59
24 86
24 4
24 78
24 30
24 84
24 7
24 21
24 90
24 57
24 72
24 74
24 44
24 54
24 43
24 2
24 63
24 26
24 32
24 33
24 39
24 40
24 49
24 58
24 85
24 91
24 92
24 94
24 95
24 96
25 10
25 11
25 15
25 20
25 22
25 24
25 82
25 19
25 93
25 87
25 81
25 16
25 89
25 75
25 67
25 84
25 55
25 83
25 59
25 13
25 77
25 60
25 48
25 0
25 95
25 26
25 45
25 4
25 36
25 52
25 90
25 34
25 63
25 37
25 42
25 86
25 23
25 56
25 44
25 28
25 35
25 39
25 40
25 50
25 53
25 57
25 58
25 64
25 65
25 69
25 73
25 76
25 88
25 92
25 96
25 97
26 7
26 8
26 10
26 12
26 25
26 16
26 87
26 73
26 68
26 9
26 51
26 90
26 92
26 24
26 30
26 70
26 84
26 41
26 85
26 39
26 3
26 98
26 66
26 86
26 20
26 17
26 42
26 74
26 62
26 45
26 59
26 77
26 18
26 14
26 21
26 2
26 28
26 32
26 36
26 50
26 58
26 60
26 75
26 78
26 83
26 88
26 93
26 94
26 95
26 97
27 1
27 4
27 9
27 11
27 14
27 15
27 16
27 20
27 24
27 69
27 55
27 66
27 39
27 86
27 72
27 10
27 81
27 58
27 6
27 32
27 76
27 12
27 28
27 29
27 31
27 35
27 40
27 41
27 43
27 54
27 60
27 62
27 65
27 73
27 75
27 82
27 83
27 87
27 91
27 94
27 95
27 96
27 98
28 1
28 3
28 7
28 8
28 19
28 24
28 12
28 37
28 61
28 30
28 48
28 9
28 46
28 10
28 41
28 67
28 88
28 91
28 80
28 22
28 90
28 81
28 55
28 0
28 35
28 52
28 99
28 62
28 96
28 45
28 27
28 85
28 59
28 25
28 31
28 26
28 39
28 18
28 42
28 84
28 71
28 69
28 15
28 63
28 53
28 32
28 16
28 13
28 2
28 11
28 60
28 74
28 34
28 43
28 58
28 66
28 72
28 76
28 77
28 78
28 83
28 92
28 93
28 94
28 95
29 3
29 4
29 9
29 11
29 12
29 16
29 18
29 19
29 92
29 75
29 49
29 34
29 79
29 61
29 33
29 35
29 99
29 22
29 93
29 37
29 23
29 65
29 85
29 6
29 5
29 55
29 27
29 90
29 96
29 53
29 63
29 60
29 78
29 66
29 59
29 70
29 84
29 32
29 41
29 50
29 51
29 57
29 58
29 73
29 76
29 86
29 87
29 88
29 94
29 97
30 0
30 4
30 11
30 17
30 24
30 26
30 28
30 35
30 94
30 8
30 50
30 6
30 46
30 77
30 34
30 22
30 64
30 31
30 32
30 33
30 39
30 43
30 55
30 58
30 68
30 70
30 71
30 73
30 80
30 83
30 84
30 86
30 87
30 88
30 90
30 95
30 96
30 98
31 11
31 16
31 18
31 19
31 20
31 23
31 28
31 9
31 88
31 83
31 47
31 68
31 74
31 42
31 98
31 99
31 86
31 30
31 70
31 38
31 95
31 64
31 94
31 35
31 49
31 58
31 57
31 61
31 63
31 0
31 53
31 4
31 72
31 10
31 77
31 55
31 2
31 80
31 15
31 7
31 5
31 27
31 84
31 34
31 79
31 32
31 33
31 37
31 41
31 56
31 75
31 78
31 91
31 92
31 93
31 97
32 10
32 11
32 16
32 18
32 27
32 28
32 33
32 51
32 91
32 77
32 2
32 75
32 46
32 62
32 70
32 6
32 71
32 24
32 57
32 5
32 12
32 83
32 86
32 59
32 49
32 50
32 67
32 88
32 38
32 29
32 82
32 63
32 8
32 55
32 43
32 80
32 14
32 21
32 73
32 31
32 9
32 39
32 60
32 20
32 64
32 30
32 61
32 26
32 78
32 54
32 94
32 37
32 41
32 53
32 58
32 76
32 90
32 92
32 93
32 96
32 97
32 98
33 11
33 15
33 17
33 19
33 22
33 23
33 29
33 32
33 62
33 45
33 50
33 90
33 82
33 46
33 49
33 6
33 57
33 96
33 24
33 37
33 77
33 63
33 75
33 13
33 20
33 16
33 9
33 53
33 76
33 47
33 1
33 65
33 74
33 70
33 95
33 43
33 51
33 10
33 72
33 79
33 58
33 55
33 54
33 31
33 30
33 7
33 80
33 69
33 39
33 36
33 40
33 60
33 0
33 34
33 86
33 59
33 52
33 41
33 56
33 64
33 71
33 83
33 85
33 92
33 93
33 97
33 98
34 9
34 11
34 19
34 20
34 25
34 29
34 30
34 31
34 33
34 96
34 89
34 44
34 78
34 36
34 88
34 47
34 48
34 85
34 0
34 95
34 58
34 75
34 52
34 39
34 68
34 79
34 81
34 17
34 41
34 50
34 64
34 5
34 28
34 53
34 54
34 10
34 49
34 51
34 55
34 35
34 65
34 83
34 38
34 1
34 60
34 18
34 80
34 40
34 43
34 56
34 57
34 70
34 72
34 73
34 77
34 84
34 90
34 92
34 97
34 99
35 7
35 15
35 19
35 20
35 22
35 24
35 28
35 29
35 30
35 31
35 34
35 39
35 27
35 98
35 40
35 74
35 25
35 2
35 57
35 96
35 62
35 84
35 78
35 73
35 45
35 58
35 42
35 91
35 10
35 99
35 3
35 50
35 85
35 5
35 63
35 71
35 17
35 59
35 68
35 83
35 44
35 49
35 65
35 72
35 81
35 87
35 88
35 90
35 92
35 95
36 12
36 25
36 33
36 34
36 56
36 73
36 15
36 40
36 42
36 26
36 79
36 90
36 52
36 83
36 6
36 13
36 37
36 41
36 47
36 49
36 55
36 61
36 64
36 82
36 84
36 87
36 88
36 91
36 93
36 94
36 95
36 96
36 97
37 0
37 8
37 11
37 12
37 14
37 17
37 19
37 20
37 25
37 28
37 29
37 33
37 69
37 65
37 6
37 75
37 10
37 18
37 63
37 1
37 90
37 89
37 31
37 81
37 36
37 83
37 43
37 76
37 88
37 7
37 64
37 23
37 32
37 9
37 41
37 47
37 56
37 60
37 61
37 78
37 82
37 85
37 97
38 1
38 10
38 11
38 17
38 18
38 19
38 20
38 31
38 32
38 34
38 58
38 39
38 40
38 42
38 48
38 50
38 60
38 62
38 68
38 71
38 73
38 76
38 82
38 83
38 87
38 90
38 91
39 3
39 8
39 12
39 19
39 20
39 22
39 26
39 27
39 28
39 32
39 33
39 34
39 35
39 82
39 69
39 15
39 38
39 79
39 30
39 0
39 58
39 46
39 50
39 52
39 78
39 81
39 76
39 18
39 59
39 45
39 96
39 21
39 92
39 65
39 73
39 72
39 5
39 86
39 87
39 42
39 93
39 95
39 13
39 80
39 88
39 89
39 74
39 23
39 55
39 97
39 57
39 66
39 98
39 90
39 7
39 24
39 4
39 44
39 25
39 64
39 61
39 48
39 53
39 75
39 84
40 1
40 2
40 14
40 15
40 19
40 20
40 33
40 35
40 36
40 22
40 56
40 95
40 24
40 86
40 61
40 25
40 45
40 89
40 80
40 98
40 55
40 82
40 27
40 34
40 38
40 42
40 73
40 77
40 78
40 84
40 92
40 96
40 97
41 7
41 12
41 19
41 20
41 26
41 28
41 34
41 88
41 76
41 2
41 66
41 31
41 97
41 8
41 94
41 85
41 0
41 27
41 93
41 80
41 42
41 95
41 22
41 36
41 89
41 60
41 49
41 74
41 75
41 92
41 33
41 58
41 32
41 87
41 71
41 91
41 57
41 86
41 16
41 64
41 82
41 78
41 10
41 68
41 99
41 98
41 29
41 11
41 37
41 1
41 51
41 55
41 79
41 83
41 84
41 90
42 1
42 7
42 8
42 9
42 10
42 14
42 15
42 18
42 24
42 25
42 26
42 28
42 31
42 35
42 36
42 39
42 41
42 56
42 38
42 52
42 67
42 92
42 46
42 50
42 74
42 60
42 64
42 40
42 55
42 47
42 53
42 54
42 61
42 65
42 68
42 71
42 72
42 75
42 82
42 90
42 91
42 94
42 95
42 96
43 0
43 1
43 11
43 17
43 19
43 20
43 24
43 32
43 33
43 37
43 30
43 28
43 72
43 47
43 74
43 89
43 83
43 44
43 34
43 84
43 90
43 78
43 27
43 73
43 95
43 62
43 52
43 57
43 59
43 61
43 65
43 75
43 76
43 85
43 93
43 94
44 0
44 8
44 11
44 15
44 18
44 24
44 25
44 34
44 39
44 43
44 58
44 35
44 12
44 66
44 89
44 52
44 51
44 53
44 55
44 56
44 61
44 67
44 68
44 72
44 76
44 83
44 84
44 87
44 90
44 94
44 97
44 98
45 7
45 9
45 17
45 24
45 25
45 26
45 28
45 33
45 35
45 39
45 40
45 64
45 90
45 53
45 81
45 95
45 83
45 80
45 88
45 57
45 49
45 56
45 58
45 59
45 60
45 68
45 69
45 71
45 73
45 76
45 78
45 87
45 93
45 94
45 96
45 97
46 2
46 12
46 16
46 18
46 20
46 28
46 30
46 32
46 33
46 39
46 42
46 91
46 57
46 5
46 50
46 52
46 60
46 76
46 78
46 80
46 84
46 90
46 93
46 98
47 0
47 8
47 12
47 14
47 15
47 19
47 24
47 31
47 33
47 34
47 43
47 16
47 62
47 42
47 82
47 78
47 66
47 59
47 51
47 37
47 60
47 76
47 5
47 36
47 1
47 4
47 57
47 21
47 54
47 63
47 65
47 86
47 3
47 95
47 56
47 49
47 55
47 75
47 79
47 83
47 87
47 90
47 93
47 96
47 97
48 9
48 10
48 11
48 14
48 15
48 19
48 20
48 22
48 25
48 28
48 34
48 12
48 75
48 89
48 56
48 17
48 84
48 67
48 3
48 96
48 8
48 5
48 39
48 63
48 77
48 55
48 78
48 85
48 64
48 1
48 74
48 38
48 51
48 54
48 57
48 58
48 60
48 65
48 68
48 70
48 73
48 83
48 88
48 90
48 92
48 97
48 98
48 99
49 1
49 9
49 10
49 11
49 12
49 17
49 20
49 29
49 31
49 32
49 33
49 34
49 41
49 3
49 54
49 92
49 72
49 36
49 35
49 2
49 47
49 19
49 65
49 8
49 76
49 73
49 24
49 45
49 22
49 81
49 90
49 85
49 74
49 14
49 94
49 82
49 98
49 66
49 16
49 63
49 80
49 21
49 7
49 57
49 55
49 56
49 60
49 64
49 68
49 71
49 75
49 77
49 78
49 87
49 89
49 91
49 95
49 97
50 3
50 4
50 8
50 11
50 15
50 17
50 18
50 19
50 22
50 24
50 30
50 32
50 33
50 34
50 35
50 39
50 42
50 61
50 0
50 98
50 66
50 74
50 81
50 67
50 26
50 1
50 53
50 9
50 6
50 25
50 5
50 78
50 46
50 89
50 56
50 75
50 21
50 29
50 38
50 95
50 84
50 57
50 60
50 65
50 70
50 77
50 90
50 92
50 96
50 97
51 1
51 2
51 9
51 10
51 15
51 20
51 26
51 32
51 33
51 34
51 41
51 47
51 66
51 44
51 82
51 55
51 98
51 59
51 63
51 16
51 57
51 48
51 29
51 52
51 79
51 64
51 65
51 76
51 83
51 84
51 85
51 87
51 93
51 94
51 97
52 7
52 11
52 20
52 25
52 28
52 33
52 34
52 36
52 39
52 42
52 44
52 51
52 4
52 99
52 18
52 43
52 67
52 58
52 91
52 16
52 3
52 46
52 63
52 55
52 54
52 14
52 73
52 53
52 57
52 60
52 68
52 74
52 76
52 83
52 84
52 87
52 90
52 92
52 93
52 95
52 96
52 97
53 7
53 8
53 9
53 12
53 16
53 17
53 19
53 20
53 22
53 28
53 29
53 31
53 33
53 34
53 45
53 50
53 44
53 91
53 71
53 93
53 1
53 85
53 89
53 42
53 99
53 3
53 21
53 98
53 59
53 25
53 84
53 61
53 56
53 0
53 52
53 15
53 83
53 65
53 11
53 86
53 88
53 82
53 39
53 81
53 70
53 32
53 72
53 58
53 55
53 95
53 2
53 57
53 94
53 54
53 69
53 76
53 87
53 90
53 96
54 7
54 9
54 10
54 11
54 15
54 18
54 19
54 24
54 32
54 33
54 34
54 47
54 49
54 52
54 82
54 56
54 42
54 96
54 53
54 22
54 27
54 48
54 90
54 73
54 57
54 60
54 61
54 62
54 76
54 78
54 83
54 84
54 88
54 91
54 92
54 93
54 94
54 95
54 98
55 4
55 8
55 10
55 12
55 20
55 24
55 25
55 27
55 28
55 29
55 31
55 32
55 33
55 34
55 39
55 40
55 42
55 48
55 51
55 52
55 53
55 82
55 94
55 23
55 13
55 21
55 9
55 71
55 44
55 64
55 91
55 41
55 16
55 65
55 95
55 36
55 97
55 63
55 74
55 76
55 66
55 79
55 17
55 30
55 47
55 0
55 78
55 67
55 75
55 56
55 93
55 59
55 3
55 49
55 7
55 14
55 57
55 99
55 60
55 68
55 70
55 73
55 83
55 90
55 96
56 1
56 12
56 15
56 19
56 23
56 24
56 25
56 36
56 40
56 42
56 47
56 48
56 50
56 53
56 54
56 55
56 33
56 95
56 73
56 14
56 31
56 68
56 17
56 65
56 7
56 45
56 34
56 20
56 37
56 21
56 74
56 3
56 99
56 87
56 0
56 44
56 79
56 94
56 49
56 60
56 62
56 77
56 58
56 61
56 72
56 78
56 80
56 83
56 84
56 88
56 90
56 91
56 92
56 93
56 96
57 3
57 4
57 12
57 24
57 31
57 32
57 33
57 35
57 39
57 41
57 45
57 46
57 47
57 49
57 51
57 53
57 55
57 99
57 80
57 48
57 54
57 9
57 67
57 43
57 5
57 98
57 23
57 52
57 65
57 25
57 29
57 1
57 58
57 96
57 69
57 93
57 94
57 50
57 34
57 73
57 19
57 6
57 2
57 95
57 70
57 11
57 17
57 85
57 86
57 10
57 16
57 60
57 75
57 76
57 82
57 84
57 87
57 90
57 97
58 3
58 8
58 9
58 15
58 18
58 20
58 27
58 31
58 33
58 34
58 35
58 38
58 39
58 41
58 44
58 52
58 53
58 57
58 83
58 86
58 12
58 56
58 62
58 99
58 94
58 7
58 26
58 59
58 45
58 60
58 98
58 68
58 1
58 48
58 65
58 89
58 79
58 93
58 11
58 97
58 28
58 24
58 75
58 17
58 29
58 73
58 87
58 25
58 90
58 82
58 10
58 32
58 61
58 30
58 64
58 76
58 85
58 92
58 96
59 8
59 10
59 11
59 13
59 19
59 24
59 25
59 26
59 28
59 29
59 32
59 33
59 35
59 39
59 47
59 51
59 53
59 55
59 58
59 45
59 63
59 60
59 15
59 43
59 14
59 23
59 68
59 82
59 67
59 75
59 78
59 86
59 87
59 88
59 90
59 91
59 92
59 94
59 95
59 97
59 98
60 3
60 12
60 15
60 24
60 25
60 28
60 29
60 32
60 33
60 34
60 41
60 42
60 47
60 56
60 58
60 59
60 68
60 38
60 70
60 52
60 61
60 97
60 37
60 18
60 13
60 89
60 14
60 0
60 22
60 88
60 92
60 49
60 91
60 11
60 27
60 77
60 50
60 85
60 5
60 9
60 72
60 21
60 74
60 99
60 7
60 55
60 46
60 79
60 57
60 93
60 26
60 64
60 81
60 23
60 83
60 86
60 69
60 63
60 45
60 54
60 48
60 78
60 4
60 6
60 1
60 65
60 75
60 80
60 87
60 94
60 95
60 96
61 1
61 8
61 9
61 13
61 17
61 18
61 19
61 20
61 24
61 28
61 29
61 31
61 32
61 39
61 40
61 50
61 53
61 58
61 60
61 97
61 22
61 37
61 63
61 2
61 54
61 16
61 56
61 67
61 3
61 95
61 36
61 44
61 15
61 43
61 93
61 76
61 62
61 42
61 64
61 65
61 77
61 80
61 90
61 94
61 96
62 0
62 1
62 9
62 14
62 19
62 24
62 26
62 28
62 32
62 33
62 35
62 43
62 47
62 56
62 58
62 61
62 70
62 27
62 54
62 11
62 38
62 82
62 65
62 75
62 76
62 77
62 78
62 83
62 85
62 87
62 89
62 91
62 92
62 93
62 94
62 98
63 0
63 8
63 14
63 20
63 24
63 25
63 28
63 29
63 31
63 32
63 33
63 35
63 37
63 47
63 48
63 49
63 51
63 52
63 55
63 59
63 60
63 61
63 92
63 83
63 21
63 84
63 96
63 12
63 75
63 65
63 68
63 73
63 76
63 78
63 79
63 82
63 85
63 86
63 90
63 91
63 93
64 10
64 14
64 15
64 30
64 31
64 32
64 34
64 37
64 39
64 41
64 42
64 45
64 48
64 55
64 60
64 25
64 51
64 33
64 36
64 81
64 58
64 99
64 87
64 49
64 97
64 61
64 70
64 75
64 92
64 12
64 80
64 65
64 82
64 83
64 85
64 88
64 93
64 94
64 96
65 1
65 8
65 15
65 17
65 19
65 20
65 24
65 29
65 33
65 34
65 37
65 39
65 47
65 49
65 53
65 55
65 56
65 57
65 58
65 27
65 35
65 7
65 6
65 98
65 67
65 66
65 5
65 88
65 86
65 25
65 16
65 61
65 4
65 76
65 3
65 9
65 74
65 69
65 60
65 21
65 90
65 10
65 50
65 18
65 64
65 96
65 82
65 72
65 71
65 43
65 63
65 12
65 84
65 92
65 70
65 0
65 79
65 91
65 62
65 42
65 78
65 77
65 51
65 14
65 48
65 99
65 2
65 85
65 68
65 83
65 93
65 94
65 95
66 1
66 7
66 9
66 11
66 17
66 19
66 26
66 27
66 29
66 39
66 41
66 44
66 47
66 49
66 50
66 51
66 55
66 65
66 10
66 15
66 3
66 28
66 97
66 67
66 68
66 73
66 74
66 76
66 77
66 82
66 83
66 84
66 90
66 92
66 93
66 94
66 96
66 98
66 99
67 3
67 11
67 15
67 16
67 17
67 20
67 25
67 28
67 32
67 42
67 48
67 50
67 52
67 55
67 57
67 61
67 65
67 59
67 44
67 66
67 99
67 5
67 75
67 7
67 73
67 92
67 86
67 71
67 76
67 77
67 78
67 83
67 87
67 90
67 93
67 95
67 97
68 0
68 1
68 8
68 12
68 15
68 19
68 22
68 26
68 31
68 34
68 35
68 41
68 56
68 58
68 59
68 60
68 81
68 55
68 70
68 4
68 97
68 74
68 65
68 44
68 49
68 14
68 42
68 88
68 66
68 30
68 78
68 45
68 87
68 5
68 92
68 52
68 79
68 23
68 3
68 83
68 38
68 10
68 63
68 48
68 72
68 76
68 77
68 90
68 93
68 95
68 96
68 99
69 3
69 8
69 11
69 12
69 15
69 19
69 20
69 22
69 27
69 28
69 33
69 37
69 39
69 57
69 60
69 65
69 53
69 45
69 86
69 25
69 6
69 71
69 76
69 83
69 90
69 92
69 93
69 94
69 96
69 97
70 7
70 11
70 15
70 17
70 18
70 20
70 21
70 22
70 24
70 26
70 29
70 31
70 32
70 33
70 53
70 57
70 60
70 62
70 64
70 65
70 68
70 12
70 13
70 97
70 83
70 50
70 55
70 89
70 34
70 74
70 3
70 30
70 48
70 75
70 76
70 78
70 82
70 84
70 86
70 88
70 91
70 92
70 93
70 98
71 8
71 11
71 17
71 24
71 28
71 32
71 35
71 41
71 53
71 55
71 65
71 97
71 7
71 49
71 83
71 33
71 45
71 69
71 3
71 38
71 42
71 67
71 30
71 72
71 76
71 77
71 79
71 88
71 92
71 93
71 94
71 95
71 96
71 98
72 6
72 9
72 12
72 15
72 16
72 17
72 20
72 24
72 27
72 31
72 33
72 39
72 43
72 49
72 53
72 60
72 65
72 84
72 11
72 68
72 89
72 13
72 3
72 90
72 0
72 85
72 56
72 44
72 18
72 23
72 42
72 19
72 71
72 76
72 28
72 88
72 77
72 94
72 34
72 35
72 95
72 93
72 98
73 8
73 11
73 19
73 20
73 26
73 32
73 35
73 36
73 39
73 43
73 49
73 52
73 54
73 56
73 57
73 58
73 67
73 48
73 38
73 45
73 29
73 34
73 55
73 86
73 63
73 30
73 18
73 25
73 40
73 76
73 9
73 66
73 78
73 77
73 27
73 99
73 16
73 75
73 83
73 84
73 90
73 94
73 96
74 3
74 5
74 9
74 13
74 14
74 15
74 20
74 23
74 24
74 26
74 28
74 31
74 33
74 35
74 39
74 41
74 42
74 43
74 48
74 49
74 50
74 55
74 56
74 60
74 65
74 68
74 70
74 80
74 12
74 92
74 66
74 97
74 76
74 52
74 77
74 87
74 93
74 95
75 2
75 7
75 8
75 18
75 20
75 23
75 25
75 29
75 32
75 33
75 34
75 37
75 41
75 48
75 50
75 55
75 58
75 63
75 64
75 67
75 86
75 26
75 43
75 22
75 98
75 6
75 57
75 59
75 73
75 27
75 77
75 70
75 12
75 9
75 0
75 39
75 15
75 85
75 49
75 62
75 87
75 31
75 42
75 97
75 47
75 60
75 16
75 13
75 79
75 83
75 90
75 92
75 93
75 95
75 96
76 0
76 5
76 7
76 12
76 15
76 17
76 24
76 27
76 33
76 37
76 39
76 41
76 47
76 49
76 55
76 61
76 65
76 72
76 73
76 74
76 38
76 44
76 71
76 67
76 57
76 92
76 14
76 20
76 46
76 83
76 1
76 53
76 54
76 69
76 29
76 94
76 18
76 86
76 3
76 68
76 11
76 84
76 82
76 95
76 78
76 23
76 98
76 43
76 58
76 28
76 9
76 32
76 52
76 25
76 62
76 63
76 97
76 51
76 66
76 70
76 4
76 8
76 79
76 45
76 89
76 90
76 91
76 93
76 96
77 12
77 16
77 18
77 20
77 25
77 26
77 30
77 31
77 32
77 33
77 48
77 56
77 60
77 65
77 72
77 73
77 75
77 40
77 61
77 62
77 3
77 85
77 67
77 68
77 93
77 28
77 23
77 87
77 97
77 34
77 88
77 94
77 66
77 50
77 86
77 74
77 83
77 79
77 7
77 49
77 98
77 71
77 22
77 21
77 78
77 90
77 92
78 0
78 3
78 4
78 8
78 10
78 16
78 24
78 29
78 32
78 34
78 35
78 39
78 41
78 43
78 47
78 48
78 50
78 55
78 60
78 65
78 68
78 73
78 76
78 77
78 67
78 49
78 40
78 98
78 92
78 96
78 28
78 93
78 18
78 99
78 89
78 22
78 31
78 19
78 97
78 46
78 82
78 85
78 63
78 79
78 87
78 17
78 26
78 37
78 9
78 13
78 20
78 56
78 54
78 14
78 62
78 6
78 70
78 59
78 2
78 45
78 83
78 84
78 90
78 91
78 94
78 95
79 1
79 7
79 11
79 13
79 14
79 24
79 29
79 31
79 33
79 34
79 36
79 39
79 51
79 55
79 56
79 58
79 60
79 65
79 68
79 76
79 77
79 78
79 0
79 41
79 71
79 17
79 75
79 6
79 47
79 63
79 83
79 87
79 93
79 94
79 98
80 10
80 15
80 16
80 20
80 22
80 28
80 31
80 32
80 33
80 34
80 39
80 40
80 41
80 45
80 49
80 57
80 64
80 74
80 19
80 6
80 61
80 56
80 95
80 46
80 30
80 60
80 3
80 12
80 8
80 7
80 99
80 83
80 88
80 91
80 96
81 0
81 7
81 11
81 15
81 24
81 25
81 27
81 28
81 34
81 37
81 39
81 45
81 49
81 50
81 53
81 60
81 64
81 68
81 35
81 10
81 1
81 83
81 85
81 87
81 92
81 94
81 96
81 98
82 0
82 8
82 10
82 14
82 20
82 25
82 32
82 33
82 39
82 40
82 41
82 47
82 49
82 51
82 53
82 54
82 55
82 58
82 59
82 62
82 65
82 76
82 78
82 63
82 87
82 70
82 4
82 38
82 22
82 94
82 42
82 36
82 27
82 66
82 83
82 37
82 84
82 57
82 64
82 85
82 90
82 91
82 92
82 95
82 97
82 98
83 10
83 19
83 25
83 31
83 32
83 34
83 35
83 36
83 37
83 43
83 45
83 53
83 58
83 60
83 63
83 68
83 70
83 71
83 76
83 77
83 82
83 51
83 73
83 33
83 66
83 38
83 3
83 81
83 52
83 93
83 48
83 64
83 14
83 55
83 27
83 96
83 2
83 47
83 12
83 86
83 8
83 30
83 41
83 99
83 62
83 80
83 28
83 56
83 67
83 97
83 69
83 22
83 54
83 75
83 79
83 44
83 78
83 95
83 87
83 26
83 65
83 5
83 84
83 90
83 91
83 92
84 3
84 7
84 8
84 9
84 12
84 24
84 25
84 26
84 28
84 29
84 31
84 35
84 43
84 48
84 50
84 53
84 63
84 65
84 72
84 76
84 82
84 36
84 70
84 86
84 19
84 39
84 66
84 57
84 56
84 99
84 44
84 73
84 85
84 41
84 78
84 95
84 83
84 6
84 40
84 20
84 52
84 34
84 14
84 90
84 46
84 4
84 30
84 51
84 54
84 87
84 89
84 94
84 97
85 6
85 8
85 9
85 15
85 26
85 28
85 29
85 34
85 35
85 41
85 48
85 49
85 53
85 57
85 60
85 65
85 72
85 75
85 77
85 78
85 84
85 89
85 23
85 62
85 51
85 82
85 97
85 63
85 33
85 43
85 94
85 13
85 37
85 64
85 98
85 95
85 22
85 17
85 88
85 91
85 86
85 24
85 3
85 81
85 96
85 58
85 92
85 4
85 10
85 90
86 8
86 11
86 17
86 19
86 24
86 25
86 26
86 27
86 31
86 32
86 33
86 39
86 40
86 41
86 47
86 53
86 57
86 58
86 60
86 65
86 67
86 69
86 73
86 75
86 76
86 77
86 83
86 84
86 85
86 59
86 70
86 29
86 87
86 10
86 97
86 15
86 1
86 6
86 63
86 5
86 92
86 30
86 93
86 94
86 96
86 98
86 99
87 0
87 1
87 12
87 20
87 25
87 26
87 39
87 41
87 56
87 58
87 64
87 68
87 75
87 77
87 78
87 82
87 83
87 86
87 36
87 14
87 6
87 10
87 49
87 94
87 17
87 88
87 3
87 18
87 38
87 92
87 62
87 93
87 13
87 81
87 59
87 47
87 44
87 45
87 15
87 5
87 84
87 67
87 30
87 52
87 51
87 23
87 57
87 95
87 27
87 35
87 74
87 9
87 99
87 21
87 79
87 29
87 60
87 19
87 53
87 90
88 7
88 8
88 11
88 15
88 17
88 19
88 24
88 28
88 31
88 32
88 34
88 37
88 39
88 41
88 45
88 53
88 60
88 65
88 68
88 72
88 77
88 85
88 87
88 56
88 64
88 99
88 71
88 35
88 16
88 13
88 54
88 3
88 26
88 48
88 30
88 25
88 59
88 36
88 6
88 80
88 2
88 14
88 70
88 29
88 18
88 91
88 96
88 97
89 7
89 8
89 9
89 10
89 11
89 19
89 20
89 24
89 25
89 34
89 37
89 39
89 40
89 41
89 43
89 44
89 48
89 50
89 53
89 58
89 60
89 70
89 72
89 78
89 85
89 96
89 15
89 49
89 2
89 84
89 76
89 16
89 62
89 90
89 93
89 95
89 97
90 8
90 9
90 11
90 15
90 16
90 22
90 24
90 25
90 26
90 28
90 29
90 33
90 36
90 37
90 39
90 43
90 45
90 49
90 54
90 58
90 65
90 72
90 84
90 92
90 41
90 30
90 85
90 2
90 38
90 99
90 17
90 57
90 77
90 32
90 5
90 75
90 73
90 83
90 61
90 89
90 34
90 93
90 67
90 52
90 78
90 48
90 0
90 59
90 44
90 42
90 47
90 4
90 35
90 91
90 94
90 69
90 87
90 68
90 12
90 6
90 3
90 76
90 1
90 56
90 66
90 55
90 50
90 63
90 53
90 82
90 46
90 95
90 96
90 97
90 98
91 6
91 9
91 11
91 13
91 16
91 28
91 32
91 35
91 41
91 46
91 52
91 53
91 55
91 60
91 65
91 85
91 90
91 59
91 92
91 4
91 82
91 31
91 80
91 38
91 96
91 70
91 24
91 63
91 78
91 76
91 27
91 42
91 19
91 98
91 83
91 88
91 23
91 36
91 56
91 95
91 62
91 49
91 54
91 94
91 97
92 3
92 9
92 11
92 12
92 14
92 17
92 20
92 26
92 29
92 39
92 41
92 42
92 49
92 60
92 63
92 64
92 65
92 67
92 68
92 74
92 76
92 78
92 85
92 86
92 87
92 90
92 91
92 97
92 58
92 54
92 34
92 69
92 56
92 81
92 4
92 24
92 32
92 77
92 10
92 82
92 98
92 22
92 33
92 62
92 70
92 21
92 31
92 59
92 52
92 66
92 96
92 99
92 48
92 19
92 71
92 83
92 40
92 13
92 35
92 25
92 8
92 50
92 28
92 1
92 75
92 93
92 94
92 95
93 2
93 8
93 11
93 12
93 17
93 25
93 29
93 39
93 41
93 53
93 55
93 57
93 58
93 60
93 61
93 77
93 78
93 83
93 87
93 90
93 89
93 69
93 54
93 75
93 32
93 43
93 33
93 1
93 74
93 67
93 79
93 47
93 36
93 23
93 64
93 52
93 76
93 62
93 56
93 46
93 68
93 99
93 21
93 20
93 97
93 66
93 86
93 98
93 0
93 45
93 26
93 63
93 70
93 14
93 31
93 96
93 6
93 92
93 95
93 51
93 9
93 19
93 65
93 72
93 71
93 7
93 28
94 0
94 4
94 8
94 11
94 12
94 17
94 30
94 31
94 32
94 41
94 49
94 53
94 55
94 56
94 57
94 58
94 72
94 76
94 77
94 82
94 85
94 87
94 90
94 29
94 69
94 6
94 1
94 44
94 36
94 73
94 16
94 42
94 59
94 86
94 27
94 81
94 19
94 28
94 62
94 65
94 43
94 51
94 21
94 91
94 64
94 92
94 26
94 54
94 24
94 66
94 79
94 7
94 60
94 2
94 96
94 5
94 18
94 61
94 78
94 45
94 95
94 71
94 84
94 97
95 7
95 8
95 11
95 14
95 18
95 20
95 22
95 25
95 31
95 33
95 34
95 39
95 40
95 41
95 43
95 45
95 47
95 50
95 53
95 55
95 56
95 57
95 61
95 72
95 76
95 80
95 83
95 84
95 85
95 87
95 91
95 93
95 94
95 3
95 17
95 65
95 13
95 68
95 75
95 10
95 90
95 30
95 23
95 67
95 74
95 60
95 24
95 71
95 35
95 28
95 92
95 36
95 96
95 82
95 0
95 49
95 54
95 2
95 42
95 52
95 15
95 59
95 27
95 78
95 26
95 89
95 5
95 9
95 97
95 98
96 0
96 6
96 8
96 11
96 17
96 20
96 28
96 29
96 33
96 34
96 35
96 39
96 48
96 54
96 57
96 63
96 65
96 78
96 83
96 85
96 89
96 91
96 92
96 93
96 94
96 95
96 2
96 64
96 73
96 22
96 21
96 99
96 69
96 56
96 36
96 66
96 24
96 88
96 55
96 7
96 81
96 1
96 3
96 60
96 76
96 75
96 86
96 16
96 27
96 71
96 97
96 50
96 42
96 30
96 25
96 52
96 19
96 80
96 4
96 90
96 45
96 15
96 68
96 58
96 98
96 61
96 53
96 40
96 32
96 47
97 7
97 15
97 39
97 41
97 55
97 58
97 60
97 61
97 64
97 66
97 68
97 70
97 71
97 74
97 75
97 76
97 77
97 78
97 83
97 85
97 86
97 92
97 93
97 96
97 17
97 33
97 37
97 6
97 84
97 59
97 32
97 49
97 98
97 23
97 89
97 44
97 90
97 88
97 29
97 48
97 16
97 26
97 45
97 31
97 10
97 9
97 67
97 21
97 25
97 50
97 51
97 91
97 99
97 22
97 57
97 0
97 34
97 52
97 1
97 19
97 40
97 8
97 82
97 95
97 94
97 20
97 4
97 47
97 36
97 69
98 7
98 10
98 17
98 19
98 20
98 22
98 26
98 31
98 35
98 39
98 40
98 41
98 49
98 50
98 51
98 53
98 57
98 58
98 65
98 75
98 76
98 77
98 78
98 85
98 91
98 92
98 93
98 96
98 97
98 33
98 27
98 13
98 23
98 48
98 6
98 59
98 86
98 90
98 81
98 79
98 18
98 72
98 70
98 62
98 46
98 5
98 95
98 11
98 44
98 32
98 71
98 54
98 99
98 82
98 30
98 66
99 0
99 3
99 11
99 17
99 18
99 19
99 28
99 29
99 31
99 35
99 41
99 52
99 53
99 55
99 56
99 57
99 58
99 60
99 64
99 65
99 67
99 73
99 78
99 80
99 83
99 84
99 87
99 88
99 90
99 92
99 93
99 96
99 97
99 98
99 86
99 48
99 8
99 22
99 34
99 66
99 68
