25
0 22
0 9
0 10
0 2
0 4
0 13
0 20
0 15
0 23
0 12
0 16
0 21
1 2
1 11
1 13
1 10
1 21
1 15
1 22
1 9
1 24
1 7
1 20
1 3
1 5
1 6
1 12
1 16
1 17
1 18
2 0
2 1
2 3
2 6
2 17
2 15
2 11
2 8
2 12
2 20
2 23
2 7
2 18
2 14
3 2
3 8
3 5
3 1
3 18
3 21
3 16
3 24
3 6
3 7
3 10
3 20
3 22
3 23
4 0
4 15
4 10
4 14
4 24
4 20
4 5
4 6
4 7
4 13
4 21
4 22
5 3
5 4
5 1
5 8
5 20
5 6
5 21
5 24
5 14
5 22
5 13
5 17
5 9
5 10
6 2
6 5
6 17
6 3
6 9
6 4
6 7
6 19
6 18
6 12
6 1
6 20
6 8
6 15
6 21
7 1
7 2
7 6
7 9
7 11
7 21
7 18
7 10
7 4
7 14
7 15
7 3
7 16
7 13
7 8
7 12
7 17
7 22
7 23
8 2
8 3
8 5
8 6
8 12
8 7
8 21
8 10
8 20
8 17
8 9
8 15
8 16
8 13
8 18
9 0
9 1
9 6
9 7
9 8
9 12
9 5
9 15
9 19
9 18
9 21
9 20
9 14
9 23
9 16
9 22
10 0
10 1
10 4
10 7
10 8
10 13
10 23
10 22
10 5
10 3
10 11
10 12
10 14
10 19
11 1
11 2
11 7
11 10
11 15
11 19
11 16
11 14
11 20
11 24
12 2
12 6
12 8
12 9
12 0
12 14
12 21
12 7
12 20
12 24
12 1
12 10
12 13
12 18
12 22
12 23
13 0
13 1
13 5
13 7
13 10
13 17
13 12
13 20
13 21
13 8
13 4
13 18
13 19
13 22
14 4
14 5
14 7
14 9
14 11
14 12
14 21
14 20
14 23
14 2
14 10
14 17
14 18
15 0
15 1
15 2
15 4
15 7
15 8
15 9
15 11
15 24
15 6
15 18
15 22
16 3
16 7
16 8
16 9
16 11
16 1
16 0
16 18
16 20
16 23
17 2
17 5
17 6
17 8
17 13
17 1
17 14
17 7
17 18
17 19
17 20
17 21
17 22
18 2
18 3
18 6
18 7
18 9
18 17
18 13
18 12
18 1
18 8
18 16
18 14
18 24
18 15
18 20
19 6
19 9
19 11
19 17
19 21
19 10
19 22
19 13
19 20
20 0
20 1
20 2
20 4
20 5
20 6
20 8
20 9
20 12
20 13
20 14
20 11
20 16
20 3
20 17
20 19
20 24
20 18
20 21
20 23
21 1
21 3
21 5
21 7
21 8
21 9
21 12
21 13
21 14
21 19
21 6
21 4
21 0
21 17
21 20
21 22
22 0
22 1
22 5
22 10
22 19
22 12
22 15
22 7
22 3
22 4
22 21
22 13
22 9
22 17
22 23
23 0
23 2
23 9
23 10
23 14
23 16
23 22
23 12
23 20
23 3
23 7
24 1
24 3
24 4
24 5
24 12
24 15
24 18
24 20
24 11
