50
0 28
0 1
0 31
0 33
0 47
0 27
0 9
0 37
0 22
0 45
0 5
0 42
0 10
0 3
0 2
0 8
0 12
0 17
0 18
0 21
0 23
0 30
0 41
0 48
0 49
1 0
1 32
1 45
1 38
1 8
1 5
1 43
1 29
1 18
1 27
1 10
1 44
1 15
1 30
1 16
1 24
1 48
1 13
1 34
1 33
1 28
1 23
1 39
1 4
1 9
1 11
1 19
1 25
1 31
1 35
1 37
1 40
1 41
1 42
1 49
2 39
2 0
2 5
2 20
2 17
2 38
2 34
2 26
2 16
2 27
2 15
2 46
2 30
2 3
2 47
2 11
2 4
2 8
2 9
2 14
2 23
2 25
2 35
2 37
2 41
2 48
3 0
3 2
3 5
3 47
3 9
3 44
3 20
3 46
3 28
3 30
3 12
3 22
3 4
3 13
3 11
3 14
3 15
3 16
3 24
3 25
3 31
3 33
3 38
3 39
3 40
3 41
3 42
4 3
4 45
4 33
4 44
4 34
4 37
4 13
4 40
4 17
4 5
4 42
4 47
4 11
4 14
4 16
4 35
4 2
4 46
4 7
4 41
4 1
4 27
4 9
4 12
4 20
4 28
4 30
4 38
4 39
5 0
5 1
5 2
5 3
5 4
5 24
5 29
5 34
5 39
5 25
5 43
5 33
5 15
5 12
5 26
5 8
5 36
5 32
5 48
5 49
5 6
5 7
5 20
5 9
5 10
5 11
5 13
5 16
5 18
5 19
5 21
5 23
5 27
5 28
5 35
5 42
5 44
6 5
6 8
6 46
6 21
6 48
6 14
6 41
6 47
6 35
6 40
6 43
6 33
6 18
6 30
6 9
6 20
6 42
6 12
6 7
6 49
6 10
6 13
6 15
6 16
6 24
6 25
6 27
6 31
6 37
6 38
6 39
6 44
7 4
7 5
7 6
7 31
7 28
7 25
7 33
7 11
7 40
7 47
7 13
7 16
7 18
7 21
7 26
7 27
7 30
7 35
7 36
7 37
7 38
7 39
7 41
7 42
7 44
7 48
8 1
8 5
8 6
8 31
8 49
8 33
8 22
8 2
8 23
8 43
8 48
8 14
8 44
8 30
8 24
8 40
8 18
8 35
8 34
8 13
8 0
8 25
8 26
8 10
8 11
8 12
8 15
8 20
8 29
8 37
8 39
8 41
8 42
9 0
9 3
9 6
9 35
9 30
9 40
9 4
9 15
9 34
9 2
9 33
9 1
9 37
9 5
9 24
9 39
9 32
9 36
9 42
9 17
9 28
9 13
9 14
9 29
9 31
9 41
9 47
9 48
9 49
10 0
10 1
10 44
10 31
10 30
10 5
10 13
10 36
10 6
10 46
10 20
10 17
10 18
10 11
10 21
10 49
10 26
10 24
10 19
10 28
10 16
10 25
10 12
10 35
10 8
10 15
10 22
10 29
10 34
10 37
10 38
10 39
10 41
10 47
10 48
11 2
11 4
11 7
11 10
11 5
11 38
11 14
11 19
11 3
11 46
11 1
11 15
11 8
11 20
11 21
11 35
11 43
11 16
11 23
11 25
11 33
11 34
11 37
11 39
11 40
11 42
11 44
11 47
11 49
12 3
12 5
12 6
12 10
12 33
12 47
12 34
12 0
12 4
12 27
12 49
12 20
12 41
12 37
12 38
12 15
12 45
12 13
12 35
12 43
12 42
12 46
12 31
12 8
12 22
12 14
12 18
12 21
12 23
12 25
12 29
12 44
12 48
13 1
13 3
13 4
13 8
13 10
13 12
13 5
13 9
13 16
13 30
13 42
13 31
13 48
13 14
13 38
13 20
13 44
13 7
13 34
13 23
13 26
13 43
13 36
13 6
13 21
13 25
13 28
13 35
13 39
13 41
14 4
14 6
14 8
14 11
14 12
14 13
14 45
14 29
14 28
14 39
14 2
14 18
14 9
14 25
14 42
14 17
14 44
14 23
14 31
14 21
14 3
14 41
14 20
14 43
14 46
14 15
14 16
14 32
14 34
14 35
14 36
14 37
14 38
15 1
15 2
15 5
15 9
15 10
15 11
15 12
15 14
15 49
15 39
15 27
15 3
15 31
15 37
15 8
15 16
15 48
15 6
15 36
15 18
15 20
15 28
15 29
15 30
15 34
15 35
15 38
15 42
16 1
16 2
16 4
16 10
16 13
16 15
16 11
16 14
16 23
16 40
16 5
16 27
16 32
16 28
16 24
16 7
16 36
16 3
16 20
16 41
16 39
16 44
16 18
16 21
16 30
16 6
16 31
16 25
16 33
16 37
16 38
16 42
16 49
17 2
17 4
17 9
17 10
17 14
17 0
17 35
17 33
17 18
17 21
17 46
17 29
17 28
17 27
17 30
17 31
17 36
17 37
17 41
17 48
17 49
18 1
18 6
18 8
18 10
18 14
18 16
18 17
18 43
18 7
18 38
18 31
18 0
18 25
18 23
18 37
18 12
18 20
18 30
18 49
18 39
18 34
18 26
18 35
18 33
18 5
18 45
18 15
18 46
18 42
18 27
18 28
18 29
18 36
18 41
18 44
18 48
19 10
19 11
19 5
19 1
19 35
19 32
19 46
19 24
19 27
19 30
19 31
19 33
19 39
19 41
19 44
19 48
19 49
20 2
20 3
20 5
20 6
20 10
20 11
20 12
20 13
20 14
20 16
20 18
20 24
20 4
20 40
20 31
20 48
20 32
20 42
20 8
20 39
20 41
20 15
20 36
20 37
20 44
20 25
20 29
20 34
20 47
21 6
21 10
21 11
21 14
21 16
21 17
21 13
21 7
21 48
21 34
21 31
21 33
21 30
21 12
21 0
21 46
21 27
21 38
21 5
21 44
21 42
21 26
21 41
21 45
22 0
22 3
22 8
22 12
22 10
22 27
22 30
22 33
22 34
22 35
22 38
22 39
22 42
22 47
22 48
22 49
23 1
23 8
23 13
23 14
23 16
23 18
23 26
23 32
23 0
23 39
23 28
23 5
23 12
23 2
23 47
23 11
23 25
23 29
23 31
23 33
23 34
23 35
23 37
23 38
23 42
23 46
23 48
23 49
24 1
24 5
24 8
24 9
24 10
24 16
24 20
24 49
24 3
24 30
24 31
24 48
24 19
24 42
24 45
24 25
24 44
24 6
24 27
24 29
24 33
24 34
24 39
25 5
25 7
25 8
25 10
25 14
25 18
25 24
25 12
25 20
25 32
25 36
25 6
25 34
25 27
25 40
25 37
25 11
25 23
25 13
25 35
25 16
25 1
25 3
25 48
25 2
25 49
25 41
25 45
25 26
25 47
25 38
26 2
26 5
26 8
26 10
26 13
26 18
26 23
26 25
26 7
26 21
26 27
26 29
26 33
26 34
26 35
26 37
26 38
26 42
26 43
26 44
27 0
27 1
27 2
27 4
27 12
27 15
27 16
27 21
27 25
27 18
27 24
27 41
27 49
27 26
27 33
27 43
27 45
27 6
27 38
27 34
27 30
27 35
27 7
27 31
27 42
27 5
27 37
27 17
27 19
27 22
27 28
27 39
27 40
27 47
27 48
28 0
28 1
28 3
28 7
28 9
28 10
28 14
28 16
28 17
28 23
28 5
28 15
28 18
28 4
28 34
28 27
28 13
28 30
28 31
28 33
28 37
28 39
28 41
28 44
28 48
29 1
29 5
29 14
29 17
29 40
29 37
29 39
29 46
29 33
29 26
29 8
29 23
29 31
29 49
29 47
29 18
29 44
29 15
29 20
29 12
29 38
29 9
29 24
29 10
29 30
29 34
29 35
30 1
30 2
30 3
30 6
30 8
30 9
30 10
30 13
30 16
30 18
30 21
30 24
30 27
30 37
30 19
30 22
30 28
30 48
30 0
30 34
30 4
30 47
30 32
30 45
30 29
30 39
30 7
30 15
30 41
30 17
30 33
30 35
30 38
30 44
31 0
31 7
31 8
31 10
31 12
31 13
31 14
31 15
31 16
31 18
31 20
31 21
31 24
31 27
31 29
31 36
31 6
31 38
31 17
31 43
31 48
31 41
31 9
31 47
31 3
31 23
31 28
31 1
31 19
31 35
31 46
31 32
31 34
31 37
31 39
31 49
32 1
32 5
32 9
32 16
32 19
32 20
32 23
32 25
32 30
32 31
32 40
32 38
32 37
32 14
32 36
32 33
32 34
32 41
32 44
32 47
32 48
33 0
33 1
33 4
33 5
33 6
33 7
33 8
33 9
33 12
33 17
33 18
33 21
33 27
33 29
33 30
33 26
33 48
33 44
33 3
33 24
33 43
33 23
33 32
33 22
33 19
33 11
33 37
33 46
33 16
33 28
33 34
33 35
33 39
33 40
33 42
34 1
34 2
34 4
34 5
34 8
34 9
34 12
34 13
34 18
34 21
34 25
34 27
34 28
34 30
34 24
34 23
34 31
34 10
34 45
34 22
34 41
34 35
34 14
34 33
34 42
34 29
34 32
34 11
34 20
34 26
34 15
34 37
34 38
34 44
34 46
34 48
35 4
35 6
35 8
35 9
35 10
35 11
35 12
35 17
35 18
35 19
35 25
35 27
35 31
35 34
35 7
35 1
35 44
35 36
35 33
35 14
35 15
35 29
35 26
35 47
35 42
35 23
35 48
35 2
35 30
35 38
35 22
35 5
35 13
35 40
35 37
35 49
36 5
36 9
36 10
36 13
36 15
36 16
36 20
36 25
36 31
36 32
36 35
36 7
36 17
36 14
36 18
36 37
36 42
36 43
36 49
37 0
37 4
37 9
37 12
37 15
37 18
37 20
37 25
37 27
37 29
37 30
37 32
37 33
37 8
37 2
37 35
37 16
37 45
37 10
37 36
37 31
37 28
37 1
37 11
37 26
37 23
37 17
37 43
37 49
37 7
37 44
37 38
37 47
37 46
37 6
37 14
37 34
37 40
37 41
37 42
37 48
38 1
38 2
38 11
38 12
38 13
38 18
38 21
38 27
38 29
38 31
38 32
38 35
38 37
38 25
38 10
38 49
38 4
38 30
38 26
38 34
38 43
38 45
38 3
38 15
38 16
38 6
38 40
38 22
38 47
38 7
38 42
38 46
38 14
38 39
38 23
38 41
38 44
38 48
39 1
39 2
39 5
39 9
39 14
39 15
39 16
39 18
39 20
39 23
39 29
39 30
39 38
39 22
39 24
39 33
39 41
39 4
39 31
39 13
39 45
39 19
39 7
39 28
39 10
39 11
39 6
39 8
39 3
39 27
39 48
39 42
40 4
40 6
40 7
40 8
40 9
40 16
40 20
40 25
40 29
40 32
40 35
40 38
40 11
40 44
40 42
40 37
40 1
40 27
40 46
40 3
40 41
40 33
40 47
40 49
41 4
41 6
41 12
41 14
41 16
41 20
41 25
41 27
41 30
41 31
41 34
41 39
41 40
41 8
41 0
41 28
41 32
41 21
41 18
41 9
41 42
41 48
41 44
41 43
41 3
41 37
41 17
41 2
41 1
41 13
41 7
41 38
41 49
41 10
41 19
42 0
42 4
42 6
42 9
42 12
42 13
42 14
42 18
42 20
42 21
42 24
42 27
42 34
42 35
42 38
42 40
42 41
42 1
42 46
42 3
42 11
42 49
42 33
42 7
42 5
42 16
42 23
42 45
42 39
42 15
42 26
42 22
42 44
42 8
42 37
42 47
42 36
42 48
43 1
43 5
43 6
43 8
43 11
43 12
43 13
43 14
43 18
43 27
43 31
43 33
43 37
43 38
43 41
43 36
43 26
43 44
43 49
44 1
44 3
44 4
44 8
44 10
44 13
44 14
44 16
44 20
44 21
44 24
44 29
44 33
44 35
44 37
44 40
44 41
44 42
44 6
44 11
44 32
44 28
44 43
44 47
44 45
44 49
44 30
44 19
44 34
44 12
44 5
44 46
44 18
44 26
44 38
44 7
44 48
45 0
45 1
45 4
45 12
45 14
45 18
45 24
45 25
45 27
45 30
45 34
45 37
45 38
45 39
45 42
45 44
45 21
45 48
46 2
46 3
46 4
46 6
46 10
46 11
46 12
46 14
46 17
46 18
46 19
46 21
46 29
46 31
46 33
46 37
46 38
46 40
46 42
46 44
46 23
46 34
46 48
47 0
47 2
47 3
47 4
47 6
47 7
47 12
47 23
47 25
47 29
47 30
47 31
47 35
47 37
47 38
47 42
47 44
47 48
47 32
47 27
47 11
47 20
47 10
47 9
47 22
47 40
48 1
48 5
48 6
48 8
48 13
48 15
48 20
48 21
48 24
48 25
48 30
48 31
48 33
48 35
48 39
48 41
48 45
48 47
48 42
48 22
48 32
48 19
48 28
48 9
48 10
48 34
48 12
48 27
48 46
48 18
48 7
48 0
48 44
48 23
48 37
48 2
48 17
48 38
49 5
49 6
49 8
49 10
49 12
49 15
49 18
49 24
49 25
49 27
49 29
49 37
49 38
49 41
49 42
49 44
49 31
49 23
49 43
49 11
49 22
49 40
49 0
49 19
49 1
49 9
49 16
49 35
49 17
49 36
