150
0 105
0 9
0 118
0 10
0 29
0 28
0 115
0 80
0 72
0 70
0 121
0 39
0 97
0 27
0 12
0 149
0 131
0 138
0 127
0 11
0 60
0 68
0 89
0 100
0 135
0 69
0 43
0 34
0 57
0 84
0 56
0 26
0 126
0 75
0 91
0 15
0 24
0 114
0 129
0 79
0 92
0 86
0 52
0 1
0 145
0 5
0 54
0 23
0 64
0 8
0 111
0 147
0 2
0 3
0 6
0 22
0 36
0 42
0 44
0 49
0 51
0 61
0 66
0 71
0 78
0 82
0 85
0 88
0 93
0 96
0 99
0 103
0 110
0 113
0 125
0 130
0 134
0 137
0 144
0 146
1 0
1 7
1 69
1 29
1 86
1 64
1 47
1 88
1 26
1 15
1 18
1 78
1 4
1 6
1 17
1 20
1 23
1 25
1 31
1 38
1 46
1 53
1 55
1 57
1 59
1 61
1 62
1 66
1 72
1 74
1 76
1 82
1 83
1 84
1 85
1 87
1 94
1 97
1 99
1 102
1 106
1 107
1 111
1 113
1 118
1 119
1 125
1 130
1 134
1 139
1 149
2 113
2 115
2 54
2 124
2 100
2 43
2 93
2 27
2 39
2 30
2 72
2 123
2 140
2 146
2 91
2 125
2 148
2 0
2 7
2 118
2 35
2 53
2 61
2 133
2 5
2 58
2 120
2 51
2 12
2 78
2 6
2 88
2 28
2 17
2 71
2 31
2 132
2 90
2 101
2 37
2 147
2 34
2 9
2 11
2 26
2 29
2 36
2 38
2 40
2 49
2 50
2 60
2 62
2 66
2 76
2 80
2 85
2 87
2 94
2 96
2 97
2 103
2 108
2 110
2 111
2 114
2 117
2 127
2 129
2 130
2 134
2 135
2 137
2 138
2 139
2 149
3 29
3 93
3 89
3 21
3 12
3 30
3 35
3 147
3 90
3 32
3 48
3 92
3 133
3 26
3 91
3 127
3 16
3 107
3 36
3 149
3 9
3 131
3 25
3 33
3 143
3 61
3 28
3 69
3 64
3 81
3 129
3 27
3 0
3 110
3 76
3 85
3 101
3 98
3 60
3 50
3 88
3 119
3 130
3 65
3 56
3 72
3 67
3 11
3 17
3 112
3 49
3 14
3 138
3 52
3 73
3 145
3 136
3 100
3 78
3 4
3 6
3 13
3 18
3 23
3 38
3 40
3 41
3 46
3 53
3 58
3 59
3 62
3 68
3 74
3 80
3 84
3 87
3 94
3 111
3 114
3 121
3 122
3 123
3 125
3 139
3 146
3 148
4 21
4 115
4 132
4 103
4 136
4 61
4 41
4 73
4 118
4 70
4 137
4 99
4 27
4 76
4 45
4 3
4 11
4 1
4 67
4 92
4 37
4 36
4 102
4 34
4 62
4 88
4 5
4 40
4 48
4 55
4 63
4 66
4 72
4 77
4 82
4 84
4 93
4 94
4 97
4 100
4 110
4 114
4 122
4 125
4 127
4 130
4 131
4 134
4 145
4 147
5 0
5 2
5 42
5 75
5 49
5 73
5 131
5 145
5 126
5 80
5 47
5 99
5 105
5 28
5 125
5 19
5 33
5 113
5 59
5 57
5 55
5 97
5 102
5 64
5 87
5 43
5 117
5 26
5 15
5 98
5 18
5 9
5 95
5 35
5 4
5 23
5 106
5 84
5 78
5 148
5 85
5 10
5 69
5 132
5 6
5 11
5 21
5 25
5 29
5 34
5 38
5 62
5 65
5 74
5 88
5 94
5 100
5 108
5 111
5 119
5 121
5 123
5 128
5 129
5 136
5 138
5 146
5 149
6 2
6 133
6 90
6 141
6 5
6 89
6 91
6 85
6 117
6 81
6 38
6 24
6 14
6 47
6 28
6 95
6 144
6 123
6 64
6 108
6 18
6 21
6 128
6 30
6 143
6 62
6 75
6 29
6 3
6 74
6 88
6 97
6 71
6 131
6 142
6 56
6 43
6 41
6 87
6 86
6 15
6 96
6 73
6 127
6 126
6 122
6 16
6 140
6 102
6 37
6 135
6 109
6 55
6 20
6 48
6 84
6 19
6 26
6 68
6 145
6 72
6 1
6 61
6 0
6 115
6 116
6 101
6 100
6 10
6 78
6 8
6 12
6 23
6 25
6 31
6 32
6 40
6 46
6 49
6 53
6 57
6 63
6 65
6 69
6 103
6 111
6 113
6 118
6 129
6 137
6 147
6 149
7 1
7 2
7 111
7 92
7 55
7 99
7 114
7 108
7 18
7 103
7 104
7 128
7 23
7 24
7 87
7 100
7 91
7 60
7 72
7 147
7 15
7 29
7 123
7 12
7 86
7 66
7 97
7 101
7 139
7 39
7 96
7 52
7 90
7 49
7 106
7 65
7 68
7 145
7 11
7 144
7 43
7 125
7 98
7 44
7 31
7 51
7 118
7 28
7 129
7 8
7 20
7 21
7 27
7 38
7 40
7 50
7 62
7 73
7 75
7 84
7 85
7 89
7 93
7 94
7 105
7 109
7 110
7 122
7 131
7 134
7 136
7 140
7 146
8 0
8 120
8 121
8 14
8 65
8 46
8 149
8 73
8 106
8 7
8 124
8 6
8 58
8 30
8 83
8 51
8 122
8 133
8 54
8 117
8 90
8 125
8 74
8 66
8 32
8 113
8 146
8 110
8 27
8 135
8 140
8 9
8 95
8 81
8 80
8 85
8 23
8 24
8 100
8 45
8 33
8 67
8 99
8 86
8 137
8 132
8 68
8 18
8 92
8 21
8 79
8 60
8 145
8 78
8 37
8 76
8 35
8 19
8 118
8 75
8 11
8 16
8 17
8 20
8 29
8 31
8 34
8 36
8 38
8 39
8 41
8 61
8 72
8 82
8 84
8 88
8 89
8 93
8 96
8 97
8 103
8 109
8 111
8 114
8 127
8 129
8 138
8 143
9 0
9 3
9 5
9 8
9 45
9 46
9 33
9 12
9 103
9 2
9 125
9 74
9 97
9 29
9 54
9 142
9 107
9 118
9 11
9 120
9 39
9 132
9 117
9 127
9 36
9 95
9 149
9 94
9 113
9 31
9 135
9 121
9 77
9 43
9 78
9 76
9 148
9 75
9 139
9 65
9 35
9 123
9 124
9 19
9 84
9 34
9 27
9 128
9 138
9 134
9 146
9 50
9 49
9 48
9 144
9 52
9 21
9 25
9 26
9 37
9 38
9 42
9 60
9 62
9 64
9 68
9 71
9 72
9 73
9 80
9 86
9 88
9 90
9 110
9 111
9 114
9 130
9 137
9 140
9 147
10 0
10 5
10 6
10 15
10 11
10 21
10 24
10 27
10 28
10 29
10 33
10 36
10 38
10 41
10 42
10 44
10 50
10 55
10 60
10 63
10 72
10 73
10 75
10 77
10 82
10 84
10 88
10 97
10 99
10 103
10 107
10 108
10 111
10 114
10 121
10 123
10 124
10 125
10 128
10 129
10 133
10 137
10 138
10 139
10 143
10 146
10 147
11 0
11 3
11 4
11 7
11 9
11 143
11 127
11 148
11 86
11 17
11 41
11 49
11 96
11 131
11 40
11 5
11 113
11 137
11 121
11 16
11 77
11 38
11 79
11 8
11 93
11 10
11 126
11 112
11 130
11 57
11 94
11 55
11 60
11 109
11 52
11 132
11 141
11 75
11 25
11 71
11 134
11 54
11 106
11 84
11 108
11 51
11 50
11 32
11 53
11 13
11 59
11 103
11 82
11 145
11 146
11 147
11 149
11 142
11 133
11 24
11 27
11 140
11 42
11 45
11 105
11 58
11 26
11 64
11 102
11 116
11 101
11 33
11 65
11 2
11 34
11 88
11 61
11 31
11 18
11 20
11 70
11 73
11 80
11 83
11 85
11 87
11 89
11 97
11 100
11 107
11 111
11 114
11 122
11 123
11 125
11 139
12 0
12 2
12 3
12 7
12 9
12 53
12 128
12 106
12 125
12 43
12 37
12 133
12 54
12 34
12 81
12 149
12 104
12 110
12 63
12 60
12 124
12 103
12 131
12 25
12 70
12 40
12 45
12 72
12 118
12 46
12 32
12 141
12 58
12 90
12 66
12 6
12 122
12 17
12 18
12 23
12 41
12 50
12 55
12 62
12 64
12 85
12 86
12 87
12 88
12 91
12 93
12 94
12 97
12 101
12 105
12 108
12 111
12 123
12 127
12 134
12 135
12 139
12 143
12 146
13 11
13 136
13 111
13 35
13 148
13 82
13 107
13 53
13 78
13 65
13 14
13 70
13 109
13 61
13 55
13 19
13 104
13 89
13 47
13 83
13 77
13 101
13 15
13 139
13 3
13 18
13 20
13 23
13 26
13 27
13 29
13 31
13 43
13 54
13 59
13 60
13 62
13 72
13 73
13 75
13 79
13 84
13 85
13 88
13 91
13 96
13 97
13 99
13 100
13 110
13 114
13 117
13 121
13 123
13 125
13 127
13 128
13 130
13 138
13 141
13 144
13 146
14 3
14 6
14 8
14 13
14 110
14 59
14 19
14 118
14 56
14 127
14 109
14 84
14 26
14 112
14 95
14 62
14 87
14 60
14 66
14 44
14 115
14 53
14 30
14 88
14 136
14 17
14 18
14 20
14 21
14 27
14 31
14 37
14 38
14 42
14 48
14 49
14 55
14 65
14 72
14 73
14 78
14 83
14 85
14 86
14 89
14 94
14 103
14 107
14 108
14 125
14 131
14 137
14 139
14 146
14 149
15 0
15 1
15 5
15 6
15 7
15 10
15 13
15 95
15 17
15 31
15 104
15 57
15 42
15 16
15 20
15 25
15 29
15 37
15 40
15 46
15 49
15 51
15 55
15 58
15 59
15 61
15 64
15 66
15 67
15 79
15 84
15 86
15 87
15 89
15 90
15 93
15 97
15 106
15 108
15 110
15 123
15 125
15 134
15 139
15 146
15 147
15 149
16 3
16 6
16 11
16 127
16 143
16 120
16 42
16 112
16 45
16 15
16 25
16 122
16 125
16 106
16 129
16 54
16 149
16 64
16 8
16 53
16 140
16 40
16 22
16 24
16 26
16 27
16 33
16 36
16 37
16 41
16 55
16 57
16 59
16 63
16 66
16 70
16 72
16 75
16 81
16 85
16 87
16 89
16 100
16 103
16 104
16 105
16 109
16 110
16 111
16 113
16 114
16 116
16 118
16 121
16 134
16 137
16 139
16 147
17 2
17 3
17 11
17 15
17 135
17 68
17 123
17 34
17 48
17 79
17 76
17 66
17 70
17 41
17 53
17 35
17 1
17 117
17 18
17 101
17 29
17 138
17 57
17 14
17 51
17 85
17 144
17 82
17 25
17 12
17 43
17 80
17 77
17 19
17 62
17 37
17 126
17 129
17 115
17 103
17 95
17 140
17 8
17 96
17 58
17 23
17 24
17 26
17 31
17 38
17 49
17 50
17 59
17 60
17 65
17 71
17 72
17 74
17 75
17 78
17 81
17 86
17 87
17 89
17 90
17 100
17 110
17 111
17 114
17 122
17 125
17 127
17 128
17 130
17 134
17 136
17 137
17 139
17 142
17 145
17 147
18 1
18 5
18 6
18 7
18 8
18 17
18 58
18 26
18 55
18 87
18 54
18 28
18 36
18 119
18 31
18 11
18 83
18 136
18 145
18 132
18 3
18 84
18 99
18 82
18 53
18 115
18 62
18 52
18 107
18 96
18 22
18 138
18 45
18 78
18 105
18 48
18 106
18 108
18 49
18 51
18 79
18 66
18 35
18 127
18 47
18 116
18 130
18 118
18 140
18 29
18 20
18 126
18 125
18 141
18 92
18 43
18 95
18 148
18 89
18 76
18 41
18 88
18 103
18 12
18 30
18 91
18 13
18 114
18 102
18 110
18 121
18 120
18 129
18 27
18 14
18 24
18 25
18 37
18 39
18 40
18 44
18 59
18 60
18 63
18 64
18 65
18 68
18 71
18 72
18 73
18 85
18 90
18 93
18 97
18 100
18 117
18 137
18 139
18 144
18 147
18 149
19 5
19 6
19 8
19 9
19 13
19 14
19 17
19 40
19 21
19 23
19 26
19 28
19 32
19 33
19 46
19 48
19 51
19 59
19 61
19 62
19 66
19 68
19 71
19 72
19 73
19 84
19 89
19 96
19 97
19 99
19 102
19 105
19 107
19 110
19 118
19 122
19 123
19 125
19 127
19 130
19 145
19 147
19 148
19 149
20 6
20 18
20 74
20 36
20 96
20 69
20 142
20 13
20 14
20 65
20 88
20 33
20 141
20 1
20 146
20 23
20 49
20 99
20 100
20 59
20 135
20 71
20 128
20 28
20 15
20 129
20 26
20 137
20 35
20 45
20 30
20 55
20 103
20 94
20 51
20 54
20 116
20 11
20 109
20 67
20 127
20 8
20 7
20 32
20 89
20 104
20 47
20 118
20 56
20 63
20 149
20 57
20 73
20 75
20 139
20 46
20 78
20 24
20 31
20 39
20 48
20 58
20 62
20 72
20 80
20 83
20 86
20 87
20 92
20 107
20 108
20 110
20 111
20 114
20 117
20 123
20 130
20 134
20 138
21 3
21 4
21 6
21 8
21 19
21 87
21 135
21 80
21 127
21 35
21 58
21 108
21 66
21 83
21 119
21 149
21 29
21 84
21 77
21 41
21 122
21 136
21 97
21 5
21 140
21 10
21 114
21 102
21 23
21 47
21 9
21 82
21 75
21 7
21 110
21 118
21 112
21 14
21 90
21 96
21 124
21 70
21 69
21 138
21 145
21 132
21 130
21 24
21 27
21 31
21 33
21 36
21 37
21 42
21 49
21 57
21 72
21 73
21 78
21 85
21 94
21 99
21 100
21 103
21 104
21 107
21 121
21 123
21 125
21 128
21 129
21 139
21 144
21 147
22 18
22 110
22 27
22 85
22 30
22 103
22 68
22 133
22 74
22 43
22 40
22 97
22 49
22 124
22 53
22 141
22 118
22 140
22 137
22 111
22 33
22 88
22 95
22 93
22 104
22 130
22 0
22 142
22 16
22 25
22 26
22 31
22 32
22 36
22 38
22 48
22 57
22 60
22 64
22 71
22 76
22 78
22 79
22 82
22 91
22 92
22 96
22 107
22 109
22 113
22 114
22 122
22 123
22 127
22 134
22 135
22 136
22 138
22 139
22 144
22 146
22 148
22 149
23 0
23 5
23 7
23 8
23 20
23 21
23 56
23 47
23 17
23 143
23 55
23 66
23 77
23 3
23 57
23 106
23 96
23 118
23 128
23 142
23 13
23 68
23 40
23 1
23 98
23 95
23 99
23 124
23 72
23 36
23 113
23 93
23 71
23 129
23 50
23 63
23 111
23 60
23 149
23 78
23 125
23 38
23 28
23 136
23 59
23 88
23 148
23 122
23 32
23 31
23 138
23 81
23 137
23 44
23 12
23 6
23 123
23 48
23 132
23 33
23 49
23 39
23 61
23 85
23 107
23 52
23 19
23 25
23 90
23 116
23 29
23 130
23 35
23 37
23 41
23 42
23 62
23 64
23 73
23 79
23 84
23 100
23 103
23 108
23 109
23 110
23 127
23 134
23 144
24 0
24 6
24 7
24 8
24 11
24 139
24 97
24 142
24 54
24 135
24 26
24 61
24 114
24 136
24 76
24 88
24 28
24 131
24 33
24 112
24 98
24 121
24 52
24 35
24 130
24 29
24 119
24 109
24 148
24 145
24 10
24 17
24 20
24 39
24 27
24 72
24 108
24 41
24 77
24 96
24 53
24 117
24 71
24 100
24 18
24 46
24 16
24 51
24 65
24 21
24 87
24 31
24 36
24 45
24 48
24 49
24 50
24 55
24 56
24 66
24 73
24 75
24 78
24 80
24 84
24 89
24 91
24 94
24 99
24 110
24 125
24 134
24 137
24 141
24 147
24 149
25 3
25 11
25 12
25 16
25 17
25 23
25 116
25 119
25 102
25 73
25 65
25 51
25 86
25 93
25 45
25 49
25 130
25 55
25 128
25 69
25 15
25 34
25 59
25 91
25 138
25 118
25 109
25 85
25 66
25 46
25 124
25 5
25 113
25 31
25 58
25 133
25 129
25 1
25 48
25 44
25 117
25 139
25 92
25 22
25 111
25 18
25 29
25 132
25 103
25 95
25 9
25 62
25 6
25 82
25 122
25 64
25 26
25 27
25 38
25 40
25 41
25 42
25 47
25 52
25 53
25 60
25 61
25 72
25 76
25 87
25 88
25 89
25 94
25 107
25 114
25 134
25 147
25 149
26 0
26 1
26 3
26 5
26 6
26 11
26 14
26 18
26 20
26 24
26 40
26 28
26 57
26 86
26 121
26 84
26 127
26 134
26 92
26 25
26 111
26 27
26 65
26 19
26 89
26 16
26 108
26 105
26 125
26 55
26 117
26 67
26 71
26 87
26 81
26 130
26 132
26 47
26 35
26 68
26 58
26 104
26 91
26 148
26 22
26 75
26 99
26 96
26 138
26 17
26 62
26 42
26 41
26 101
26 82
26 94
26 147
26 44
26 120
26 13
26 59
26 45
26 9
26 2
26 85
26 74
26 149
26 95
26 34
26 61
26 30
26 98
26 77
26 128
26 48
26 100
26 36
26 103
26 69
26 146
26 51
26 60
26 32
26 73
26 29
26 33
26 43
26 50
26 66
26 76
26 78
26 80
26 88
26 90
26 93
26 107
26 109
26 110
26 123
26 133
26 139
27 0
27 2
27 3
27 4
27 8
27 9
27 11
27 18
27 22
27 24
27 26
27 127
27 43
27 82
27 135
27 35
27 145
27 110
27 91
27 112
27 16
27 25
27 73
27 59
27 94
27 85
27 54
27 10
27 131
27 128
27 68
27 146
27 121
27 21
27 37
27 60
27 7
27 46
27 50
27 44
27 57
27 97
27 93
27 62
27 47
27 117
27 75
27 147
27 28
27 138
27 14
27 115
27 63
27 53
27 104
27 31
27 124
27 61
27 67
27 149
27 101
27 100
27 48
27 118
27 114
27 52
27 119
27 77
27 13
27 86
27 34
27 144
27 142
27 106
27 88
27 38
27 123
27 87
27 143
27 102
27 58
27 137
27 136
27 33
27 41
27 42
27 49
27 55
27 64
27 65
27 72
27 80
27 89
27 107
27 129
27 134
28 0
28 2
28 3
28 5
28 6
28 7
28 18
28 20
28 23
28 24
28 26
28 27
28 106
28 117
28 19
28 110
28 112
28 135
28 40
28 55
28 99
28 35
28 10
28 32
28 29
28 140
28 87
28 138
28 39
28 42
28 33
28 74
28 56
28 83
28 50
28 93
28 31
28 37
28 38
28 49
28 51
28 52
28 53
28 59
28 61
28 62
28 64
28 70
28 71
28 72
28 82
28 84
28 88
28 95
28 96
28 97
28 103
28 107
28 109
28 111
28 113
28 122
28 127
28 130
28 136
28 139
28 145
28 147
29 0
29 1
29 3
29 6
29 7
29 9
29 17
29 18
29 21
29 23
29 24
29 25
29 28
29 135
29 78
29 45
29 99
29 100
29 58
29 110
29 138
29 85
29 140
29 113
29 145
29 39
29 73
29 34
29 2
29 64
29 95
29 107
29 5
29 120
29 53
29 57
29 134
29 125
29 96
29 128
29 79
29 10
29 76
29 13
29 15
29 80
29 8
29 47
29 32
29 97
29 133
29 109
29 26
29 147
29 141
29 75
29 143
29 67
29 142
29 41
29 40
29 43
29 51
29 55
29 56
29 59
29 60
29 81
29 88
29 91
29 104
29 105
29 108
29 118
29 122
29 123
29 127
29 129
29 130
29 132
29 136
29 137
29 139
29 149
30 2
30 3
30 6
30 8
30 14
30 18
30 20
30 22
30 26
30 44
30 118
30 34
30 38
30 40
30 41
30 42
30 47
30 53
30 56
30 57
30 59
30 62
30 72
30 73
30 76
30 81
30 82
30 85
30 86
30 89
30 93
30 96
30 100
30 102
30 107
30 109
30 110
30 127
30 129
30 130
30 134
30 136
30 137
30 139
30 145
31 2
31 7
31 9
31 11
31 15
31 18
31 23
31 25
31 27
31 28
31 145
31 64
31 51
31 110
31 37
31 111
31 141
31 102
31 44
31 6
31 35
31 99
31 62
31 139
31 63
31 57
31 86
31 83
31 60
31 125
31 17
31 85
31 120
31 8
31 40
31 73
31 46
31 80
31 58
31 20
31 118
31 1
31 129
31 87
31 130
31 33
31 133
31 114
31 34
31 123
31 24
31 95
31 22
31 126
31 132
31 93
31 75
31 131
31 138
31 105
31 146
31 36
31 68
31 142
31 124
31 92
31 149
31 94
31 71
31 13
31 49
31 14
31 66
31 117
31 116
31 104
31 112
31 147
31 42
31 121
31 77
31 21
31 107
31 143
31 38
31 52
31 65
31 72
31 79
31 88
31 91
31 97
31 100
31 122
31 127
32 3
32 8
32 11
32 12
32 20
32 23
32 26
32 28
32 29
32 102
32 19
32 41
32 117
32 78
32 94
32 116
32 134
32 149
32 108
32 60
32 109
32 6
32 59
32 118
32 111
32 22
32 119
32 33
32 37
32 38
32 39
32 40
32 55
32 57
32 61
32 62
32 63
32 68
32 71
32 72
32 73
32 79
32 85
32 86
32 87
32 91
32 93
32 96
32 105
32 107
32 110
32 114
32 123
32 128
32 129
32 136
32 137
32 139
32 145
32 146
32 147
32 148
33 3
33 5
33 8
33 9
33 11
33 20
33 22
33 23
33 24
33 28
33 31
33 126
33 129
33 74
33 10
33 47
33 89
33 69
33 19
33 48
33 16
33 66
33 27
33 73
33 49
33 93
33 131
33 113
33 139
33 109
33 39
33 115
33 108
33 40
33 84
33 77
33 102
33 144
33 41
33 21
33 148
33 60
33 32
33 101
33 26
33 124
33 37
33 38
33 42
33 46
33 53
33 55
33 59
33 61
33 62
33 63
33 64
33 70
33 72
33 76
33 82
33 85
33 88
33 92
33 94
33 103
33 105
33 107
33 110
33 114
33 122
33 123
33 125
33 127
33 130
33 134
33 136
33 146
33 147
33 149
34 0
34 2
34 4
34 9
34 11
34 12
34 17
34 25
34 26
34 27
34 29
34 31
34 8
34 88
34 146
34 44
34 5
34 57
34 79
34 38
34 30
34 138
34 67
34 71
34 37
34 42
34 50
34 53
34 58
34 60
34 63
34 64
34 65
34 74
34 76
34 85
34 86
34 87
34 89
34 94
34 99
34 100
34 104
34 108
34 109
34 110
34 111
34 125
34 127
34 129
34 130
34 136
34 144
34 149
35 2
35 3
35 5
35 8
35 9
35 13
35 17
35 18
35 20
35 21
35 24
35 26
35 27
35 28
35 31
35 122
35 69
35 64
35 23
35 100
35 82
35 39
35 41
35 42
35 46
35 53
35 55
35 58
35 63
35 65
35 77
35 79
35 81
35 84
35 85
35 87
35 93
35 96
35 97
35 103
35 106
35 111
35 121
35 123
35 125
35 127
35 136
35 137
35 146
35 147
35 149
36 3
36 4
36 9
36 18
36 20
36 23
36 26
36 31
36 138
36 115
36 60
36 101
36 63
36 24
36 67
36 99
36 79
36 102
36 85
36 127
36 82
36 137
36 126
36 56
36 129
36 97
36 81
36 2
36 22
36 21
36 98
36 133
36 37
36 122
36 111
36 119
36 105
36 124
36 68
36 46
36 90
36 65
36 75
36 89
36 41
36 10
36 121
36 110
36 16
36 0
36 76
36 43
36 54
36 103
36 50
36 106
36 48
36 58
36 78
36 96
36 8
36 135
36 136
36 74
36 64
36 52
36 40
36 42
36 49
36 51
36 53
36 61
36 62
36 66
36 71
36 73
36 84
36 86
36 91
36 100
36 107
36 112
36 114
36 118
36 123
36 125
36 130
36 134
36 145
36 147
36 149
37 2
37 4
37 6
37 8
37 12
37 17
37 27
37 31
37 36
37 120
37 33
37 121
37 47
37 72
37 78
37 126
37 129
37 131
37 149
37 18
37 144
37 52
37 32
37 146
37 109
37 9
37 136
37 16
37 43
37 89
37 40
37 15
37 99
37 28
37 14
37 80
37 95
37 108
37 46
37 67
37 66
37 90
37 117
37 101
37 34
37 41
37 21
37 23
37 140
37 38
37 42
37 63
37 141
37 84
37 61
37 92
37 143
37 85
37 79
37 55
37 56
37 59
37 64
37 71
37 74
37 77
37 86
37 88
37 91
37 93
37 94
37 97
37 103
37 107
37 110
37 111
37 123
37 125
37 128
37 130
37 134
37 139
38 6
38 11
38 23
38 27
38 34
38 37
38 8
38 122
38 10
38 60
38 96
38 87
38 94
38 95
38 137
38 42
38 86
38 138
38 133
38 136
38 51
38 33
38 82
38 140
38 28
38 120
38 88
38 113
38 92
38 134
38 144
38 139
38 97
38 1
38 22
38 145
38 91
38 142
38 132
38 127
38 69
38 71
38 66
38 46
38 14
38 2
38 31
38 3
38 67
38 73
38 5
38 148
38 63
38 108
38 45
38 90
38 57
38 118
38 104
38 9
38 93
38 32
38 54
38 117
38 129
38 17
38 110
38 126
38 7
38 130
38 48
38 30
38 25
38 102
38 68
38 62
38 101
38 119
38 47
38 49
38 53
38 61
38 65
38 74
38 75
38 78
38 80
38 85
38 100
38 111
38 114
38 123
38 131
38 147
38 149
39 0
39 2
39 7
39 9
39 23
39 24
39 28
39 29
39 33
39 135
39 56
39 109
39 32
39 131
39 128
39 49
39 83
39 20
39 65
39 8
39 122
39 132
39 107
39 18
39 84
39 69
39 129
39 120
39 35
39 57
39 40
39 41
39 50
39 58
39 60
39 61
39 62
39 63
39 68
39 73
39 79
39 81
39 88
39 89
39 91
39 93
39 94
39 100
39 103
39 105
39 108
39 111
39 113
39 114
39 125
39 126
39 127
39 137
39 139
39 147
40 11
40 12
40 16
40 19
40 22
40 23
40 26
40 28
40 31
40 33
40 37
40 29
40 109
40 45
40 135
40 104
40 18
40 43
40 53
40 76
40 90
40 99
40 145
40 94
40 130
40 32
40 36
40 25
40 80
40 139
40 110
40 142
40 92
40 134
40 114
40 58
40 48
40 98
40 3
40 2
40 66
40 85
40 147
40 108
40 149
40 148
40 89
40 97
40 72
40 141
40 129
40 39
40 65
40 126
40 107
40 67
40 7
40 47
40 4
40 93
40 95
40 137
40 50
40 140
40 81
40 30
40 146
40 46
40 111
40 68
40 49
40 15
40 57
40 78
40 6
40 116
40 79
40 103
40 121
40 100
40 87
40 124
40 96
40 42
40 62
40 64
40 73
40 74
40 86
40 102
40 119
40 123
40 127
41 4
41 6
41 11
41 17
41 18
41 21
41 24
41 26
41 29
41 32
41 33
41 36
41 37
41 118
41 147
41 141
41 137
41 59
41 132
41 134
41 100
41 30
41 64
41 128
41 148
41 117
41 39
41 125
41 50
41 140
41 46
41 105
41 3
41 99
41 89
41 97
41 61
41 73
41 56
41 106
41 16
41 67
41 23
41 95
41 135
41 112
41 10
41 85
41 130
41 25
41 83
41 35
41 8
41 131
41 53
41 149
41 115
41 12
41 70
41 139
41 133
41 101
41 108
41 27
41 54
41 94
41 47
41 49
41 55
41 57
41 62
41 72
41 76
41 80
41 93
41 96
41 107
41 113
41 123
41 127
41 144
41 145
41 146
42 5
42 11
42 15
42 16
42 26
42 28
42 31
42 37
42 38
42 50
42 80
42 25
42 35
42 64
42 101
42 36
42 124
42 127
42 125
42 49
42 115
42 96
42 34
42 143
42 138
42 40
42 51
42 10
42 33
42 87
42 65
42 120
42 112
42 128
42 102
42 44
42 90
42 105
42 145
42 107
42 59
42 9
42 0
42 45
42 135
42 84
42 14
42 129
42 21
42 75
42 118
42 55
42 81
42 103
42 108
42 140
42 27
42 88
42 47
42 66
42 72
42 23
42 78
42 61
42 73
42 56
42 110
42 134
42 52
42 30
42 71
42 98
42 126
42 148
42 130
42 62
42 63
42 79
42 83
42 85
42 89
42 91
42 93
42 97
42 111
42 137
42 149
43 0
43 2
43 5
43 6
43 7
43 9
43 12
43 17
43 18
43 22
43 27
43 36
43 37
43 40
43 123
43 132
43 26
43 29
43 126
43 55
43 13
43 111
43 138
43 78
43 44
43 49
43 52
43 61
43 62
43 66
43 67
43 71
43 72
43 73
43 74
43 79
43 81
43 87
43 88
43 89
43 93
43 95
43 99
43 100
43 114
43 125
43 127
43 131
43 139
43 144
43 146
44 7
44 14
44 23
44 25
44 26
44 27
44 30
44 31
44 34
44 42
44 10
44 119
44 55
44 98
44 109
44 127
44 18
44 0
44 43
44 74
44 149
44 50
44 53
44 61
44 62
44 64
44 73
44 78
44 81
44 84
44 85
44 88
44 89
44 91
44 93
44 94
44 96
44 97
44 99
44 105
44 110
44 113
44 134
44 136
44 137
44 138
44 146
44 147
45 4
45 8
45 9
45 11
45 12
45 16
45 18
45 20
45 25
45 26
45 29
45 38
45 40
45 42
45 83
45 105
45 104
45 24
45 108
45 48
45 50
45 55
45 64
45 71
45 75
45 76
45 81
45 82
45 87
45 88
45 89
45 93
45 94
45 98
45 99
45 102
45 109
45 110
45 125
45 127
45 131
45 134
45 137
45 138
45 146
45 147
45 149
46 8
46 9
46 12
46 20
46 24
46 25
46 27
46 31
46 36
46 37
46 38
46 40
46 41
46 93
46 117
46 104
46 88
46 15
46 74
46 119
46 61
46 92
46 106
46 97
46 35
46 19
46 134
46 3
46 148
46 72
46 142
46 103
46 78
46 143
46 59
46 127
46 50
46 116
46 71
46 146
46 33
46 118
46 129
46 138
46 6
46 1
46 55
46 57
46 62
46 66
46 79
46 84
46 85
46 87
46 94
46 99
46 105
46 110
46 114
46 128
46 130
46 131
46 136
46 137
46 140
46 149
47 1
47 5
47 6
47 13
47 18
47 20
47 21
47 23
47 26
47 27
47 29
47 33
47 37
47 40
47 42
47 86
47 123
47 25
47 41
47 38
47 142
47 49
47 78
47 141
47 138
47 100
47 128
47 115
47 140
47 116
47 124
47 62
47 30
47 103
47 82
47 73
47 105
47 118
47 110
47 48
47 59
47 61
47 63
47 68
47 76
47 79
47 94
47 96
47 99
47 107
47 113
47 114
47 120
47 129
47 130
47 134
47 136
47 137
47 139
47 147
47 149
48 3
48 6
48 9
48 17
48 18
48 23
48 25
48 26
48 27
48 33
48 36
48 38
48 40
48 103
48 88
48 85
48 118
48 125
48 63
48 77
48 22
48 117
48 101
48 109
48 126
48 71
48 138
48 78
48 81
48 140
48 97
48 14
48 62
48 136
48 145
48 47
48 135
48 82
48 122
48 73
48 91
48 19
48 76
48 52
48 20
48 93
48 61
48 45
48 127
48 50
48 133
48 96
48 24
48 4
48 69
48 112
48 143
48 53
48 144
48 67
48 99
48 66
48 124
48 49
48 51
48 55
48 59
48 72
48 80
48 87
48 94
48 108
48 113
48 114
48 134
48 137
48 146
48 147
49 3
49 5
49 7
49 9
49 11
49 18
49 20
49 22
49 23
49 25
49 31
49 33
49 39
49 40
49 42
49 47
49 127
49 122
49 82
49 57
49 104
49 28
49 63
49 116
49 41
49 100
49 134
49 86
49 60
49 143
49 129
49 55
49 130
49 126
49 96
49 38
49 24
49 79
49 85
49 95
49 51
49 76
49 125
49 137
49 131
49 14
49 15
49 108
49 69
49 112
49 21
49 62
49 52
49 115
49 88
49 81
49 106
49 98
49 0
49 141
49 90
49 17
49 102
49 27
49 64
49 113
49 145
49 53
49 93
49 36
49 70
49 135
49 2
49 48
49 65
49 123
49 6
49 50
49 43
49 59
49 66
49 67
49 71
49 74
49 75
49 84
49 89
49 94
49 97
49 99
49 107
49 110
49 111
49 118
49 128
49 136
49 139
49 149
50 3
50 9
50 11
50 23
50 27
50 28
50 36
50 40
50 41
50 42
50 46
50 48
50 49
50 24
50 12
50 2
50 88
50 126
50 90
50 73
50 7
50 17
50 107
50 79
50 66
50 51
50 10
50 74
50 60
50 45
50 85
50 128
50 87
50 96
50 34
50 57
50 44
50 138
50 26
50 106
50 118
50 93
50 39
50 61
50 53
50 56
50 59
50 71
50 78
50 82
50 83
50 99
50 100
50 102
50 104
50 109
50 110
50 122
50 125
50 129
50 130
50 136
50 139
50 149
51 2
51 7
51 8
51 11
51 17
51 18
51 20
51 24
51 25
51 26
51 31
51 38
51 42
51 49
51 50
51 76
51 15
51 29
51 96
51 19
51 112
51 95
51 92
51 48
51 98
51 36
51 77
51 67
51 145
51 0
51 74
51 134
51 118
51 62
51 28
51 91
51 113
51 147
51 142
51 58
51 55
51 64
51 75
51 78
51 85
51 89
51 90
51 97
51 106
51 107
51 108
51 114
51 122
51 125
51 127
51 129
51 136
51 137
51 138
51 139
51 146
51 149
52 0
52 3
52 7
52 9
52 11
52 18
52 23
52 24
52 27
52 36
52 37
52 42
52 48
52 49
52 28
52 43
52 127
52 86
52 122
52 31
52 25
52 53
52 59
52 60
52 62
52 63
52 64
52 72
52 83
52 85
52 89
52 94
52 96
52 99
52 106
52 107
52 108
52 109
52 110
52 111
52 113
52 114
52 116
52 129
52 134
52 139
52 145
52 147
52 149
53 2
53 11
53 12
53 13
53 14
53 16
53 17
53 18
53 22
53 24
53 27
53 29
53 40
53 41
53 48
53 49
53 130
53 96
53 44
53 103
53 71
53 117
53 126
53 89
53 81
53 114
53 102
53 1
53 107
53 3
53 25
53 88
53 106
53 54
53 145
53 55
53 66
53 93
53 6
53 125
53 120
53 113
53 52
53 73
53 128
53 74
53 60
53 94
53 34
53 141
53 118
53 119
53 140
53 36
53 28
53 133
53 75
53 35
53 144
53 115
53 58
53 147
53 136
53 76
53 110
53 68
53 70
53 50
53 65
53 62
53 38
53 139
53 64
53 33
53 61
53 87
53 142
53 146
53 30
53 83
53 59
53 67
53 78
53 79
53 85
53 86
53 108
53 122
53 123
53 127
53 131
53 134
53 149
54 0
54 2
54 8
54 9
54 11
54 12
54 16
54 18
54 20
54 24
54 27
54 36
54 38
54 41
54 53
54 13
54 77
54 55
54 62
54 64
54 66
54 73
54 80
54 82
54 83
54 84
54 86
54 88
54 89
54 102
54 109
54 110
54 114
54 118
54 121
54 123
54 125
54 126
54 130
54 139
54 145
54 147
54 149
55 5
55 6
55 7
55 11
55 13
55 18
55 20
55 23
55 25
55 26
55 28
55 42
55 43
55 44
55 49
55 53
55 95
55 102
55 143
55 137
55 69
55 123
55 12
55 74
55 132
55 115
55 76
55 1
55 118
55 41
55 96
55 110
55 15
55 144
55 10
55 98
55 32
55 45
55 29
55 136
55 58
55 51
55 87
55 99
55 105
55 122
55 46
55 114
55 54
55 106
55 111
55 109
55 66
55 84
55 142
55 68
55 70
55 113
55 72
55 27
55 35
55 135
55 59
55 77
55 138
55 61
55 4
55 112
55 67
55 71
55 103
55 93
55 131
55 24
55 86
55 81
55 88
55 48
55 80
55 117
55 120
55 101
55 37
55 90
55 126
55 33
55 14
55 16
55 73
55 125
55 60
55 75
55 85
55 89
55 94
55 127
55 130
55 134
55 139
55 141
55 146
55 147
55 149
56 0
56 3
56 6
56 14
56 20
56 23
56 28
56 36
56 39
56 41
56 42
56 37
56 50
56 133
56 30
56 146
56 76
56 88
56 79
56 29
56 24
56 63
56 61
56 92
56 66
56 60
56 62
56 64
56 68
56 71
56 72
56 73
56 78
56 84
56 85
56 89
56 91
56 94
56 97
56 98
56 100
56 106
56 107
56 110
56 114
56 125
56 129
56 130
56 136
56 137
56 139
56 145
56 147
56 149
57 0
57 5
57 11
57 15
57 17
57 20
57 23
57 26
57 27
57 29
57 31
57 34
57 38
57 39
57 40
57 49
57 50
57 21
57 112
57 30
57 64
57 76
57 111
57 138
57 82
57 32
57 102
57 69
57 145
57 22
57 148
57 71
57 91
57 1
57 118
57 108
57 41
57 78
57 128
57 16
57 136
57 6
57 98
57 46
57 93
57 139
57 100
57 59
57 61
57 62
57 65
57 73
57 87
57 88
57 89
57 92
57 106
57 109
57 110
57 122
57 123
57 125
57 130
57 134
57 146
57 147
57 149
58 2
58 8
58 11
58 12
58 17
58 18
58 21
58 25
58 26
58 27
58 29
58 31
58 36
58 40
58 51
58 53
58 55
58 68
58 91
58 146
58 69
58 136
58 114
58 92
58 15
58 130
58 64
58 80
58 117
58 62
58 72
58 135
58 63
58 113
58 3
58 88
58 149
58 35
58 104
58 39
58 34
58 73
58 102
58 20
58 79
58 129
58 131
58 103
58 60
58 66
58 71
58 74
58 76
58 77
58 83
58 85
58 86
58 87
58 89
58 93
58 100
58 107
58 118
58 125
58 127
58 128
58 134
58 140
59 5
59 11
59 14
59 20
59 23
59 25
59 26
59 27
59 32
59 41
59 42
59 46
59 55
59 116
59 147
59 93
59 137
59 17
59 123
59 82
59 52
59 53
59 65
59 3
59 16
59 98
59 86
59 30
59 127
59 63
59 100
59 49
59 130
59 48
59 108
59 110
59 111
59 112
59 77
59 33
59 129
59 132
59 102
59 13
59 84
59 81
59 94
59 136
59 73
59 97
59 29
59 128
59 18
59 124
59 149
59 75
59 80
59 50
59 15
59 28
59 37
59 120
59 47
59 126
59 64
59 19
59 79
59 62
59 109
59 74
59 85
59 133
59 57
59 141
59 1
59 66
59 67
59 72
59 78
59 88
59 89
59 91
59 104
59 107
59 113
59 121
59 122
59 131
59 134
59 135
59 139
59 145
59 146
60 0
60 3
60 7
60 8
60 11
60 12
60 14
60 23
60 26
60 27
60 31
60 32
60 33
60 36
60 38
60 49
60 50
60 53
60 113
60 64
60 147
60 55
60 119
60 125
60 10
60 116
60 2
60 9
60 103
60 129
60 96
60 58
60 13
60 34
60 143
60 22
60 77
60 85
60 29
60 52
60 115
60 18
60 128
60 39
60 135
60 142
60 114
60 63
60 56
60 25
60 92
60 70
60 105
60 88
60 99
60 17
60 61
60 67
60 72
60 78
60 80
60 81
60 84
60 89
60 93
60 97
60 107
60 111
60 123
60 127
60 134
60 136
60 138
60 139
60 140
60 146
60 149
61 2
61 3
61 4
61 6
61 11
61 13
61 23
61 24
61 26
61 27
61 37
61 41
61 42
61 46
61 48
61 50
61 53
61 55
61 56
61 82
61 137
61 124
61 19
61 70
61 127
61 0
61 98
61 86
61 141
61 144
61 81
61 130
61 97
61 123
61 133
61 39
61 95
61 138
61 99
61 8
61 74
61 90
61 126
61 143
61 43
61 1
61 107
61 44
61 38
61 63
61 78
61 94
61 15
61 135
61 62
61 122
61 28
61 57
61 60
61 32
61 47
61 33
61 36
61 25
61 110
61 73
61 75
61 80
61 83
61 84
61 85
61 87
61 89
61 91
61 93
61 100
61 114
61 125
61 146
61 147
61 149
62 4
62 6
62 14
62 17
62 18
62 25
62 26
62 27
62 31
62 38
62 47
62 48
62 49
62 51
62 53
62 58
62 59
62 61
62 85
62 125
62 64
62 23
62 114
62 67
62 145
62 108
62 65
62 1
62 103
62 110
62 98
62 54
62 126
62 105
62 86
62 90
62 44
62 40
62 3
62 117
62 9
62 39
62 46
62 12
62 19
62 42
62 7
62 143
62 33
62 77
62 41
62 30
62 69
62 80
62 133
62 20
62 81
62 70
62 92
62 96
62 136
62 13
62 111
62 99
62 97
62 112
62 32
62 83
62 94
62 82
62 141
62 36
62 144
62 74
62 109
62 52
62 56
62 135
62 5
62 28
62 2
62 127
62 118
62 66
62 43
62 78
62 138
62 104
62 128
62 57
62 95
62 71
62 76
62 79
62 84
62 89
62 93
62 102
62 107
62 119
62 122
62 130
62 134
62 137
62 139
63 12
63 20
63 23
63 27
63 31
63 36
63 37
63 38
63 48
63 49
63 56
63 58
63 59
63 60
63 61
63 4
63 34
63 65
63 127
63 75
63 64
63 105
63 96
63 82
63 110
63 6
63 141
63 120
63 107
63 32
63 69
63 35
63 70
63 10
63 88
63 18
63 93
63 126
63 33
63 52
63 102
63 39
63 143
63 139
63 16
63 42
63 47
63 85
63 89
63 66
63 72
63 74
63 76
63 84
63 86
63 91
63 99
63 103
63 124
63 129
63 130
63 134
63 138
63 146
63 147
64 0
64 1
64 3
64 5
64 6
64 11
64 16
64 25
64 29
64 31
64 35
64 36
64 41
64 42
64 49
64 53
64 57
64 58
64 59
64 60
64 62
64 63
64 124
64 107
64 28
64 67
64 9
64 117
64 127
64 89
64 45
64 40
64 83
64 137
64 88
64 96
64 104
64 18
64 12
64 78
64 93
64 82
64 27
64 116
64 142
64 123
64 51
64 97
64 134
64 132
64 33
64 122
64 76
64 120
64 65
64 125
64 37
64 52
64 23
64 44
64 80
64 113
64 54
64 135
64 92
64 86
64 103
64 22
64 99
64 143
64 15
64 34
64 109
64 56
64 71
64 94
64 111
64 114
64 118
64 119
64 130
65 3
65 7
65 8
65 9
65 11
65 13
65 20
65 24
65 25
65 26
65 36
65 39
65 40
65 42
65 49
65 53
65 59
65 62
65 63
65 64
65 134
65 57
65 6
65 144
65 72
65 18
65 85
65 31
65 34
65 35
65 107
65 90
65 108
65 79
65 74
65 88
65 140
65 17
65 14
65 38
65 5
65 82
65 83
65 27
65 128
65 124
65 111
65 101
65 66
65 67
65 73
65 78
65 86
65 93
65 99
65 110
65 114
65 118
65 122
65 123
65 125
65 127
65 130
65 131
65 136
65 139
65 145
65 147
66 7
66 8
66 12
66 14
66 17
66 18
66 21
66 23
66 25
66 31
66 33
66 37
66 38
66 40
66 42
66 48
66 50
66 53
66 55
66 56
66 62
66 136
66 149
66 79
66 108
66 2
66 58
66 141
66 4
66 74
66 73
66 80
66 59
66 54
66 24
66 106
66 111
66 92
66 114
66 107
66 36
66 63
66 112
66 143
66 15
66 90
66 86
66 139
66 46
66 85
66 115
66 118
66 72
66 84
66 99
66 49
66 19
66 146
66 147
66 125
66 83
66 78
66 103
66 131
66 0
66 100
66 122
66 65
66 98
66 109
66 1
66 134
66 97
66 16
66 138
66 43
66 67
66 77
66 82
66 26
66 117
66 71
66 75
66 88
66 89
66 93
66 94
66 129
66 130
66 137
66 144
67 3
67 4
67 8
67 20
67 26
67 27
67 29
67 34
67 36
67 37
67 38
67 40
67 41
67 48
67 51
67 55
67 62
67 64
67 66
67 140
67 75
67 97
67 112
67 137
67 103
67 128
67 76
67 89
67 60
67 85
67 53
67 65
67 141
67 49
67 59
67 114
67 116
67 80
67 69
67 147
67 125
67 15
67 123
67 108
67 105
67 91
67 130
67 43
67 70
67 74
67 78
67 79
67 86
67 88
67 96
67 99
67 100
67 109
67 117
67 118
67 122
67 126
67 127
67 129
67 144
67 148
67 149
68 0
68 6
68 7
68 8
68 17
68 22
68 23
68 26
68 27
68 31
68 36
68 38
68 40
68 53
68 55
68 58
68 19
68 39
68 82
68 137
68 146
68 123
68 9
68 3
68 18
68 76
68 131
68 89
68 111
68 125
68 140
68 32
68 133
68 47
68 56
68 70
68 73
68 77
68 79
68 85
68 94
68 99
68 109
68 114
68 127
68 129
68 130
68 134
68 136
68 145
68 147
68 149
69 0
69 1
69 3
69 5
69 20
69 21
69 25
69 26
69 33
69 35
69 38
69 39
69 48
69 49
69 55
69 57
69 58
69 62
69 63
69 67
69 113
69 6
69 125
69 133
69 140
69 78
69 72
69 73
69 81
69 84
69 85
69 87
69 93
69 94
69 96
69 97
69 100
69 103
69 107
69 108
69 109
69 114
69 121
69 127
69 131
69 139
69 141
69 147
69 149
70 0
70 4
70 12
70 13
70 17
70 21
70 41
70 49
70 53
70 55
70 60
70 61
70 62
70 63
70 68
70 136
70 139
70 148
70 28
70 89
70 67
70 33
70 16
70 11
70 85
70 110
70 131
70 71
70 72
70 73
70 74
70 76
70 77
70 78
70 79
70 83
70 86
70 90
70 91
70 94
70 97
70 102
70 103
70 104
70 105
70 107
70 111
70 114
70 122
70 123
70 125
70 127
70 137
70 138
70 146
70 147
71 2
71 6
71 11
71 20
71 23
71 24
71 26
71 31
71 34
71 38
71 42
71 46
71 48
71 53
71 55
71 57
71 130
71 111
71 89
71 128
71 135
71 110
71 66
71 56
71 36
71 62
71 94
71 19
71 9
71 76
71 49
71 97
71 37
71 80
71 96
71 17
71 138
71 91
71 107
71 45
71 132
71 0
71 149
71 85
71 32
71 43
71 64
71 22
71 99
71 82
71 144
71 77
71 18
71 139
71 120
71 98
71 148
71 81
71 58
71 122
71 142
71 127
71 70
71 28
71 121
71 92
71 133
71 50
71 87
71 86
71 93
71 108
71 109
71 123
71 129
71 134
71 136
71 146
72 0
72 2
72 3
72 6
72 7
72 12
72 23
72 24
72 37
72 40
72 42
72 46
72 55
72 58
72 65
72 66
72 10
72 30
72 88
72 20
72 120
72 69
72 87
72 125
72 81
72 8
72 110
72 9
72 103
72 25
72 139
72 43
72 75
72 143
72 101
72 13
72 86
72 95
72 32
72 17
72 60
72 141
72 14
72 19
72 148
72 93
72 124
72 118
72 59
72 100
72 27
72 83
72 105
72 74
72 89
72 79
72 63
72 56
72 115
72 85
72 4
72 137
72 144
72 131
72 138
72 70
72 121
72 147
72 76
72 33
72 28
72 108
72 145
72 113
72 1
72 18
72 41
72 77
72 16
72 112
72 111
72 31
72 21
72 48
72 52
72 73
72 82
72 84
72 94
72 97
72 99
72 122
72 123
72 127
72 129
72 130
73 3
73 4
73 5
73 6
73 8
73 20
73 25
73 26
73 27
73 29
73 31
73 33
73 38
73 41
73 42
73 47
73 48
73 50
73 53
73 55
73 58
73 59
73 66
73 85
73 19
73 89
73 92
73 79
73 112
73 68
73 133
73 115
73 135
73 70
73 32
73 14
73 30
73 93
73 103
73 72
73 36
73 56
73 108
73 123
73 139
73 95
73 88
73 87
73 97
73 113
73 146
73 100
73 86
73 126
73 40
73 69
73 102
73 137
73 18
73 125
73 7
73 21
73 127
73 129
73 24
73 54
73 122
73 136
73 65
73 131
73 134
73 23
73 11
73 98
73 10
73 9
73 61
73 44
73 104
73 78
73 120
73 39
73 80
73 107
73 43
73 141
73 13
73 117
73 118
73 116
73 57
73 76
73 81
73 82
73 99
73 106
73 110
73 114
73 119
73 128
73 138
73 147
73 149
74 6
74 8
74 9
74 20
74 22
74 26
74 28
74 33
74 36
74 44
74 46
74 50
74 51
74 53
74 55
74 59
74 61
74 62
74 65
74 66
74 72
74 132
74 128
74 121
74 119
74 146
74 125
74 34
74 136
74 145
74 147
74 89
74 70
74 120
74 76
74 101
74 105
74 67
74 126
74 1
74 97
74 40
74 3
74 17
74 85
74 123
74 113
74 38
74 93
74 127
74 138
74 63
74 43
74 83
74 77
74 87
74 58
74 142
74 49
74 37
74 5
74 131
74 78
74 81
74 95
74 100
74 107
74 111
74 114
74 137
74 139
74 140
75 0
75 5
75 6
75 8
75 9
75 11
75 20
75 21
75 26
75 27
75 29
75 31
75 36
75 42
75 53
75 59
75 63
75 67
75 72
75 17
75 132
75 66
75 24
75 38
75 133
75 124
75 16
75 7
75 80
75 97
75 61
75 10
75 95
75 98
75 106
75 45
75 140
75 127
75 51
75 130
75 13
75 120
75 55
75 82
75 100
75 93
75 144
75 142
75 49
75 77
75 143
75 138
75 79
75 81
75 84
75 87
75 88
75 89
75 94
75 96
75 107
75 109
75 111
75 113
75 119
75 122
75 139
75 145
75 146
75 147
76 3
76 4
76 8
76 9
76 17
76 18
76 24
76 29
76 36
76 40
76 48
76 49
76 51
76 53
76 55
76 56
76 57
76 64
76 67
76 68
76 71
76 72
76 74
76 129
76 25
76 91
76 33
76 114
76 58
76 143
76 134
76 41
76 85
76 131
76 80
76 125
76 107
76 89
76 30
76 84
76 47
76 26
76 34
76 73
76 2
76 98
76 78
76 22
76 63
76 124
76 149
76 99
76 106
76 62
76 1
76 118
76 146
76 112
76 70
76 45
76 83
76 86
76 92
76 94
76 97
76 103
76 113
76 120
76 123
76 126
76 130
76 137
76 145
77 9
77 11
77 13
77 17
77 21
77 23
77 24
77 26
77 27
77 31
77 33
77 48
77 51
77 54
77 55
77 59
77 60
77 62
77 66
77 71
77 72
77 74
77 75
77 113
77 70
77 99
77 95
77 68
77 110
77 143
77 10
77 81
77 4
77 149
77 37
77 126
77 144
77 35
77 79
77 93
77 129
77 58
77 86
77 94
77 97
77 100
77 105
77 107
77 108
77 114
77 122
77 123
77 128
77 134
77 135
77 139
77 145
77 147
78 1
78 2
78 3
78 5
78 6
78 8
78 9
78 13
78 18
78 20
78 23
78 29
78 32
78 36
78 37
78 40
78 42
78 43
78 46
78 47
78 48
78 57
78 61
78 62
78 64
78 66
78 69
78 73
78 76
78 131
78 93
78 135
78 84
78 121
78 112
78 24
78 126
78 127
78 67
78 59
78 56
78 105
78 100
78 17
78 98
78 113
78 53
78 125
78 50
78 96
78 74
78 90
78 38
78 123
78 65
78 85
78 82
78 21
78 102
78 132
78 110
78 103
78 22
78 0
78 91
78 51
78 143
78 138
78 128
78 133
78 145
78 26
78 70
78 108
78 44
78 122
78 109
78 134
78 101
78 14
78 60
78 83
78 87
78 88
78 92
78 94
78 114
78 118
78 137
78 139
78 146
78 147
78 149
79 0
79 8
79 11
79 17
79 18
79 29
79 34
79 36
79 37
79 40
79 49
79 50
79 56
79 58
79 59
79 65
79 66
79 72
79 73
79 77
79 113
79 31
79 42
79 46
79 123
79 108
79 117
79 47
79 83
79 68
79 67
79 107
79 39
79 109
79 145
79 103
79 43
79 116
79 92
79 22
79 75
79 85
79 88
79 142
79 122
79 130
79 70
79 62
79 53
79 32
79 13
79 82
79 93
79 35
79 106
79 15
79 23
79 124
79 89
79 115
79 80
79 84
79 86
79 94
79 114
79 125
79 127
79 134
79 139
79 146
79 147
79 149
80 0
80 5
80 8
80 17
80 21
80 29
80 31
80 37
80 40
80 42
80 55
80 58
80 59
80 62
80 64
80 66
80 67
80 71
80 73
80 75
80 76
80 99
80 140
80 24
80 79
80 104
80 9
80 115
80 118
80 41
80 38
80 88
80 26
80 142
80 83
80 98
80 112
80 54
80 27
80 101
80 138
80 147
80 3
80 60
80 2
80 95
80 11
80 61
80 20
80 48
80 111
80 123
80 86
80 89
80 97
80 103
80 108
80 109
80 110
80 113
80 114
80 119
80 122
80 127
80 130
80 131
80 136
80 137
80 139
80 149
81 3
81 6
81 8
81 12
81 23
81 26
81 36
81 40
81 42
81 48
81 49
81 53
81 55
81 59
81 61
81 62
81 71
81 72
81 77
81 96
81 69
81 90
81 123
81 30
81 87
81 39
81 101
81 74
81 112
81 16
81 43
81 29
81 128
81 44
81 109
81 75
81 134
81 99
81 73
81 137
81 124
81 60
81 35
81 103
81 146
81 45
81 17
81 86
81 89
81 91
81 92
81 94
81 100
81 107
81 108
81 110
81 114
81 125
81 126
81 129
81 130
81 135
81 136
81 141
81 147
81 149
82 11
82 13
82 17
82 18
82 21
82 25
82 26
82 27
82 35
82 36
82 38
82 47
82 48
82 49
82 57
82 59
82 61
82 62
82 63
82 64
82 65
82 66
82 68
82 71
82 75
82 78
82 79
82 4
82 54
82 10
82 106
82 119
82 113
82 142
82 148
82 1
82 96
82 0
82 8
82 111
82 110
82 132
82 97
82 88
82 72
82 114
82 73
82 28
82 50
82 45
82 33
82 124
82 22
82 30
82 84
82 85
82 87
82 94
82 99
82 100
82 103
82 109
82 120
82 128
82 129
82 135
82 147
82 149
83 8
83 13
83 18
83 21
83 28
83 31
83 39
83 41
83 45
83 53
83 62
83 64
83 65
83 66
83 72
83 74
83 79
83 80
83 142
83 146
83 11
83 84
83 76
83 14
83 138
83 1
83 130
83 70
83 116
83 115
83 78
83 131
83 61
83 54
83 52
83 58
83 111
83 95
83 88
83 128
83 105
83 102
83 20
83 85
83 108
83 139
83 122
83 50
83 135
83 118
83 42
83 86
83 93
83 94
83 97
83 103
83 107
83 109
83 110
83 113
83 119
83 123
83 125
83 134
83 145
83 147
83 149
84 0
84 5
84 6
84 9
84 11
84 14
84 18
84 21
84 26
84 33
84 37
84 39
84 42
84 55
84 59
84 66
84 76
84 78
84 83
84 96
84 98
84 62
84 101
84 49
84 82
84 106
84 4
84 135
84 79
84 142
84 23
84 56
84 147
84 44
84 145
84 111
84 35
84 13
84 10
84 19
84 137
84 1
84 46
84 130
84 75
84 60
84 85
84 97
84 24
84 117
84 69
84 36
84 129
84 8
84 63
84 128
84 3
84 7
84 99
84 61
84 127
84 133
84 149
84 105
84 125
84 107
84 28
84 15
84 119
84 92
84 54
84 108
84 131
84 113
84 72
84 134
84 86
84 110
84 114
84 123
84 136
84 138
84 139
84 146
85 3
85 5
85 6
85 8
85 17
85 22
85 23
85 25
85 26
85 27
85 29
85 31
85 36
85 37
85 40
85 41
85 48
85 49
85 50
85 59
85 60
85 62
85 63
85 65
85 66
85 67
85 70
85 71
85 72
85 73
85 74
85 76
85 78
85 79
85 83
85 84
85 44
85 135
85 146
85 82
85 13
85 86
85 55
85 1
85 69
85 129
85 120
85 14
85 94
85 58
85 42
85 142
85 0
85 138
85 32
85 46
85 21
85 12
85 87
85 122
85 90
85 92
85 88
85 141
85 137
85 38
85 35
85 53
85 117
85 30
85 124
85 110
85 144
85 107
85 16
85 139
85 52
85 34
85 33
85 56
85 123
85 101
85 61
85 118
85 136
85 131
85 7
85 93
85 68
85 97
85 140
85 89
85 109
85 11
85 127
85 108
85 2
85 121
85 51
85 147
85 18
85 133
85 119
85 103
85 145
85 113
85 106
85 91
85 96
85 104
85 111
85 114
85 125
85 130
85 134
85 149
86 0
86 1
86 6
86 7
86 8
86 11
86 25
86 26
86 27
86 31
86 38
86 47
86 49
86 52
86 55
86 59
86 61
86 62
86 64
86 66
86 72
86 73
86 85
86 20
86 80
86 133
86 98
86 58
86 81
86 120
86 30
86 84
86 149
86 32
86 119
86 88
86 54
86 143
86 144
86 77
86 94
86 37
86 76
86 104
86 71
86 17
86 67
86 63
86 145
86 96
86 70
86 140
86 36
86 9
86 15
86 125
86 105
86 112
86 127
86 83
86 79
86 40
86 89
86 131
86 137
86 34
86 122
86 87
86 14
86 99
86 129
86 90
86 102
86 53
86 134
86 65
86 93
86 12
86 115
86 147
86 103
86 110
86 97
86 100
86 107
86 108
86 109
86 114
86 121
86 136
86 139
87 5
87 6
87 7
87 14
87 18
87 21
87 24
87 26
87 27
87 28
87 31
87 38
87 40
87 42
87 50
87 53
87 55
87 71
87 72
87 73
87 74
87 81
87 85
87 86
87 116
87 75
87 117
87 88
87 45
87 141
87 120
87 113
87 25
87 96
87 20
87 122
87 146
87 139
87 58
87 48
87 16
87 140
87 11
87 91
87 142
87 17
87 143
87 148
87 106
87 94
87 61
87 69
87 127
87 112
87 43
87 12
87 82
87 35
87 130
87 121
87 108
87 78
87 1
87 3
87 147
87 2
87 123
87 129
87 34
87 46
87 57
87 104
87 92
87 110
87 32
87 15
87 100
87 103
87 105
87 109
87 114
87 128
87 134
87 138
87 145
87 149
88 1
88 2
88 3
88 4
88 6
88 11
88 14
88 18
88 20
88 22
88 23
88 24
88 27
88 34
88 38
88 42
88 46
88 48
88 49
88 50
88 53
88 55
88 56
88 58
88 60
88 63
88 64
88 65
88 72
88 73
88 79
88 80
88 82
88 83
88 85
88 86
88 87
88 13
88 66
88 78
88 92
88 57
88 141
88 10
88 114
88 130
88 54
88 67
88 126
88 122
88 33
88 43
88 140
88 8
88 37
88 133
88 94
88 9
88 112
88 124
88 26
88 104
88 103
88 0
88 31
88 142
88 137
88 134
88 25
88 59
88 45
88 123
88 5
88 75
88 29
88 138
88 127
88 44
88 93
88 95
88 120
88 12
88 39
88 105
88 28
88 90
88 97
88 106
88 107
88 108
88 109
88 110
88 111
88 118
88 128
88 129
88 136
88 146
88 147
89 0
89 3
89 6
89 13
89 18
89 20
89 26
89 33
89 36
89 37
89 40
89 41
89 53
89 63
89 64
89 67
89 68
89 70
89 71
89 72
89 73
89 74
89 76
89 79
89 85
89 86
89 80
89 17
89 11
89 56
89 15
89 75
89 55
89 103
89 126
89 149
89 98
89 132
89 39
89 62
89 8
89 148
89 137
89 146
89 14
89 30
89 25
89 127
89 7
89 141
89 107
89 52
89 110
89 60
89 51
89 43
89 34
89 58
89 45
89 66
89 136
89 27
89 133
89 106
89 61
89 102
89 125
89 101
89 144
89 24
89 81
89 96
89 16
89 112
89 94
89 129
89 113
89 100
89 147
89 54
89 42
89 131
89 49
89 57
89 19
89 44
89 59
89 90
89 91
89 93
89 97
89 108
89 114
89 134
90 2
90 3
90 6
90 7
90 8
90 12
90 21
90 23
90 36
90 37
90 38
90 40
90 42
90 49
90 50
90 55
90 61
90 62
90 65
90 66
90 78
90 81
90 85
90 86
90 51
90 99
90 125
90 134
90 89
90 140
90 123
90 100
90 110
90 15
90 70
90 146
90 9
90 18
90 92
90 141
90 142
90 149
90 88
90 129
90 26
90 122
90 17
90 94
90 113
90 114
90 117
90 118
90 130
90 136
90 137
90 147
91 0
91 2
91 3
91 6
91 7
91 18
91 25
91 26
91 27
91 38
91 48
91 51
91 57
91 58
91 67
91 71
91 76
91 78
91 87
91 134
91 29
91 117
91 118
91 63
91 95
91 70
91 81
91 138
91 56
91 44
91 31
91 107
91 24
91 59
91 121
91 36
91 122
91 13
91 37
91 143
91 101
91 32
91 22
91 100
91 42
91 93
91 135
91 103
91 39
91 137
91 146
91 61
91 113
91 12
91 89
91 85
91 123
91 140
91 96
91 97
91 108
91 111
91 119
91 125
91 126
91 130
91 136
91 139
91 145
91 147
91 149
92 0
92 3
92 4
92 7
92 8
92 18
92 25
92 26
92 31
92 37
92 38
92 40
92 46
92 51
92 56
92 58
92 60
92 62
92 64
92 66
92 71
92 73
92 79
92 84
92 85
92 87
92 88
92 90
92 100
92 78
92 134
92 81
92 107
92 119
92 115
92 130
92 76
92 96
92 33
92 132
92 106
92 121
92 20
92 22
92 129
92 57
92 124
92 102
92 105
92 108
92 109
92 110
92 111
92 118
92 123
92 125
92 127
92 131
92 139
92 145
92 147
92 149
93 2
93 3
93 11
93 22
93 23
93 25
93 27
93 28
93 31
93 33
93 38
93 40
93 46
93 48
93 49
93 50
93 53
93 55
93 57
93 59
93 63
93 64
93 72
93 73
93 74
93 75
93 77
93 78
93 79
93 85
93 86
93 88
93 91
93 69
93 122
93 131
93 0
93 42
93 41
93 8
93 35
93 115
93 37
93 97
93 117
93 61
93 139
93 140
93 15
93 133
93 32
93 65
93 58
93 43
93 114
93 110
93 136
93 66
93 89
93 94
93 30
93 146
93 60
93 71
93 138
93 132
93 135
93 104
93 83
93 137
93 4
93 18
93 147
93 39
93 62
93 112
93 118
93 7
93 44
93 106
93 96
93 26
93 129
93 113
93 45
93 124
93 12
93 99
93 103
93 107
93 108
93 111
93 123
93 125
93 134
93 141
93 149
94 9
94 11
94 20
94 26
94 27
94 31
94 32
94 38
94 40
94 41
94 53
94 59
94 61
94 62
94 71
94 85
94 86
94 87
94 88
94 89
94 93
94 77
94 68
94 69
94 127
94 146
94 12
94 1
94 81
94 14
94 70
94 49
94 78
94 79
94 130
94 21
94 7
94 4
94 98
94 48
94 145
94 96
94 45
94 76
94 2
94 44
94 138
94 147
94 100
94 108
94 55
94 46
94 83
94 5
94 120
94 66
94 97
94 90
94 82
94 56
94 121
94 39
94 124
94 64
94 25
94 24
94 47
94 3
94 132
94 123
94 33
94 117
94 106
94 128
94 107
94 75
94 133
94 72
94 34
94 142
94 37
94 52
94 112
94 143
94 101
94 137
94 102
94 110
94 113
94 125
94 129
94 134
94 139
94 149
95 5
95 6
95 8
95 9
95 14
95 15
95 17
95 18
95 22
95 23
95 25
95 26
95 29
95 31
95 37
95 38
95 40
95 41
95 49
95 51
95 55
95 61
95 62
95 72
95 73
95 75
95 77
95 80
95 83
95 88
95 91
95 143
95 74
95 124
95 28
95 43
95 103
95 104
95 107
95 110
95 123
95 130
95 131
95 134
95 136
95 137
95 138
95 139
95 146
95 149
96 6
96 7
96 11
96 17
96 18
96 20
96 21
96 23
96 24
96 26
96 29
96 36
96 38
96 40
96 42
96 48
96 49
96 50
96 51
96 53
96 55
96 60
96 62
96 63
96 64
96 71
96 78
96 81
96 82
96 84
96 86
96 87
96 89
96 92
96 93
96 94
96 13
96 28
96 30
96 143
96 35
96 128
96 124
96 140
96 108
96 75
96 41
96 85
96 22
96 8
96 136
96 109
96 125
96 126
96 135
96 0
96 67
96 44
96 47
96 19
96 132
96 115
96 127
96 52
96 32
96 69
96 91
96 2
96 119
96 99
96 100
96 106
96 107
96 110
96 111
96 114
96 123
96 134
96 138
96 139
96 147
97 0
97 5
97 6
97 7
97 9
97 21
97 22
97 24
97 27
97 29
97 36
97 38
97 40
97 41
97 46
97 48
97 59
97 61
97 62
97 64
97 66
97 67
97 71
97 73
97 74
97 75
97 82
97 84
97 85
97 93
97 94
97 91
97 60
97 31
97 131
97 1
97 2
97 11
97 137
97 145
97 49
97 107
97 83
97 28
97 129
97 51
97 77
97 37
97 119
97 140
97 8
97 19
97 142
97 88
97 144
97 121
97 15
97 18
97 56
97 10
97 127
97 70
97 114
97 133
97 126
97 106
97 98
97 13
97 110
97 42
97 86
97 12
97 149
97 120
97 72
97 69
97 4
97 80
97 112
97 102
97 103
97 101
97 115
97 99
97 134
97 89
97 35
97 76
97 44
97 118
97 100
97 105
97 111
97 123
97 125
97 136
97 139
97 146
97 147
98 3
98 5
98 7
98 23
98 24
98 26
98 36
98 40
98 42
98 44
98 49
98 51
98 55
98 57
98 59
98 61
98 62
98 66
98 71
98 73
98 75
98 76
98 78
98 80
98 84
98 86
98 89
98 94
98 97
98 56
98 118
98 121
98 104
98 45
98 130
98 107
98 99
98 103
98 123
98 125
98 128
98 134
98 137
98 141
98 146
98 147
99 4
99 5
99 7
99 8
99 18
99 20
99 23
99 26
99 28
99 29
99 31
99 36
99 37
99 40
99 41
99 48
99 55
99 60
99 61
99 62
99 64
99 66
99 71
99 76
99 77
99 80
99 81
99 84
99 86
99 90
99 97
99 98
99 52
99 130
99 144
99 129
99 142
99 72
99 65
99 110
99 141
99 67
99 34
99 115
99 93
99 46
99 124
99 103
99 45
99 109
99 1
99 43
99 131
99 63
99 13
99 113
99 148
99 47
99 73
99 50
99 122
99 21
99 106
99 0
99 68
99 24
99 82
99 49
99 121
99 10
99 44
99 101
99 132
99 96
99 19
99 104
99 107
99 114
99 125
99 127
99 128
99 133
99 134
99 136
99 137
99 145
99 146
99 147
99 149
100 0
100 2
100 3
100 6
100 7
100 8
100 20
100 24
100 26
100 27
100 29
100 35
100 40
100 41
100 47
100 49
100 57
100 59
100 66
100 72
100 73
100 75
100 78
100 89
100 90
100 91
100 92
100 94
100 18
100 135
100 148
100 43
100 139
100 142
100 144
100 141
100 69
100 58
100 143
100 105
100 23
100 131
100 145
100 124
100 4
100 123
100 38
100 50
100 81
100 96
100 74
100 115
100 36
100 149
100 17
100 102
100 113
100 130
100 136
100 61
100 67
100 77
100 82
100 13
100 132
100 126
100 86
100 112
100 56
100 114
100 97
100 11
100 128
100 21
100 34
100 87
100 31
100 146
100 39
100 109
100 16
100 127
100 5
100 119
100 30
100 106
100 111
100 118
100 129
100 137
101 2
101 3
101 6
101 7
101 11
101 13
101 17
101 26
101 27
101 33
101 36
101 37
101 38
101 41
101 42
101 48
101 55
101 65
101 72
101 74
101 78
101 80
101 81
101 84
101 85
101 89
101 91
101 94
101 97
101 99
101 111
101 12
101 103
101 110
101 114
101 123
101 128
101 134
101 135
101 142
101 147
101 149
102 4
102 5
102 6
102 11
102 18
102 21
102 25
102 27
102 31
102 32
102 33
102 36
102 38
102 42
102 49
102 53
102 55
102 57
102 58
102 59
102 63
102 73
102 78
102 83
102 86
102 89
102 97
102 100
102 114
102 137
102 62
102 45
102 92
102 70
102 54
102 134
102 108
102 94
102 40
102 1
102 30
102 50
102 19
102 109
102 113
102 110
102 118
102 123
102 125
102 127
102 130
102 139
102 147
102 149
103 4
103 7
103 9
103 11
103 12
103 17
103 18
103 20
103 22
103 25
103 26
103 36
103 40
103 42
103 46
103 47
103 48
103 53
103 55
103 58
103 60
103 62
103 64
103 66
103 67
103 72
103 73
103 78
103 79
103 81
103 85
103 86
103 88
103 89
103 91
103 97
103 99
103 14
103 132
103 33
103 8
103 98
103 63
103 16
103 76
103 35
103 23
103 83
103 124
103 147
103 93
103 80
103 70
103 28
103 87
103 0
103 112
103 101
103 134
103 145
103 105
103 82
103 2
103 114
103 37
103 21
103 111
103 10
103 69
103 39
103 95
103 6
103 109
103 110
103 118
103 121
103 123
103 125
103 136
103 137
103 139
104 7
104 12
104 13
104 15
104 20
104 22
104 26
104 27
104 31
104 38
104 40
104 45
104 46
104 49
104 58
104 62
104 64
104 73
104 80
104 86
104 87
104 88
104 93
104 98
104 95
104 111
104 143
104 16
104 137
104 129
104 70
104 85
104 50
104 59
104 122
104 21
104 29
104 99
104 135
104 34
104 108
104 127
104 118
104 107
104 110
104 114
104 119
104 120
104 125
104 134
104 140
104 145
104 149
105 0
105 5
105 11
105 18
105 26
105 31
105 36
105 41
105 42
105 45
105 47
105 55
105 60
105 62
105 63
105 67
105 72
105 74
105 78
105 83
105 84
105 86
105 88
105 100
105 103
105 115
105 148
105 92
105 143
105 33
105 29
105 7
105 32
105 77
105 70
105 87
105 39
105 46
105 134
105 12
105 97
105 110
105 114
105 44
105 19
105 16
105 144
105 108
105 113
105 122
105 123
105 125
105 129
105 139
105 140
105 142
105 146
106 5
106 7
106 8
106 11
106 12
106 16
106 18
106 23
106 27
106 28
106 36
106 41
106 46
106 49
106 50
106 53
106 55
106 66
106 75
106 76
106 79
106 82
106 84
106 85
106 87
106 89
106 92
106 93
106 94
106 97
106 99
106 121
106 115
106 73
106 52
106 96
106 88
106 51
106 100
106 57
106 123
106 108
106 56
106 117
106 1
106 15
106 124
106 130
106 35
106 107
106 110
106 114
106 122
106 134
106 137
106 139
106 144
106 145
106 147
107 3
107 9
107 13
107 18
107 23
107 29
107 31
107 39
107 40
107 42
107 50
107 53
107 61
107 63
107 64
107 65
107 66
107 71
107 73
107 76
107 79
107 84
107 85
107 89
107 91
107 92
107 94
107 97
107 98
107 21
107 95
107 52
107 28
107 49
107 104
107 125
107 116
107 62
107 81
107 137
107 113
107 124
107 30
107 122
107 22
107 96
107 131
107 106
107 56
107 83
107 144
107 134
107 77
107 99
107 58
107 33
107 110
107 120
107 60
107 14
107 129
107 47
107 10
107 118
107 32
107 20
107 93
107 75
107 127
107 26
107 37
107 70
107 147
107 11
107 36
107 112
107 69
107 41
107 1
107 19
107 115
107 86
107 25
107 88
107 27
107 126
107 51
107 130
107 74
107 128
107 59
107 108
107 111
107 114
107 139
107 142
107 145
107 149
108 6
108 7
108 11
108 18
108 21
108 24
108 26
108 32
108 33
108 37
108 38
108 40
108 41
108 42
108 45
108 49
108 57
108 59
108 62
108 65
108 66
108 67
108 72
108 73
108 78
108 79
108 83
108 84
108 85
108 87
108 94
108 96
108 102
108 104
108 106
108 14
108 113
108 114
108 20
108 71
108 10
108 89
108 15
108 34
108 92
108 88
108 77
108 39
108 69
108 123
108 93
108 53
108 143
108 105
108 117
108 5
108 119
108 86
108 29
108 12
108 124
108 52
108 51
108 2
108 23
108 118
108 80
108 107
108 109
108 48
108 136
108 110
108 120
108 81
108 91
108 125
108 128
108 134
108 137
108 147
108 149
109 6
109 11
109 13
109 14
109 20
109 24
109 25
109 29
109 32
109 33
109 37
109 39
109 40
109 44
109 48
109 55
109 59
109 62
109 64
109 66
109 78
109 79
109 81
109 85
109 96
109 99
109 100
109 102
109 108
109 123
109 88
109 50
109 8
109 83
109 54
109 22
109 82
109 132
109 71
109 136
109 45
109 113
109 146
109 57
109 126
109 23
109 87
109 80
109 52
109 67
109 116
109 114
109 7
109 86
109 28
109 30
109 34
109 26
109 144
109 103
109 139
109 68
109 121
109 92
109 128
109 16
109 69
109 75
109 110
109 117
109 129
109 130
109 131
109 137
109 140
109 141
109 145
110 3
110 8
110 12
110 14
110 18
110 21
110 22
110 27
110 28
110 29
110 31
110 36
110 38
110 40
110 42
110 47
110 53
110 55
110 59
110 61
110 62
110 63
110 70
110 71
110 72
110 77
110 78
110 82
110 85
110 86
110 87
110 89
110 90
110 93
110 97
110 99
110 105
110 107
110 108
110 0
110 96
110 119
110 52
110 15
110 46
110 123
110 115
110 114
110 20
110 7
110 95
110 57
110 56
110 145
110 84
110 149
110 17
110 24
110 49
110 94
110 148
110 54
110 37
110 109
110 44
110 19
110 2
110 45
110 143
110 128
110 141
110 134
110 81
110 50
110 102
110 122
110 73
110 142
110 9
110 34
110 104
110 130
110 112
110 135
110 26
110 106
110 92
110 132
110 116
110 65
110 80
110 30
110 23
110 138
110 133
110 83
110 4
110 33
110 125
110 127
110 103
110 101
110 32
110 16
110 13
110 88
110 113
110 118
110 121
110 131
110 139
110 146
110 147
111 0
111 7
111 13
111 22
111 23
111 25
111 26
111 31
111 32
111 36
111 40
111 43
111 55
111 57
111 59
111 62
111 65
111 66
111 68
111 71
111 72
111 80
111 82
111 83
111 84
111 101
111 103
111 104
111 127
111 145
111 96
111 85
111 135
111 148
111 117
111 3
111 107
111 9
111 122
111 8
111 70
111 17
111 114
111 115
111 141
111 10
111 123
111 91
111 118
111 5
111 92
111 42
111 149
111 100
111 131
111 39
111 143
111 121
111 64
111 128
111 34
111 38
111 126
111 35
111 20
111 28
111 37
111 93
111 97
111 74
111 12
111 129
111 49
111 52
111 1
111 88
111 2
111 112
111 130
111 147
111 16
111 75
111 6
111 146
111 11
111 60
111 142
111 113
111 124
111 133
111 136
111 138
111 139
112 3
112 11
112 14
112 16
112 21
112 24
112 27
112 28
112 31
112 41
112 42
112 48
112 49
112 51
112 55
112 57
112 59
112 62
112 66
112 67
112 72
112 73
112 76
112 78
112 80
112 81
112 86
112 87
112 88
112 89
112 93
112 94
112 97
112 100
112 103
112 107
112 110
112 111
112 36
112 114
112 119
112 123
112 125
112 127
112 128
112 136
112 138
112 139
112 146
113 2
113 5
113 8
113 9
113 11
113 23
113 25
113 29
113 33
113 38
113 49
113 51
113 53
113 55
113 58
113 60
113 64
113 69
113 72
113 73
113 74
113 77
113 78
113 79
113 82
113 84
113 85
113 87
113 89
113 91
113 93
113 99
113 100
113 102
113 107
113 108
113 109
113 83
113 110
113 1
113 76
113 132
113 48
113 39
113 47
113 52
113 105
113 127
113 75
113 117
113 59
113 114
113 135
113 111
113 122
113 6
113 28
113 22
113 129
113 44
113 0
113 139
113 90
113 80
113 128
113 115
113 137
113 41
113 142
113 120
113 116
113 94
113 16
113 121
113 126
113 134
113 136
113 146
113 147
113 149
114 0
114 7
114 18
114 21
114 24
114 27
114 31
114 40
114 53
114 55
114 58
114 60
114 62
114 66
114 67
114 76
114 82
114 88
114 93
114 97
114 100
114 102
114 103
114 105
114 108
114 109
114 110
114 111
114 113
114 8
114 69
114 46
114 126
114 43
114 4
114 13
114 39
114 33
114 86
114 124
114 147
114 145
114 96
114 22
114 85
114 79
114 123
114 136
114 117
114 51
114 115
114 139
114 20
114 2
114 61
114 132
114 112
114 68
114 104
114 101
114 129
114 10
114 11
114 36
114 38
114 138
114 81
114 127
114 134
114 89
114 78
114 77
114 47
114 122
114 32
114 56
114 65
114 64
114 48
114 87
114 74
114 84
114 73
114 16
114 149
114 146
114 25
114 99
114 3
114 70
114 106
114 17
114 119
114 9
114 54
114 80
114 90
114 107
114 52
114 125
114 128
114 137
114 141
115 0
115 2
115 4
115 6
115 14
115 17
115 18
115 27
115 33
115 36
115 41
115 42
115 47
115 49
115 53
115 55
115 60
115 66
115 72
115 73
115 79
115 80
115 83
115 86
115 92
115 93
115 96
115 97
115 99
115 100
115 105
115 106
115 107
115 110
115 111
115 113
115 114
115 143
115 122
115 123
115 125
115 128
115 130
115 134
115 135
115 142
115 146
116 6
116 11
116 18
116 20
116 23
116 25
116 31
116 32
116 40
116 46
116 47
116 49
116 59
116 60
116 64
116 67
116 73
116 79
116 83
116 87
116 107
116 109
116 110
116 113
116 118
116 16
116 52
116 123
116 125
116 127
116 135
116 136
116 146
116 147
116 149
117 5
117 6
117 8
117 9
117 17
117 24
117 25
117 26
117 27
117 28
117 31
117 32
117 37
117 38
117 41
117 46
117 48
117 53
117 55
117 58
117 62
117 64
117 66
117 73
117 79
117 84
117 85
117 87
117 91
117 93
117 94
117 106
117 108
117 111
117 113
117 114
117 90
117 20
117 2
117 67
117 109
117 18
117 13
117 123
117 125
117 127
117 129
117 130
117 131
117 135
117 139
117 147
118 0
118 2
118 4
118 7
118 8
118 9
118 12
118 14
118 18
118 20
118 21
118 22
118 23
118 25
118 27
118 30
118 31
118 32
118 38
118 41
118 42
118 46
118 47
118 48
118 50
118 51
118 53
118 55
118 57
118 62
118 66
118 72
118 73
118 76
118 80
118 83
118 85
118 91
118 93
118 97
118 98
118 104
118 107
118 108
118 111
118 116
118 90
118 139
118 64
118 1
118 6
118 131
118 49
118 65
118 137
118 147
118 29
118 92
118 88
118 138
118 122
118 149
118 102
118 103
118 67
118 78
118 16
118 135
118 54
118 148
118 36
118 100
118 130
118 58
118 142
118 124
118 110
118 19
118 123
118 125
118 128
118 134
118 146
119 3
119 18
119 21
119 24
119 25
119 27
119 32
119 36
119 38
119 44
119 46
119 53
119 60
119 74
119 82
119 84
119 85
119 86
119 92
119 96
119 97
119 100
119 108
119 110
119 114
119 147
119 91
119 75
119 112
119 40
119 62
119 136
119 148
119 1
119 5
119 120
119 73
119 104
119 128
119 64
119 80
119 83
119 122
119 123
119 130
119 134
119 138
119 139
119 140
119 149
120 2
120 8
120 9
120 16
120 18
120 26
120 29
120 31
120 37
120 38
120 39
120 42
120 53
120 55
120 59
120 63
120 64
120 71
120 72
120 73
120 74
120 75
120 85
120 86
120 87
120 88
120 94
120 97
120 107
120 108
120 113
120 119
120 104
120 143
120 147
120 82
120 76
120 47
120 127
120 128
120 129
120 130
120 137
120 146
120 148
120 149
121 0
121 8
121 9
121 11
121 18
121 24
121 26
121 27
121 31
121 36
121 37
121 40
121 71
121 72
121 74
121 78
121 85
121 87
121 91
121 92
121 94
121 97
121 98
121 99
121 106
121 109
121 111
121 5
121 86
121 10
121 13
121 54
121 21
121 137
121 3
121 59
121 69
121 135
121 16
121 103
121 113
121 35
121 110
121 134
121 138
121 122
121 123
121 125
121 127
121 130
121 136
121 145
121 146
121 147
122 6
122 8
122 12
122 16
122 21
122 23
122 25
122 35
122 36
122 38
122 39
122 48
122 49
122 52
122 55
122 61
122 64
122 66
122 71
122 73
122 78
122 79
122 83
122 85
122 86
122 87
122 88
122 90
122 91
122 93
122 99
122 104
122 107
122 110
122 111
122 113
122 114
122 118
122 119
122 62
122 106
122 67
122 123
122 51
122 133
122 70
122 129
122 29
122 17
122 121
122 75
122 11
122 22
122 142
122 59
122 4
122 19
122 28
122 33
122 53
122 144
122 77
122 72
122 135
122 105
122 115
122 3
122 7
122 65
122 128
122 50
122 57
122 80
122 31
122 127
122 134
122 136
122 139
122 141
122 145
122 146
122 147
122 148
122 149
123 2
123 6
123 7
123 9
123 17
123 23
123 27
123 31
123 43
123 47
123 49
123 55
123 59
123 61
123 64
123 67
123 68
123 73
123 74
123 78
123 79
123 80
123 81
123 85
123 87
123 88
123 90
123 91
123 94
123 100
123 106
123 108
123 109
123 110
123 111
123 114
123 122
123 98
123 127
123 95
123 130
123 135
123 60
123 35
123 138
123 15
123 103
123 20
123 54
123 21
123 119
123 71
123 57
123 41
123 112
123 144
123 118
123 93
123 72
123 124
123 115
123 77
123 29
123 134
123 19
123 105
123 33
123 102
123 53
123 136
123 139
123 22
123 70
123 84
123 76
123 13
123 145
123 5
123 92
123 97
123 32
123 12
123 83
123 10
123 117
123 40
123 65
123 141
123 96
123 36
123 3
123 116
123 101
123 26
123 131
123 143
123 121
123 142
123 11
123 38
123 37
123 125
123 149
124 2
124 8
124 9
124 12
124 21
124 22
124 23
124 25
124 27
124 31
124 33
124 36
124 40
124 42
124 47
124 48
124 59
124 61
124 64
124 65
124 72
124 75
124 76
124 79
124 81
124 82
124 85
124 88
124 92
124 93
124 94
124 95
124 96
124 99
124 100
124 103
124 106
124 107
124 108
124 114
124 118
124 123
124 63
124 149
124 111
124 10
124 125
124 127
124 131
124 134
124 136
124 141
124 146
124 147
125 2
125 5
125 7
125 8
125 9
125 12
125 16
125 18
125 23
125 26
125 29
125 31
125 41
125 42
125 48
125 49
125 53
125 55
125 60
125 62
125 64
125 66
125 67
125 68
125 69
125 72
125 73
125 74
125 76
125 78
125 84
125 86
125 89
125 90
125 96
125 107
125 110
125 123
125 131
125 97
125 33
125 34
125 102
125 128
125 91
125 115
125 39
125 94
125 79
125 139
125 83
125 124
125 114
125 51
125 21
125 126
125 105
125 24
125 149
125 92
125 45
125 37
125 141
125 121
125 4
125 85
125 136
125 0
125 81
125 19
125 11
125 56
125 35
125 3
125 15
125 127
125 112
125 117
125 54
125 118
125 133
125 116
125 14
125 98
125 103
125 61
125 17
125 142
125 132
125 65
125 70
125 36
125 129
125 58
125 99
125 108
125 50
125 43
125 146
125 93
125 1
125 104
125 140
125 134
125 13
125 144
125 10
125 57
125 130
125 147
126 0
126 5
126 6
126 11
126 17
126 18
126 31
126 33
126 36
126 37
126 38
126 40
126 42
126 43
126 48
126 49
126 50
126 53
126 55
126 59
126 61
126 62
126 63
126 73
126 74
126 77
126 78
126 88
126 89
126 96
126 97
126 100
126 107
126 109
126 111
126 114
126 125
126 81
126 67
126 128
126 134
126 113
126 54
126 76
126 91
126 139
126 39
126 144
126 127
126 130
126 131
126 137
126 142
126 149
127 0
127 3
127 6
127 9
127 11
127 14
127 16
127 18
127 20
127 21
127 26
127 27
127 36
127 38
127 42
127 44
127 46
127 48
127 49
127 52
127 59
127 61
127 62
127 63
127 64
127 71
127 73
127 74
127 75
127 78
127 84
127 85
127 86
127 87
127 88
127 89
127 94
127 96
127 97
127 100
127 104
127 107
127 110
127 111
127 113
127 114
127 123
127 125
127 79
127 120
127 53
127 43
127 28
127 130
127 141
127 124
127 4
127 2
127 149
127 34
127 134
127 39
127 51
127 140
127 122
127 65
127 72
127 131
127 70
127 17
127 68
127 116
127 69
127 148
127 67
127 13
127 58
127 41
127 55
127 112
127 23
127 129
127 147
127 80
127 102
127 117
127 133
127 121
127 137
127 31
127 144
127 29
127 22
127 60
127 30
127 126
127 99
127 139
127 12
127 33
127 35
127 19
127 8
127 40
127 45
127 92
127 136
127 146
128 6
128 7
128 9
128 12
128 20
128 23
128 25
128 26
128 27
128 29
128 39
128 41
128 42
128 47
128 50
128 53
128 57
128 59
128 60
128 62
128 65
128 67
128 71
128 74
128 78
128 81
128 83
128 84
128 94
128 96
128 100
128 107
128 109
128 110
128 111
128 113
128 119
128 122
128 125
128 126
128 32
128 99
128 141
128 114
128 138
128 46
128 118
128 120
128 21
128 10
128 101
128 49
128 112
128 108
128 130
128 5
128 82
128 145
128 17
128 73
128 37
128 77
128 137
128 87
128 142
128 115
128 98
128 58
128 88
128 13
128 134
128 144
128 146
128 147
129 0
129 3
129 7
129 16
129 17
129 18
129 20
129 23
129 25
129 31
129 33
129 36
129 37
129 38
129 39
129 40
129 42
129 46
129 49
129 58
129 59
129 60
129 73
129 76
129 77
129 84
129 85
129 86
129 87
129 89
129 90
129 92
129 93
129 97
129 99
129 104
129 107
129 111
129 113
129 114
129 122
129 125
129 127
129 21
129 34
129 2
129 82
129 10
129 47
129 100
129 63
129 32
129 136
129 117
129 147
129 5
129 67
129 52
129 56
129 105
129 29
129 66
129 50
129 51
129 146
129 8
129 6
129 72
129 68
129 27
129 148
129 120
129 30
129 109
129 134
129 138
129 88
129 71
129 145
129 81
129 94
129 133
129 139
129 142
129 144
129 149
130 3
130 11
130 18
130 21
130 22
130 23
130 24
130 25
130 26
130 31
130 38
130 40
130 41
130 42
130 49
130 53
130 58
130 59
130 61
130 67
130 71
130 75
130 79
130 83
130 84
130 87
130 88
130 92
130 94
130 98
130 99
130 100
130 106
130 107
130 110
130 111
130 118
130 123
130 127
130 128
130 125
130 80
130 117
130 54
130 85
130 72
130 19
130 62
130 46
130 30
130 47
130 115
130 149
130 76
130 9
130 90
130 134
130 20
130 66
130 145
130 56
130 1
130 135
130 68
130 36
130 131
130 57
130 4
130 142
130 102
130 50
130 33
130 119
130 81
130 126
130 64
130 17
130 2
130 65
130 91
130 37
130 28
130 13
130 34
130 29
130 139
130 63
130 109
130 95
130 121
130 137
130 120
130 55
130 0
130 136
130 140
130 146
130 147
131 0
131 3
131 5
131 6
131 11
131 12
131 24
131 27
131 31
131 33
131 37
131 39
131 41
131 49
131 55
131 58
131 66
131 68
131 70
131 72
131 73
131 74
131 76
131 78
131 83
131 84
131 85
131 86
131 89
131 93
131 97
131 99
131 100
131 107
131 111
131 118
131 123
131 125
131 127
131 130
131 80
131 69
131 141
131 46
131 110
131 126
131 4
131 45
131 7
131 43
131 59
131 109
131 53
131 38
131 14
131 146
131 95
131 117
131 148
131 65
131 92
131 124
131 134
131 136
131 139
131 144
131 145
131 147
131 149
132 2
132 4
132 5
132 8
132 9
132 11
132 18
132 21
132 23
132 25
132 26
132 31
132 38
132 39
132 41
132 43
132 55
132 59
132 64
132 71
132 74
132 75
132 78
132 82
132 89
132 92
132 93
132 94
132 96
132 99
132 100
132 103
132 109
132 110
132 113
132 114
132 125
132 29
132 136
132 139
132 140
133 2
133 3
133 6
133 8
133 11
133 12
133 22
133 25
133 29
133 31
133 36
133 38
133 41
133 48
133 53
133 56
133 59
133 61
133 62
133 68
133 69
133 71
133 73
133 75
133 78
133 84
133 85
133 86
133 88
133 89
133 93
133 94
133 97
133 110
133 122
133 125
133 127
133 129
133 26
133 111
133 143
133 99
133 10
133 137
133 138
133 147
133 149
134 9
134 11
134 26
134 29
134 32
134 38
134 40
134 41
134 42
134 46
134 49
134 51
134 64
134 65
134 66
134 73
134 76
134 78
134 81
134 84
134 86
134 88
134 90
134 91
134 92
134 97
134 102
134 103
134 105
134 107
134 110
134 114
134 121
134 123
134 125
134 126
134 127
134 129
134 130
134 108
134 137
134 77
134 124
134 25
134 98
134 141
134 52
134 2
134 95
134 79
134 122
134 1
134 115
134 113
134 12
134 145
134 47
134 27
134 60
134 144
134 138
134 85
134 44
134 55
134 106
134 147
134 62
134 89
134 57
134 149
134 139
134 24
134 53
134 4
134 136
134 96
134 7
134 71
134 104
134 148
134 33
134 93
134 128
134 45
134 30
134 135
134 87
134 68
134 37
134 59
134 17
134 146
134 83
134 22
134 94
134 0
134 118
134 99
134 20
134 15
134 48
134 23
134 36
134 58
134 63
134 119
134 16
134 101
134 131
135 0
135 6
135 8
135 9
135 17
135 20
135 21
135 24
135 27
135 28
135 29
135 36
135 39
135 40
135 41
135 42
135 48
135 49
135 55
135 58
135 60
135 61
135 62
135 64
135 71
135 73
135 78
135 83
135 84
135 85
135 91
135 93
135 96
135 100
135 104
135 110
135 111
135 113
135 118
135 121
135 122
135 123
135 130
135 134
135 81
135 115
135 138
135 82
135 77
135 2
135 12
135 147
135 116
135 22
135 101
135 59
135 117
135 144
135 136
135 146
136 3
136 4
136 13
136 14
136 18
136 21
136 23
136 24
136 27
136 36
136 37
136 38
136 48
136 53
136 55
136 57
136 58
136 59
136 62
136 66
136 70
136 73
136 74
136 85
136 89
136 93
136 96
136 100
136 108
136 109
136 114
136 119
136 123
136 125
136 129
136 134
136 68
136 29
136 99
136 132
136 86
136 22
136 113
136 46
136 97
136 35
136 127
136 112
136 88
136 65
136 5
136 56
136 121
136 49
136 111
136 124
136 33
136 34
136 103
136 28
136 116
136 130
136 30
136 147
136 135
136 138
136 17
136 122
136 7
136 32
136 50
136 84
136 44
136 131
136 91
136 60
136 80
136 51
136 95
136 149
136 81
136 90
136 141
136 71
136 47
136 139
136 145
136 146
136 148
137 4
137 8
137 11
137 20
137 22
137 23
137 27
137 36
137 38
137 40
137 41
137 49
137 55
137 59
137 61
137 64
137 67
137 68
137 72
137 73
137 81
137 84
137 85
137 86
137 88
137 89
137 91
137 93
137 94
137 97
137 102
137 104
137 107
137 113
137 118
137 121
137 127
137 128
137 130
137 134
137 56
137 70
137 39
137 114
137 98
137 99
137 0
137 10
137 62
137 138
137 139
137 46
137 51
137 95
137 90
137 2
137 133
137 17
137 44
137 106
137 147
137 78
137 120
137 30
137 66
137 35
137 47
137 29
137 149
137 140
137 18
137 42
137 109
137 32
137 126
137 16
137 108
137 103
137 80
137 48
137 100
137 74
137 24
137 146
137 9
137 76
137 45
137 6
137 14
137 141
138 0
138 3
138 9
138 17
138 18
138 21
138 23
138 25
138 26
138 27
138 28
138 29
138 31
138 34
138 36
138 38
138 42
138 43
138 46
138 47
138 48
138 50
138 55
138 57
138 61
138 62
138 66
138 71
138 72
138 74
138 75
138 78
138 80
138 83
138 85
138 88
138 91
138 93
138 94
138 110
138 114
138 118
138 121
138 123
138 128
138 129
138 134
138 135
138 136
138 137
138 142
138 5
138 60
138 8
138 70
138 51
138 2
138 96
138 45
138 22
138 149
138 63
138 87
138 20
138 73
138 133
138 111
138 112
138 84
138 95
138 10
138 13
138 44
138 119
138 139
138 147
139 7
139 9
139 13
139 20
139 24
139 25
139 31
139 33
139 38
139 40
139 41
139 53
139 57
139 63
139 66
139 70
139 71
139 72
139 73
139 83
139 85
139 87
139 93
139 100
139 109
139 113
139 114
139 118
139 123
139 125
139 126
139 127
139 130
139 134
139 137
139 62
139 22
139 94
139 141
139 132
139 69
139 129
139 80
139 39
139 74
139 50
139 10
139 131
139 102
139 14
139 52
139 86
139 29
139 28
139 17
139 147
139 97
139 105
139 84
139 111
139 103
139 140
139 96
139 117
139 95
139 18
139 122
139 54
139 149
139 32
139 77
139 56
139 26
139 107
139 79
139 47
139 30
139 92
139 37
139 138
139 16
139 106
139 148
139 65
139 3
139 11
139 144
139 112
139 55
139 60
139 21
139 59
139 142
139 51
139 110
139 78
139 91
139 15
139 49
139 75
139 146
139 136
139 12
139 43
139 119
139 1
139 2
140 2
140 6
140 8
140 11
140 16
140 17
140 18
140 21
140 22
140 28
140 29
140 37
140 38
140 40
140 41
140 42
140 47
140 48
140 53
140 65
140 67
140 68
140 69
140 75
140 80
140 85
140 86
140 87
140 88
140 90
140 91
140 93
140 96
140 97
140 125
140 127
140 137
140 139
140 130
140 109
140 7
140 105
140 132
140 9
140 74
140 104
140 60
140 119
140 46
140 143
140 58
140 146
140 147
140 148
141 6
141 11
141 12
141 18
141 20
141 22
141 29
141 31
141 37
141 40
141 41
141 47
141 49
141 53
141 59
141 61
141 62
141 63
141 66
141 67
141 72
141 73
141 85
141 87
141 88
141 89
141 90
141 99
141 100
141 110
141 111
141 123
141 125
141 127
141 128
141 131
141 134
141 136
141 139
141 69
141 13
141 81
141 114
141 93
141 122
141 137
141 98
141 109
141 55
141 24
141 124
141 146
141 147
141 149
142 6
142 9
142 11
142 20
142 22
142 23
142 24
142 27
142 29
142 31
142 38
142 40
142 46
142 47
142 51
142 53
142 55
142 60
142 64
142 71
142 74
142 75
142 79
142 80
142 82
142 83
142 84
142 85
142 87
142 88
142 90
142 94
142 97
142 99
142 100
142 110
142 111
142 113
142 118
142 122
142 123
142 125
142 128
142 130
142 138
142 139
142 107
142 129
142 126
142 105
142 101
142 115
142 17
142 149
143 3
143 6
143 11
143 16
143 23
143 27
143 29
143 31
143 37
143 42
143 46
143 48
143 49
143 55
143 60
143 61
143 62
143 63
143 64
143 66
143 72
143 75
143 76
143 77
143 78
143 86
143 87
143 91
143 94
143 95
143 96
143 100
143 104
143 105
143 108
143 110
143 111
143 115
143 120
143 123
143 133
143 140
143 12
143 10
143 8
143 146
143 149
144 6
144 7
144 9
144 17
144 27
144 33
144 37
144 38
144 48
144 53
144 55
144 61
144 62
144 65
144 71
144 72
144 75
144 77
144 85
144 86
144 89
144 97
144 99
144 100
144 105
144 107
144 109
144 122
144 123
144 125
144 126
144 127
144 134
144 135
144 139
144 43
144 34
144 131
144 67
144 18
144 128
144 106
144 22
144 129
144 66
144 21
144 0
144 41
144 13
144 23
144 149
145 0
145 3
145 5
145 6
145 7
145 8
145 11
145 18
145 21
145 24
145 27
145 29
145 31
145 38
145 40
145 42
145 48
145 49
145 51
145 53
145 57
145 62
145 72
145 74
145 78
145 79
145 84
145 85
145 86
145 94
145 97
145 100
145 103
145 110
145 111
145 114
145 123
145 128
145 129
145 130
145 134
145 30
145 59
145 36
145 41
145 83
145 65
145 107
145 19
145 87
145 75
145 104
145 92
145 91
145 146
145 121
145 106
145 68
145 131
145 122
145 99
145 4
145 28
145 136
145 17
145 109
145 52
145 32
145 77
145 56
145 76
145 54
145 147
146 2
146 8
146 9
146 11
146 20
146 26
146 27
146 31
146 34
146 37
146 40
146 46
146 53
146 56
146 58
146 66
146 68
146 73
146 74
146 76
146 81
146 83
146 85
146 87
146 89
146 90
146 91
146 93
146 94
146 100
146 109
146 111
146 114
146 125
146 129
146 131
146 134
146 137
146 139
146 145
146 97
146 32
146 43
146 7
146 79
146 10
146 143
146 136
146 88
146 5
146 98
146 116
146 141
146 84
146 75
146 105
146 44
146 78
146 33
146 3
146 95
146 59
146 61
146 12
146 48
146 45
146 113
146 120
146 15
146 127
146 57
146 70
146 99
146 130
146 140
146 135
146 128
146 0
146 13
146 121
146 60
146 112
146 122
146 41
146 14
146 71
146 22
146 124
146 55
146 115
146 149
146 35
146 118
146 110
146 63
146 51
147 0
147 2
147 3
147 7
147 11
147 26
147 27
147 29
147 31
147 40
147 41
147 51
147 53
147 59
147 60
147 66
147 67
147 72
147 74
147 80
147 84
147 85
147 86
147 87
147 89
147 93
147 94
147 103
147 107
147 111
147 114
147 118
147 119
147 120
147 127
147 129
147 134
147 135
147 136
147 137
147 139
147 133
147 99
147 17
147 141
147 39
147 24
147 117
147 138
147 56
147 73
147 63
147 28
147 81
147 110
147 97
147 102
147 47
147 131
147 148
147 121
147 130
147 108
147 90
147 21
147 54
147 96
147 55
147 19
147 70
147 91
147 88
147 145
147 9
147 10
147 92
147 124
147 15
147 79
147 101
147 61
147 18
147 106
147 140
147 36
147 48
147 65
147 35
147 77
147 78
147 32
147 38
147 113
147 75
147 122
147 6
147 83
147 4
147 125
147 68
147 57
147 82
147 25
147 45
147 52
147 116
147 33
147 98
147 149
147 44
147 128
147 69
147 16
148 2
148 5
148 9
148 11
148 13
148 18
148 23
148 24
148 26
148 33
148 38
148 40
148 41
148 42
148 46
148 57
148 70
148 71
148 72
148 82
148 87
148 89
148 99
148 100
148 105
148 110
148 111
148 118
148 119
148 127
148 129
148 131
148 134
148 139
148 147
148 67
148 120
148 3
148 19
148 22
148 140
148 32
148 136
148 122
148 149
149 0
149 3
149 8
149 9
149 11
149 12
149 16
149 20
149 21
149 23
149 26
149 27
149 31
149 32
149 37
149 40
149 41
149 44
149 58
149 59
149 66
149 71
149 76
149 77
149 84
149 86
149 89
149 90
149 97
149 100
149 110
149 111
149 114
149 118
149 124
149 125
149 127
149 130
149 134
149 136
149 137
149 138
149 139
149 146
149 147
149 69
149 104
149 81
149 126
149 60
149 119
149 50
149 46
149 82
149 80
149 141
149 33
149 122
149 35
149 18
149 133
149 85
149 14
149 22
149 91
149 143
149 144
149 99
149 34
149 107
149 47
149 108
149 6
149 19
149 45
149 123
149 49
149 116
149 73
149 52
149 1
149 61
149 67
149 5
149 131
149 53
149 83
149 95
149 102
149 94
149 25
149 148
149 92
149 51
149 29
149 57
149 36
149 129
149 93
149 38
149 78
149 101
149 24
149 2
149 56
149 87
149 120
149 113
149 79
149 68
149 142
149 42
149 55
149 15
149 54
