50
0 35
0 6
0 34
0 11
0 41
0 9
0 29
0 47
0 36
0 30
0 20
0 17
0 24
0 48
0 19
0 22
0 14
0 3
0 4
0 5
0 7
0 8
0 13
0 26
0 31
0 33
0 38
0 40
0 43
0 44
0 49
1 45
1 34
1 24
1 48
1 4
1 5
1 8
1 14
1 19
1 20
1 30
1 33
1 35
1 39
1 41
1 42
1 43
1 44
1 46
1 47
2 32
2 15
2 3
2 6
2 11
2 20
2 21
2 22
2 26
2 27
2 29
2 34
2 36
2 41
2 48
3 21
3 4
3 38
3 41
3 17
3 36
3 2
3 18
3 10
3 15
3 46
3 11
3 5
3 49
3 0
3 13
3 22
3 26
3 31
3 43
3 44
3 45
3 24
3 8
3 9
3 19
3 29
3 32
3 34
3 37
3 48
4 3
4 18
4 0
4 12
4 36
4 45
4 10
4 1
4 19
4 30
4 15
4 46
4 21
4 8
4 20
4 6
4 7
4 22
4 23
4 24
4 25
4 27
4 28
4 29
4 32
4 33
4 38
4 40
4 41
4 47
4 48
5 3
5 1
5 42
5 30
5 23
5 19
5 46
5 0
5 15
5 35
5 6
5 7
5 8
5 12
5 18
5 22
5 24
5 29
5 33
5 34
5 40
5 41
5 43
5 44
5 48
6 0
6 47
6 37
6 34
6 10
6 7
6 42
6 24
6 2
6 15
6 26
6 44
6 29
6 40
6 11
6 14
6 33
6 21
6 27
6 4
6 20
6 45
6 48
6 5
6 38
6 16
6 18
6 19
6 22
6 25
6 32
6 36
6 39
6 41
7 6
7 5
7 48
7 22
7 41
7 18
7 15
7 40
7 4
7 0
7 31
7 11
7 19
7 24
7 25
7 28
7 29
7 30
7 33
7 35
7 36
7 38
7 47
8 4
8 16
8 30
8 35
8 1
8 9
8 29
8 5
8 18
8 47
8 46
8 3
8 20
8 33
8 0
8 19
8 24
8 22
8 41
8 11
8 12
8 25
8 28
8 31
8 40
8 42
8 48
9 0
9 8
9 27
9 46
9 14
9 24
9 36
9 32
9 3
9 47
9 44
9 11
9 12
9 15
9 20
9 21
9 26
9 28
9 33
9 35
9 41
9 43
9 48
9 49
10 3
10 4
10 6
10 40
10 43
10 20
10 46
10 42
10 28
10 33
10 14
10 16
10 23
10 24
10 25
10 30
10 41
10 44
10 48
11 0
11 3
11 6
11 9
11 21
11 49
11 2
11 40
11 35
11 24
11 34
11 16
11 45
11 19
11 30
11 32
11 33
11 36
11 44
11 39
11 8
11 7
11 27
11 12
11 38
11 23
11 17
11 15
11 18
11 25
11 26
11 41
11 43
11 47
11 48
12 4
12 11
12 20
12 22
12 21
12 9
12 33
12 43
12 36
12 39
12 8
12 5
12 26
12 48
12 40
12 34
12 25
12 16
12 24
12 29
12 30
12 13
12 18
12 19
12 28
12 32
12 41
12 47
13 3
13 0
13 12
13 27
13 18
13 22
13 23
13 24
13 26
13 31
13 36
13 38
13 41
13 42
13 43
13 47
13 48
14 0
14 6
14 9
14 30
14 29
14 47
14 21
14 43
14 32
14 46
14 1
14 24
14 18
14 10
14 16
14 19
14 22
14 25
14 26
14 28
14 37
14 38
14 41
15 2
15 3
15 4
15 5
15 6
15 7
15 22
15 37
15 44
15 36
15 38
15 40
15 19
15 23
15 47
15 9
15 49
15 20
15 11
15 16
15 18
15 27
15 31
15 33
15 41
15 42
15 43
15 48
16 8
16 11
16 12
16 29
16 10
16 6
16 41
16 25
16 14
16 20
16 31
16 28
16 49
16 15
16 22
16 27
16 36
16 40
16 44
16 46
16 47
17 0
17 3
17 11
17 37
17 24
17 25
17 29
17 31
17 32
17 36
17 38
17 41
17 43
17 44
17 46
17 47
17 48
18 3
18 4
18 7
18 8
18 14
18 6
18 37
18 15
18 13
18 24
18 30
18 38
18 36
18 28
18 29
18 47
18 20
18 12
18 11
18 32
18 39
18 31
18 27
18 33
18 19
18 5
18 22
18 35
18 40
18 41
18 43
18 44
18 48
18 49
19 0
19 4
19 5
19 8
19 11
19 15
19 18
19 37
19 7
19 25
19 14
19 42
19 3
19 6
19 1
19 45
19 31
19 12
19 43
19 30
19 26
19 24
19 33
19 41
19 40
19 22
19 46
19 47
20 0
20 4
20 6
20 8
20 10
20 12
20 15
20 16
20 18
20 39
20 32
20 25
20 46
20 26
20 24
20 40
20 42
20 43
20 48
20 1
20 9
20 41
20 2
20 23
20 28
20 33
20 34
20 47
21 3
21 4
21 6
21 11
21 12
21 14
21 43
21 9
21 34
21 33
21 31
21 27
21 2
21 22
21 28
21 32
21 35
21 36
21 38
21 40
21 45
21 47
21 48
21 49
22 0
22 3
22 7
22 8
22 12
22 15
22 18
22 29
22 6
22 27
22 13
22 49
22 14
22 30
22 5
22 19
22 23
22 41
22 2
22 16
22 4
22 43
22 21
22 47
22 45
22 32
22 24
22 31
22 33
22 35
22 37
22 38
22 39
22 40
22 42
22 44
22 46
22 48
23 5
23 11
23 15
23 20
23 22
23 27
23 13
23 30
23 4
23 36
23 10
23 24
23 25
23 26
23 28
23 29
23 31
23 32
23 33
23 34
23 37
23 40
23 41
23 43
23 46
23 47
23 48
24 0
24 1
24 3
24 6
24 8
24 9
24 11
24 12
24 14
24 18
24 19
24 20
24 39
24 43
24 31
24 7
24 48
24 29
24 34
24 4
24 47
24 30
24 22
24 25
24 27
24 35
24 44
24 17
24 49
24 28
24 5
24 33
24 13
24 23
24 10
24 26
24 36
24 40
25 12
25 16
25 19
25 20
25 24
25 41
25 47
25 17
25 10
25 38
25 31
25 14
25 8
25 39
25 23
25 27
25 7
25 4
25 36
25 11
25 49
25 6
25 26
25 28
25 29
25 33
25 34
25 44
25 45
25 48
26 3
26 6
26 12
26 19
26 20
26 24
26 2
26 37
26 30
26 9
26 23
26 13
26 38
26 14
26 11
26 25
26 33
26 41
26 43
26 44
26 29
26 0
26 42
26 49
26 40
26 31
26 28
26 45
26 27
26 39
27 6
27 9
27 11
27 13
27 18
27 21
27 22
27 23
27 24
27 25
27 26
27 48
27 34
27 49
27 39
27 38
27 28
27 4
27 16
27 42
27 2
27 33
27 15
27 31
27 29
27 36
27 41
27 46
27 47
28 10
28 16
28 18
28 24
28 26
28 27
28 41
28 9
28 7
28 8
28 39
28 36
28 44
28 38
28 4
28 25
28 45
28 43
28 20
28 21
28 23
28 47
28 31
28 48
28 12
28 14
28 30
28 35
28 29
28 33
28 49
29 0
29 6
29 8
29 12
29 14
29 16
29 18
29 22
29 24
29 26
29 42
29 46
29 5
29 7
29 25
29 28
29 4
29 37
29 23
29 2
29 36
29 27
29 3
29 49
29 45
29 41
29 31
29 43
29 33
29 44
29 17
29 34
29 48
30 0
30 4
30 5
30 8
30 11
30 12
30 14
30 18
30 19
30 22
30 23
30 24
30 26
30 28
30 45
30 7
30 41
30 42
30 1
30 35
30 10
30 46
30 48
30 31
30 43
30 44
31 3
31 7
31 16
31 18
31 19
31 21
31 24
31 25
31 26
31 27
31 28
31 29
31 49
31 30
31 34
31 15
31 22
31 33
31 43
31 23
31 0
31 8
31 39
31 45
31 41
31 32
31 42
31 17
31 13
31 38
31 35
31 44
31 47
31 48
32 2
32 9
32 11
32 14
32 18
32 20
32 22
32 31
32 23
32 21
32 4
32 41
32 39
32 47
32 17
32 45
32 49
32 34
32 6
32 43
32 3
32 33
32 12
32 36
32 40
32 46
33 6
33 8
33 10
33 11
33 12
33 18
33 19
33 21
33 24
33 26
33 27
33 29
33 31
33 32
33 4
33 23
33 41
33 7
33 37
33 1
33 5
33 47
33 45
33 15
33 43
33 38
33 20
33 0
33 22
33 28
33 42
33 9
33 39
33 25
33 48
33 40
33 35
33 36
33 44
33 46
34 0
34 1
34 6
34 11
34 12
34 21
34 24
34 27
34 29
34 31
34 32
34 48
34 5
34 38
34 37
34 45
34 41
34 3
34 25
34 36
34 23
34 2
34 20
34 39
34 42
34 44
34 47
34 49
35 0
35 5
35 8
35 11
35 24
35 28
35 30
35 7
35 21
35 9
35 33
35 38
35 31
35 1
35 22
35 18
35 43
35 44
35 36
35 40
35 48
36 0
36 3
36 4
36 9
36 11
36 12
36 15
36 18
36 23
36 25
36 28
36 29
36 32
36 34
36 7
36 44
36 48
36 17
36 39
36 47
36 35
36 27
36 38
36 21
36 43
36 42
36 13
36 2
36 33
36 41
36 6
36 16
36 24
36 37
36 46
37 6
37 15
37 17
37 18
37 19
37 26
37 29
37 33
37 34
37 23
37 36
37 3
37 14
37 22
37 39
37 41
37 48
38 3
38 6
38 11
38 15
38 18
38 25
38 26
38 27
38 28
38 31
38 33
38 34
38 35
38 36
38 40
38 41
38 21
38 13
38 49
38 7
38 4
38 44
38 0
38 48
38 43
38 17
38 22
38 14
38 47
39 11
39 12
39 18
39 20
39 24
39 25
39 27
39 28
39 31
39 32
39 33
39 36
39 22
39 34
39 26
39 37
39 6
39 48
39 1
39 41
39 43
39 44
39 47
40 6
40 7
40 10
40 11
40 12
40 15
40 19
40 20
40 26
40 32
40 33
40 38
40 0
40 49
40 8
40 44
40 22
40 24
40 5
40 23
40 18
40 16
40 35
40 48
40 41
40 42
40 21
40 4
40 45
40 47
41 0
41 3
41 7
41 8
41 16
41 19
41 20
41 22
41 25
41 26
41 28
41 29
41 30
41 31
41 32
41 33
41 34
41 36
41 38
41 40
41 11
41 18
41 5
41 46
41 17
41 13
41 37
41 39
41 10
41 6
41 23
41 4
41 14
41 27
41 49
41 47
41 15
41 12
41 45
41 2
41 9
41 43
41 1
41 48
42 5
42 6
42 10
42 19
42 20
42 26
42 27
42 29
42 30
42 31
42 33
42 36
42 40
42 34
42 1
42 13
42 8
42 22
42 15
42 43
42 45
42 48
43 3
43 10
43 12
43 14
43 19
43 20
43 21
43 22
43 24
43 26
43 28
43 29
43 31
43 32
43 33
43 35
43 36
43 38
43 41
43 0
43 5
43 1
43 11
43 39
43 9
43 13
43 30
43 17
43 15
43 48
43 23
43 18
43 49
43 42
43 45
43 46
43 47
44 3
44 6
44 9
44 11
44 15
44 24
44 26
44 28
44 29
44 35
44 36
44 38
44 40
44 1
44 48
44 34
44 16
44 25
44 31
44 39
44 5
44 18
44 22
44 10
44 33
44 0
44 47
44 17
44 30
44 46
45 1
45 3
45 4
45 6
45 11
45 19
45 22
45 26
45 28
45 29
45 30
45 31
45 32
45 33
45 34
45 40
45 41
45 42
45 21
45 43
45 25
45 46
45 49
46 3
46 4
46 5
46 8
46 9
46 10
46 14
46 20
46 29
46 30
46 41
46 32
46 45
46 23
46 17
46 1
46 22
46 27
46 16
46 33
46 36
46 43
46 19
46 44
46 47
46 48
47 0
47 6
47 8
47 9
47 14
47 15
47 18
47 22
47 24
47 25
47 28
47 32
47 33
47 36
47 41
47 44
47 46
47 4
47 49
47 43
47 12
47 19
47 38
47 40
47 27
47 16
47 23
47 20
47 34
47 21
47 13
47 39
47 1
47 17
47 31
47 48
47 11
47 7
48 0
48 1
48 6
48 7
48 12
48 20
48 24
48 27
48 28
48 30
48 33
48 34
48 36
48 38
48 39
48 40
48 43
48 44
48 47
48 9
48 41
48 13
48 21
48 4
48 29
48 18
48 31
48 49
48 46
48 8
48 5
48 2
48 35
48 37
48 10
48 23
48 42
48 3
48 11
48 15
48 17
48 22
48 25
49 3
49 11
49 15
49 16
49 22
49 24
49 25
49 26
49 27
49 29
49 31
49 32
49 38
49 40
49 41
49 43
49 47
49 48
49 21
49 28
49 34
49 45
49 0
49 18
49 9
