150
0 77
0 107
0 63
0 104
0 134
0 84
0 57
0 99
0 2
0 5
0 7
0 13
0 15
0 16
0 18
0 26
0 29
0 30
0 31
0 36
0 40
0 45
0 59
0 60
0 61
0 71
0 73
0 76
0 78
0 81
0 86
0 87
0 90
0 91
0 101
0 114
0 115
0 120
0 125
0 128
0 129
0 131
0 135
0 136
0 139
0 140
0 141
0 142
0 143
0 144
0 145
0 147
1 126
1 127
1 17
1 57
1 130
1 5
1 60
1 2
1 23
1 50
1 16
1 46
1 96
1 86
1 40
1 38
1 69
1 139
1 87
1 15
1 121
1 97
1 32
1 65
1 34
1 7
1 35
1 52
1 119
1 76
1 111
1 131
1 88
1 107
1 123
1 62
1 36
1 37
1 132
1 56
1 140
1 51
1 66
1 73
1 18
1 21
1 27
1 43
1 45
1 49
1 55
1 58
1 63
1 80
1 82
1 84
1 93
1 94
1 100
1 101
1 113
1 129
1 133
1 135
1 143
1 149
2 1
2 56
2 95
2 26
2 40
2 5
2 133
2 22
2 139
2 144
2 143
2 11
2 82
2 102
2 119
2 93
2 8
2 36
2 113
2 81
2 68
2 17
2 112
2 129
2 90
2 37
2 89
2 138
2 149
2 78
2 142
2 145
2 33
2 54
2 147
2 69
2 29
2 108
2 114
2 140
2 34
2 14
2 83
2 43
2 42
2 25
2 63
2 65
2 96
2 0
2 106
2 124
2 107
2 19
2 45
2 21
2 18
2 130
2 127
2 66
2 125
2 120
2 39
2 92
2 41
2 61
2 98
2 80
2 51
2 79
2 67
2 134
2 53
2 72
2 3
2 6
2 7
2 9
2 13
2 15
2 16
2 23
2 28
2 30
2 44
2 46
2 52
2 58
2 59
2 60
2 62
2 64
2 73
2 84
2 87
2 88
2 91
2 100
2 101
2 111
2 116
2 117
2 118
2 122
2 135
2 136
3 49
3 58
3 78
3 60
3 12
3 52
3 99
3 9
3 134
3 101
3 68
3 5
3 46
3 75
3 114
3 131
3 65
3 141
3 147
3 74
3 53
3 72
3 50
3 137
3 11
3 127
3 17
3 139
3 82
3 92
3 18
3 146
3 41
3 40
3 100
3 80
3 79
3 7
3 34
3 51
3 105
3 67
3 59
3 62
3 30
3 86
3 39
3 69
3 93
3 106
3 144
3 143
3 73
3 6
3 95
3 112
3 90
3 107
3 13
3 109
3 36
3 145
3 32
3 2
3 70
3 110
3 149
3 27
3 71
3 48
3 118
3 116
3 24
3 15
3 16
3 19
3 21
3 22
3 23
3 35
3 37
3 38
3 44
3 54
3 63
3 81
3 84
3 87
3 88
3 89
3 91
3 96
3 98
3 102
3 103
3 108
3 120
3 122
3 128
3 129
3 132
3 140
4 145
4 47
4 93
4 63
4 92
4 29
4 13
4 58
4 23
4 88
4 38
4 66
4 22
4 71
4 132
4 6
4 7
4 9
4 15
4 18
4 20
4 21
4 30
4 41
4 43
4 45
4 52
4 60
4 62
4 65
4 67
4 70
4 76
4 77
4 80
4 81
4 84
4 91
4 98
4 100
4 101
4 103
4 105
4 106
4 107
4 113
4 114
4 116
4 120
4 122
4 128
4 131
4 137
4 141
5 1
5 2
5 3
5 60
5 109
5 11
5 0
5 111
5 33
5 83
5 20
5 9
5 13
5 15
5 23
5 25
5 26
5 28
5 30
5 42
5 44
5 49
5 51
5 52
5 58
5 62
5 65
5 67
5 69
5 71
5 72
5 75
5 79
5 82
5 84
5 91
5 96
5 97
5 98
5 101
5 104
5 105
5 112
5 113
5 114
5 120
5 128
5 131
5 132
5 133
5 134
5 135
5 140
5 144
5 145
6 3
6 141
6 122
6 21
6 118
6 62
6 51
6 65
6 35
6 27
6 147
6 56
6 145
6 111
6 15
6 4
6 106
6 33
6 42
6 109
6 49
6 119
6 53
6 128
6 85
6 2
6 90
6 48
6 9
6 18
6 23
6 29
6 30
6 40
6 41
6 43
6 44
6 52
6 54
6 58
6 59
6 61
6 63
6 66
6 68
6 69
6 74
6 78
6 79
6 86
6 89
6 91
6 96
6 98
6 101
6 103
6 112
6 113
6 114
6 120
6 129
6 131
6 134
6 135
6 136
6 139
6 143
7 1
7 3
7 10
7 24
7 123
7 37
7 49
7 66
7 108
7 64
7 124
7 47
7 92
7 53
7 143
7 55
7 31
7 46
7 71
7 140
7 145
7 27
7 93
7 60
7 38
7 69
7 22
7 0
7 114
7 2
7 87
7 94
7 146
7 8
7 17
7 102
7 125
7 100
7 57
7 29
7 107
7 112
7 20
7 32
7 122
7 16
7 101
7 97
7 142
7 26
7 147
7 148
7 118
7 4
7 70
7 13
7 99
7 88
7 9
7 11
7 15
7 23
7 25
7 35
7 40
7 42
7 43
7 44
7 50
7 52
7 59
7 61
7 62
7 63
7 73
7 74
7 75
7 86
7 89
7 91
7 96
7 104
7 105
7 110
7 120
7 121
7 126
7 128
7 130
7 132
7 133
7 134
7 135
7 136
7 139
8 2
8 7
8 127
8 81
8 58
8 114
8 119
8 75
8 49
8 60
8 111
8 64
8 138
8 133
8 57
8 104
8 92
8 70
8 40
8 46
8 91
8 23
8 56
8 13
8 15
8 17
8 18
8 21
8 25
8 29
8 30
8 35
8 36
8 38
8 41
8 42
8 52
8 54
8 59
8 67
8 68
8 72
8 73
8 76
8 78
8 80
8 82
8 84
8 85
8 87
8 90
8 101
8 103
8 105
8 107
8 113
8 115
8 116
8 120
8 122
8 128
8 129
8 130
8 134
8 135
8 136
8 141
8 143
8 149
9 3
9 11
9 5
9 58
9 114
9 104
9 103
9 106
9 16
9 143
9 53
9 126
9 6
9 77
9 57
9 28
9 111
9 134
9 18
9 112
9 142
9 27
9 146
9 66
9 45
9 147
9 99
9 90
9 82
9 94
9 52
9 79
9 50
9 63
9 70
9 41
9 129
9 97
9 40
9 80
9 13
9 107
9 7
9 23
9 71
9 62
9 105
9 132
9 116
9 19
9 2
9 47
9 141
9 48
9 130
9 67
9 131
9 139
9 4
9 43
9 36
9 17
9 26
9 29
9 38
9 61
9 72
9 73
9 75
9 78
9 84
9 85
9 88
9 95
9 100
9 101
9 109
9 110
9 113
9 127
9 135
9 136
9 140
9 145
10 7
10 138
10 90
10 34
10 129
10 63
10 113
10 11
10 14
10 17
10 21
10 23
10 25
10 35
10 38
10 40
10 41
10 44
10 46
10 47
10 49
10 52
10 55
10 58
10 60
10 62
10 67
10 69
10 70
10 73
10 75
10 79
10 81
10 84
10 86
10 87
10 88
10 97
10 99
10 100
10 101
10 104
10 105
10 107
10 110
10 120
10 131
10 133
10 135
10 136
10 139
10 141
10 142
10 145
10 146
10 149
11 2
11 3
11 5
11 9
11 10
11 32
11 45
11 35
11 132
11 39
11 77
11 27
11 137
11 25
11 42
11 50
11 22
11 96
11 138
11 53
11 105
11 52
11 44
11 69
11 18
11 64
11 47
11 131
11 121
11 91
11 49
11 113
11 99
11 86
11 12
11 133
11 63
11 103
11 97
11 89
11 84
11 31
11 94
11 82
11 54
11 51
11 26
11 79
11 21
11 28
11 74
11 108
11 125
11 98
11 83
11 117
11 144
11 72
11 7
11 29
11 143
11 56
11 120
11 65
11 33
11 80
11 126
11 70
11 46
11 59
11 123
11 147
11 13
11 19
11 41
11 43
11 58
11 62
11 67
11 78
11 81
11 87
11 90
11 100
11 104
11 109
11 122
11 128
11 129
11 130
11 139
11 142
12 3
12 11
12 60
12 84
12 83
12 76
12 80
12 23
12 65
12 14
12 33
12 55
12 44
12 138
12 103
12 124
12 88
12 86
12 13
12 16
12 17
12 21
12 28
12 29
12 30
12 31
12 35
12 43
12 45
12 50
12 51
12 52
12 67
12 71
12 75
12 79
12 81
12 82
12 87
12 94
12 100
12 102
12 104
12 108
12 112
12 114
12 120
12 128
12 129
12 130
12 133
12 134
12 136
12 142
13 3
13 4
13 7
13 9
13 149
13 135
13 46
13 40
13 45
13 95
13 127
13 12
13 114
13 2
13 132
13 85
13 48
13 5
13 146
13 94
13 22
13 145
13 44
13 126
13 118
13 99
13 35
13 11
13 71
13 83
13 30
13 82
13 19
13 98
13 42
13 119
13 51
13 55
13 26
13 88
13 141
13 106
13 84
13 115
13 130
13 86
13 144
13 77
13 81
13 43
13 69
13 117
13 59
13 57
13 47
13 53
13 140
13 147
13 90
13 110
13 105
13 133
13 75
13 8
13 27
13 50
13 97
13 131
13 143
13 56
13 128
13 58
13 24
13 0
13 39
13 16
13 52
13 15
13 17
13 20
13 21
13 25
13 37
13 54
13 61
13 63
13 64
13 65
13 66
13 73
13 74
13 76
13 80
13 91
13 96
13 103
13 111
13 120
13 122
13 129
13 134
13 139
14 2
14 12
14 81
14 103
14 24
14 41
14 138
14 106
14 119
14 19
14 145
14 127
14 48
14 10
14 15
14 16
14 17
14 18
14 21
14 25
14 26
14 27
14 30
14 33
14 35
14 37
14 40
14 44
14 54
14 58
14 61
14 62
14 63
14 67
14 72
14 75
14 76
14 77
14 78
14 79
14 82
14 88
14 89
14 91
14 96
14 100
14 101
14 105
14 110
14 116
14 118
14 120
14 128
14 130
14 131
14 134
14 135
14 136
14 139
14 140
14 141
14 143
14 144
15 1
15 6
15 141
15 107
15 13
15 3
15 102
15 55
15 19
15 81
15 116
15 97
15 91
15 50
15 59
15 118
15 7
15 52
15 80
15 5
15 67
15 8
15 132
15 37
15 14
15 125
15 73
15 4
15 105
15 149
15 98
15 99
15 90
15 142
15 2
15 137
15 130
15 27
15 111
15 139
15 146
15 58
15 51
15 95
15 30
15 76
15 31
15 24
15 48
15 41
15 145
15 138
15 78
15 69
15 135
15 35
15 84
15 22
15 94
15 83
15 54
15 62
15 134
15 38
15 136
15 71
15 108
15 128
15 34
15 33
15 44
15 131
15 147
15 0
15 21
15 23
15 26
15 28
15 43
15 47
15 53
15 56
15 70
15 75
15 82
15 100
15 103
15 122
15 129
15 143
16 1
16 7
16 9
16 13
16 81
16 108
16 64
16 17
16 59
16 133
16 71
16 132
16 136
16 93
16 111
16 63
16 35
16 139
16 30
16 2
16 23
16 115
16 72
16 46
16 96
16 144
16 38
16 83
16 109
16 3
16 122
16 22
16 145
16 84
16 43
16 101
16 45
16 44
16 129
16 70
16 103
16 12
16 14
16 54
16 0
16 62
16 89
16 25
16 146
16 137
16 19
16 34
16 51
16 52
16 69
16 73
16 75
16 79
16 86
16 88
16 98
16 100
16 104
16 105
16 113
16 114
16 128
16 131
16 134
16 135
16 140
16 149
17 1
17 2
17 3
17 7
17 16
17 143
17 111
17 37
17 62
17 74
17 116
17 119
17 68
17 53
17 51
17 81
17 64
17 127
17 92
17 91
17 65
17 44
17 99
17 18
17 32
17 79
17 84
17 146
17 115
17 83
17 71
17 29
17 22
17 23
17 75
17 56
17 14
17 106
17 9
17 8
17 30
17 63
17 25
17 28
17 59
17 109
17 80
17 73
17 12
17 20
17 58
17 87
17 52
17 114
17 134
17 55
17 132
17 82
17 108
17 103
17 147
17 24
17 117
17 10
17 45
17 144
17 19
17 104
17 13
17 36
17 100
17 35
17 49
17 50
17 54
17 76
17 93
17 96
17 98
17 105
17 110
17 120
17 122
17 128
17 130
17 131
17 135
17 140
17 141
17 145
18 2
18 3
18 9
18 11
18 17
18 59
18 40
18 84
18 112
18 57
18 58
18 39
18 89
18 55
18 56
18 116
18 83
18 122
18 128
18 41
18 61
18 42
18 24
18 110
18 51
18 23
18 96
18 137
18 54
18 45
18 81
18 4
18 123
18 14
18 74
18 22
18 98
18 75
18 0
18 78
18 140
18 118
18 132
18 105
18 127
18 134
18 28
18 138
18 6
18 29
18 144
18 66
18 106
18 131
18 8
18 30
18 142
18 139
18 47
18 1
18 95
18 107
18 25
18 33
18 21
18 34
18 35
18 49
18 63
18 64
18 65
18 70
18 76
18 79
18 80
18 82
18 88
18 91
18 97
18 101
18 109
18 113
18 114
18 115
18 120
18 130
18 133
18 135
18 141
18 143
18 148
19 2
19 9
19 13
19 14
19 15
19 17
19 95
19 74
19 16
19 135
19 98
19 111
19 90
19 107
19 3
19 11
19 25
19 30
19 33
19 34
19 35
19 43
19 50
19 54
19 57
19 59
19 61
19 62
19 63
19 65
19 71
19 72
19 82
19 84
19 93
19 96
19 100
19 101
19 103
19 104
19 109
19 113
19 129
19 131
19 136
19 139
19 141
19 145
20 5
20 7
20 17
20 25
20 123
20 27
20 77
20 128
20 122
20 21
20 76
20 143
20 82
20 28
20 56
20 75
20 35
20 4
20 116
20 40
20 139
20 50
20 38
20 98
20 147
20 100
20 43
20 39
20 144
20 133
20 103
20 89
20 85
20 134
20 117
20 46
20 66
20 138
20 81
20 111
20 90
20 58
20 131
20 62
20 57
20 24
20 22
20 113
20 112
20 124
20 13
20 72
20 34
20 42
20 95
20 63
20 146
20 53
20 97
20 132
20 126
20 30
20 31
20 33
20 37
20 41
20 44
20 45
20 49
20 51
20 52
20 61
20 67
20 68
20 69
20 73
20 79
20 80
20 84
20 86
20 87
20 88
20 96
20 105
20 109
20 110
20 129
20 135
20 136
20 142
20 145
21 2
21 6
21 11
21 20
21 108
21 37
21 136
21 76
21 8
21 120
21 123
21 106
21 42
21 15
21 117
21 148
21 49
21 72
21 91
21 1
21 113
21 147
21 32
21 149
21 70
21 142
21 119
21 79
21 92
21 81
21 4
21 56
21 47
21 25
21 146
21 54
21 3
21 36
21 132
21 99
21 100
21 68
21 85
21 74
21 58
21 18
21 80
21 75
21 31
21 55
21 137
21 126
21 83
21 50
21 112
21 88
21 61
21 14
21 143
21 13
21 110
21 41
21 71
21 66
21 125
21 12
21 10
21 52
21 67
21 44
21 63
21 105
21 51
21 107
21 26
21 109
21 35
21 45
21 48
21 53
21 59
21 60
21 62
21 73
21 77
21 82
21 84
21 87
21 89
21 94
21 97
21 103
21 114
21 128
21 129
21 130
21 131
21 133
21 134
21 135
21 139
21 145
22 2
22 4
22 7
22 11
22 13
22 15
22 16
22 17
22 18
22 20
22 25
22 3
22 26
22 29
22 30
22 35
22 43
22 45
22 50
22 52
22 60
22 61
22 63
22 66
22 76
22 80
22 84
22 88
22 93
22 97
22 101
22 103
22 105
22 109
22 111
22 120
22 122
22 129
22 131
22 133
22 134
22 135
22 139
22 141
22 145
22 146
23 1
23 4
23 8
23 9
23 12
23 16
23 17
23 18
23 79
23 64
23 48
23 44
23 146
23 137
23 6
23 67
23 68
23 2
23 81
23 55
23 147
23 72
23 115
23 91
23 143
23 85
23 47
23 123
23 7
23 103
23 3
23 128
23 5
23 117
23 10
23 63
23 65
23 15
23 43
23 37
23 29
23 30
23 38
23 49
23 52
23 57
23 59
23 60
23 66
23 69
23 74
23 77
23 80
23 86
23 88
23 93
23 94
23 96
23 98
23 101
23 107
23 110
23 113
23 114
23 120
23 129
23 131
23 135
23 139
23 141
23 145
24 3
24 7
24 13
24 14
24 15
24 17
24 18
24 20
24 35
24 118
24 28
24 30
24 33
24 36
24 43
24 44
24 47
24 49
24 51
24 52
24 58
24 59
24 62
24 65
24 73
24 75
24 91
24 93
24 96
24 99
24 100
24 101
24 107
24 109
24 114
24 122
24 127
24 129
24 130
24 131
24 132
24 135
24 136
24 139
24 143
24 145
25 2
25 11
25 16
25 17
25 18
25 20
25 21
25 22
25 134
25 61
25 131
25 19
25 92
25 101
25 138
25 85
25 13
25 94
25 58
25 144
25 10
25 82
25 141
25 53
25 90
25 49
25 63
25 44
25 62
25 122
25 91
25 48
25 5
25 31
25 126
25 105
25 59
25 84
25 35
25 50
25 55
25 41
25 112
25 135
25 148
25 8
25 108
25 109
25 103
25 32
25 100
25 96
25 51
25 60
25 14
25 127
25 7
25 97
25 89
25 110
25 116
25 68
25 130
25 33
25 99
25 30
25 123
25 29
25 34
25 37
25 40
25 42
25 70
25 73
25 74
25 75
25 79
25 83
25 87
25 98
25 111
25 114
25 120
25 129
25 139
25 143
25 145
26 2
26 7
26 11
26 13
26 21
26 80
26 45
26 132
26 74
26 31
26 14
26 0
26 66
26 124
26 145
26 15
26 135
26 22
26 76
26 87
26 65
26 142
26 38
26 131
26 102
26 57
26 36
26 95
26 129
26 75
26 108
26 85
26 5
26 126
26 37
26 56
26 39
26 73
26 52
26 86
26 109
26 9
26 120
26 116
26 90
26 40
26 41
26 42
26 47
26 49
26 53
26 59
26 60
26 61
26 63
26 64
26 67
26 77
26 79
26 81
26 96
26 98
26 105
26 115
26 122
26 133
26 134
26 136
26 139
26 141
26 143
27 3
27 6
27 7
27 9
27 11
27 13
27 15
27 20
27 120
27 57
27 121
27 116
27 56
27 138
27 95
27 78
27 75
27 47
27 126
27 60
27 46
27 55
27 51
27 102
27 135
27 41
27 93
27 67
27 70
27 81
27 147
27 136
27 97
27 65
27 52
27 14
27 54
27 29
27 113
27 72
27 101
27 28
27 98
27 92
27 50
27 34
27 146
27 112
27 85
27 87
27 1
27 48
27 137
27 68
27 129
27 62
27 133
27 117
27 44
27 53
27 115
27 149
27 118
27 37
27 40
27 42
27 43
27 58
27 63
27 73
27 74
27 79
27 80
27 83
27 91
27 94
27 99
27 100
27 104
27 122
27 128
27 131
27 134
27 139
27 140
27 142
28 9
28 11
28 17
28 18
28 20
28 27
28 33
28 37
28 56
28 143
28 2
28 54
28 64
28 140
28 15
28 101
28 58
28 5
28 145
28 44
28 83
28 96
28 53
28 130
28 71
28 126
28 24
28 78
28 40
28 62
28 38
28 79
28 41
28 55
28 89
28 92
28 105
28 149
28 43
28 121
28 119
28 12
28 30
28 35
28 52
28 59
28 60
28 61
28 70
28 72
28 73
28 76
28 84
28 98
28 103
28 104
28 110
28 111
28 113
28 114
28 120
28 128
28 134
28 141
29 2
29 4
29 7
29 11
29 17
29 18
29 27
29 144
29 135
29 34
29 92
29 89
29 30
29 9
29 63
29 116
29 128
29 56
29 120
29 76
29 139
29 45
29 49
29 39
29 129
29 85
29 137
29 68
29 146
29 86
29 54
29 50
29 84
29 33
29 134
29 122
29 72
29 148
29 12
29 103
29 125
29 23
29 62
29 0
29 40
29 8
29 69
29 96
29 41
29 32
29 78
29 104
29 22
29 57
29 105
29 98
29 114
29 95
29 81
29 113
29 143
29 67
29 102
29 66
29 87
29 73
29 25
29 90
29 126
29 71
29 124
29 115
29 149
29 64
29 6
29 31
29 119
29 65
29 36
29 37
29 38
29 43
29 44
29 58
29 61
29 75
29 77
29 82
29 83
29 91
29 93
29 97
29 100
29 107
29 110
29 111
29 132
29 136
29 141
29 145
30 3
30 13
30 15
30 16
30 17
30 18
30 25
30 29
30 32
30 0
30 98
30 12
30 44
30 42
30 94
30 74
30 147
30 2
30 69
30 126
30 64
30 4
30 79
30 136
30 19
30 83
30 49
30 28
30 46
30 114
30 22
30 14
30 128
30 65
30 95
30 81
30 121
30 141
30 87
30 110
30 50
30 93
30 33
30 77
30 75
30 148
30 20
30 51
30 127
30 111
30 6
30 31
30 55
30 71
30 41
30 88
30 92
30 40
30 91
30 59
30 24
30 108
30 143
30 23
30 67
30 39
30 80
30 100
30 99
30 5
30 8
30 72
30 43
30 57
30 58
30 61
30 62
30 73
30 85
30 89
30 96
30 101
30 103
30 105
30 120
30 129
30 134
30 139
31 7
31 11
31 15
31 21
31 25
31 26
31 29
31 30
31 116
31 12
31 93
31 33
31 20
31 62
31 0
31 91
31 135
31 145
31 92
31 115
31 84
31 80
31 66
31 121
31 65
31 81
31 148
31 96
31 82
31 74
31 67
31 35
31 37
31 40
31 44
31 51
31 52
31 53
31 60
31 63
31 69
31 70
31 72
31 78
31 79
31 98
31 103
31 104
31 105
31 113
31 114
31 127
31 128
31 134
31 136
31 139
31 141
31 142
31 143
32 1
32 3
32 7
32 11
32 17
32 21
32 25
32 29
32 30
32 99
32 126
32 117
32 125
32 78
32 149
32 46
32 43
32 121
32 77
32 33
32 35
32 37
32 40
32 41
32 45
32 49
32 52
32 54
32 55
32 60
32 61
32 62
32 64
32 71
32 74
32 75
32 79
32 81
32 82
32 83
32 84
32 87
32 90
32 91
32 94
32 96
32 98
32 101
32 103
32 109
32 114
32 122
32 129
32 133
32 134
32 137
32 139
32 142
32 143
32 144
33 2
33 5
33 6
33 11
33 12
33 15
33 18
33 25
33 28
33 29
33 30
33 31
33 147
33 54
33 36
33 99
33 39
33 148
33 118
33 135
33 19
33 105
33 94
33 116
33 113
33 93
33 119
33 91
33 59
33 32
33 125
33 106
33 20
33 108
33 48
33 104
33 70
33 98
33 121
33 82
33 101
33 79
33 66
33 120
33 24
33 139
33 107
33 126
33 14
33 129
33 63
33 62
33 40
33 43
33 44
33 49
33 51
33 53
33 58
33 67
33 68
33 78
33 80
33 83
33 84
33 87
33 90
33 96
33 100
33 109
33 114
33 122
33 128
33 131
33 132
33 134
33 136
33 141
33 142
33 143
34 1
34 2
34 3
34 10
34 15
34 20
34 27
34 29
34 135
34 124
34 116
34 111
34 40
34 105
34 70
34 95
34 18
34 50
34 109
34 148
34 71
34 43
34 65
34 145
34 69
34 66
34 64
34 101
34 25
34 139
34 77
34 98
34 118
34 19
34 84
34 41
34 54
34 16
34 131
34 35
34 42
34 44
34 52
34 53
34 59
34 60
34 62
34 63
34 67
34 73
34 74
34 78
34 79
34 80
34 82
34 83
34 86
34 87
34 91
34 94
34 96
34 97
34 103
34 120
34 123
34 126
34 129
34 132
34 134
34 136
34 143
35 1
35 6
35 11
35 13
35 15
35 16
35 20
35 24
35 25
35 67
35 17
35 12
35 62
35 72
35 124
35 104
35 31
35 21
35 87
35 140
35 7
35 22
35 46
35 66
35 128
35 18
35 71
35 96
35 10
35 118
35 110
35 77
35 143
35 28
35 36
35 8
35 19
35 37
35 93
35 121
35 57
35 102
35 129
35 81
35 47
35 92
35 3
35 34
35 149
35 61
35 133
35 101
35 54
35 98
35 111
35 115
35 135
35 131
35 105
35 70
35 119
35 69
35 32
35 138
35 14
35 48
35 136
35 68
35 52
35 64
35 63
35 53
35 85
35 38
35 41
35 42
35 43
35 45
35 49
35 58
35 74
35 75
35 80
35 84
35 94
35 99
35 103
35 113
35 114
35 120
35 132
35 137
35 139
35 141
35 148
36 1
36 2
36 3
36 9
36 17
36 21
36 26
36 33
36 35
36 142
36 65
36 78
36 134
36 147
36 119
36 120
36 101
36 149
36 42
36 45
36 61
36 0
36 24
36 29
36 52
36 117
36 8
36 80
36 126
36 51
36 60
36 131
36 97
36 38
36 44
36 49
36 62
36 67
36 70
36 72
36 75
36 79
36 82
36 84
36 89
36 91
36 93
36 94
36 96
36 99
36 102
36 103
36 104
36 105
36 114
36 116
36 130
36 136
36 138
36 140
36 141
36 143
36 144
36 145
37 1
37 2
37 7
37 15
37 17
37 21
37 23
37 26
37 28
37 35
37 139
37 71
37 39
37 42
37 20
37 141
37 131
37 143
37 97
37 14
37 29
37 58
37 45
37 32
37 90
37 72
37 98
37 86
37 142
37 138
37 88
37 116
37 64
37 120
37 53
37 75
37 111
37 106
37 128
37 84
37 82
37 124
37 27
37 43
37 102
37 101
37 108
37 146
37 80
37 25
37 81
37 3
37 60
37 13
37 31
37 41
37 49
37 50
37 51
37 52
37 54
37 59
37 67
37 73
37 74
37 77
37 87
37 91
37 93
37 96
37 100
37 103
37 104
37 114
37 117
37 122
37 129
37 132
37 134
37 135
37 136
37 140
37 148
38 1
38 4
38 7
38 15
38 16
38 20
38 26
38 28
38 77
38 147
38 126
38 83
38 9
38 148
38 97
38 10
38 36
38 29
38 85
38 23
38 49
38 8
38 111
38 131
38 41
38 130
38 101
38 136
38 64
38 121
38 78
38 62
38 73
38 84
38 54
38 35
38 129
38 3
38 40
38 51
38 52
38 58
38 59
38 60
38 61
38 67
38 69
38 74
38 80
38 81
38 89
38 90
38 91
38 98
38 99
38 100
38 103
38 107
38 110
38 114
38 120
38 122
38 124
38 133
38 134
38 135
38 139
38 140
38 141
38 145
39 2
39 3
39 11
39 13
39 18
39 20
39 26
39 29
39 30
39 33
39 37
39 145
39 85
39 123
39 40
39 44
39 49
39 59
39 60
39 78
39 80
39 84
39 88
39 89
39 93
39 96
39 97
39 99
39 100
39 101
39 104
39 109
39 113
39 114
39 120
39 128
39 129
39 131
39 135
39 136
39 139
39 141
39 143
39 149
40 1
40 2
40 3
40 8
40 9
40 13
40 18
40 20
40 28
40 29
40 30
40 34
40 6
40 105
40 38
40 144
40 47
40 61
40 14
40 81
40 135
40 125
40 32
40 85
40 113
40 99
40 112
40 56
40 42
40 39
40 139
40 102
40 70
40 76
40 0
40 52
40 25
40 27
40 10
40 72
40 44
40 26
40 7
40 140
40 62
40 145
40 48
40 100
40 97
40 60
40 59
40 66
40 106
40 141
40 64
40 115
40 78
40 84
40 101
40 124
40 108
40 96
40 149
40 75
40 31
40 91
40 131
40 109
40 33
40 41
40 43
40 45
40 50
40 51
40 63
40 79
40 83
40 90
40 98
40 103
40 120
40 128
40 129
40 136
40 143
41 2
41 3
41 9
41 14
41 15
41 18
41 21
41 25
41 27
41 28
41 29
41 30
41 34
41 38
41 40
41 72
41 20
41 88
41 134
41 54
41 4
41 11
41 75
41 84
41 143
41 85
41 125
41 135
41 56
41 68
41 49
41 133
41 32
41 26
41 144
41 55
41 119
41 37
41 137
41 130
41 67
41 66
41 138
41 108
41 69
41 42
41 97
41 10
41 79
41 6
41 132
41 76
41 86
41 111
41 71
41 91
41 93
41 110
41 47
41 115
41 63
41 136
41 146
41 35
41 114
41 8
41 101
41 50
41 121
41 147
41 118
41 128
41 112
41 51
41 61
41 45
41 57
41 59
41 70
41 74
41 80
41 81
41 82
41 87
41 94
41 99
41 103
41 104
41 105
41 107
41 116
41 120
41 122
41 131
41 139
41 142
42 2
42 6
42 11
42 13
42 18
42 20
42 21
42 30
42 36
42 37
42 40
42 41
42 91
42 144
42 8
42 56
42 94
42 5
42 84
42 66
42 27
42 26
42 48
42 113
42 126
42 7
42 63
42 34
42 25
42 83
42 35
42 43
42 50
42 51
42 64
42 65
42 67
42 69
42 70
42 72
42 75
42 76
42 79
42 87
42 88
42 98
42 99
42 100
42 103
42 107
42 111
42 114
42 116
42 128
42 129
42 130
42 131
42 133
42 135
42 136
42 138
42 145
42 146
42 149
43 2
43 9
43 13
43 16
43 20
43 23
43 28
43 32
43 34
43 37
43 109
43 15
43 108
43 29
43 78
43 140
43 119
43 42
43 127
43 19
43 70
43 74
43 4
43 123
43 138
43 30
43 40
43 82
43 111
43 1
43 100
43 117
43 146
43 107
43 142
43 134
43 112
43 106
43 12
43 65
43 66
43 11
43 139
43 75
43 132
43 7
43 35
43 61
43 53
43 6
43 77
43 121
43 58
43 144
43 103
43 27
43 68
43 81
43 79
43 116
43 64
43 98
43 114
43 89
43 143
43 63
43 24
43 33
43 67
43 83
43 133
43 118
43 69
43 45
43 47
43 120
43 129
43 99
43 22
43 55
43 71
43 131
43 94
43 51
43 62
43 73
43 84
43 86
43 87
43 91
43 115
43 135
43 136
43 141
43 145
44 11
44 12
44 13
44 15
44 16
44 17
44 21
44 23
44 25
44 27
44 28
44 30
44 40
44 98
44 147
44 54
44 149
44 33
44 56
44 14
44 78
44 119
44 20
44 140
44 6
44 36
44 113
44 97
44 123
44 76
44 49
44 93
44 114
44 138
44 52
44 122
44 2
44 118
44 148
44 106
44 39
44 126
44 117
44 64
44 29
44 131
44 104
44 144
44 3
44 136
44 24
44 31
44 90
44 84
44 95
44 145
44 71
44 111
44 5
44 85
44 10
44 34
44 7
44 60
44 62
44 99
44 91
44 48
44 94
44 87
44 96
44 63
44 67
44 72
44 73
44 74
44 80
44 82
44 83
44 101
44 105
44 110
44 120
44 141
45 2
45 9
45 11
45 13
45 16
45 17
45 18
45 26
45 29
45 36
45 37
45 43
45 128
45 62
45 1
45 77
45 89
45 4
45 41
45 115
45 145
45 73
45 124
45 98
45 140
45 141
45 111
45 112
45 67
45 94
45 144
45 40
45 66
45 32
45 56
45 127
45 12
45 95
45 20
45 65
45 143
45 134
45 63
45 35
45 82
45 57
45 74
45 54
45 84
45 46
45 105
45 109
45 49
45 92
45 71
45 147
45 123
45 70
45 108
45 21
45 22
45 122
45 149
45 101
45 132
45 99
45 0
45 125
45 136
45 48
45 50
45 52
45 53
45 58
45 59
45 72
45 87
45 88
45 93
45 100
45 103
45 107
45 120
45 129
45 133
45 148
46 1
46 3
46 7
46 8
46 11
46 13
46 16
46 20
46 27
46 30
46 32
46 35
46 45
46 99
46 127
46 140
46 81
46 78
46 2
46 110
46 134
46 77
46 10
46 51
46 52
46 58
46 59
46 60
46 64
46 72
46 73
46 75
46 82
46 83
46 84
46 87
46 91
46 94
46 98
46 103
46 104
46 105
46 122
46 128
46 135
46 136
46 139
46 141
46 143
46 144
46 145
47 4
47 7
47 9
47 11
47 13
47 18
47 21
47 23
47 27
47 35
47 40
47 41
47 43
47 67
47 143
47 24
47 91
47 125
47 128
47 99
47 114
47 58
47 110
47 113
47 141
47 78
47 48
47 50
47 92
47 26
47 70
47 15
47 144
47 135
47 55
47 53
47 10
47 69
47 49
47 52
47 60
47 62
47 64
47 66
47 76
47 79
47 83
47 84
47 94
47 96
47 97
47 98
47 103
47 104
47 120
47 122
47 129
47 136
47 140
47 145
48 3
48 6
48 9
48 13
48 14
48 15
48 23
48 25
48 27
48 33
48 35
48 40
48 42
48 44
48 47
48 139
48 91
48 45
48 149
48 109
48 89
48 49
48 98
48 138
48 21
48 50
48 53
48 58
48 59
48 60
48 63
48 64
48 65
48 71
48 73
48 74
48 78
48 80
48 81
48 83
48 84
48 88
48 90
48 99
48 101
48 102
48 104
48 114
48 120
48 122
48 129
48 130
48 131
48 134
48 136
48 141
48 143
48 145
48 146
49 3
49 6
49 7
49 8
49 11
49 21
49 25
49 29
49 30
49 38
49 41
49 44
49 45
49 48
49 127
49 138
49 134
49 17
49 81
49 126
49 58
49 55
49 128
49 149
49 39
49 23
49 61
49 147
49 20
49 88
49 47
49 113
49 50
49 36
49 37
49 64
49 133
49 66
49 116
49 97
49 65
49 62
49 54
49 109
49 120
49 18
49 143
49 135
49 26
49 76
49 60
49 112
49 117
49 10
49 69
49 105
49 1
49 92
49 35
49 107
49 142
49 85
49 141
49 33
49 77
49 144
49 121
49 24
49 32
49 99
49 5
49 91
49 139
49 101
49 123
49 131
49 52
49 59
49 68
49 72
49 73
49 80
49 82
49 87
49 98
49 102
49 122
49 130
49 136
49 140
50 1
50 3
50 9
50 11
50 13
50 15
50 20
50 21
50 25
50 27
50 29
50 30
50 34
50 41
50 47
50 49
50 129
50 97
50 89
50 117
50 91
50 19
50 99
50 61
50 138
50 7
50 40
50 48
50 60
50 45
50 37
50 42
50 102
50 106
50 139
50 22
50 55
50 147
50 96
50 67
50 12
50 17
50 130
50 82
50 53
50 62
50 63
50 65
50 69
50 71
50 72
50 73
50 76
50 77
50 84
50 85
50 86
50 87
50 88
50 94
50 98
50 101
50 103
50 107
50 114
50 128
50 131
50 134
50 135
50 141
51 1
51 2
51 3
51 6
51 11
51 13
51 15
51 17
51 18
51 21
51 25
51 27
51 30
51 36
51 41
51 88
51 56
51 110
51 46
51 54
51 93
51 136
51 124
51 59
51 95
51 63
51 137
51 113
51 70
51 42
51 78
51 37
51 76
51 105
51 139
51 94
51 64
51 117
51 5
51 128
51 146
51 142
51 109
51 91
51 108
51 98
51 12
51 58
51 24
51 127
51 141
51 104
51 119
51 101
51 20
51 134
51 33
51 62
51 52
51 60
51 133
51 40
51 99
51 31
51 38
51 16
51 43
51 57
51 96
51 85
51 53
51 61
51 67
51 77
51 80
51 84
51 86
51 87
51 89
51 90
51 97
51 100
51 103
51 114
51 120
51 122
51 129
51 130
51 131
51 140
51 145
52 1
52 3
52 9
52 11
52 13
52 15
52 17
52 21
52 26
52 27
52 35
52 36
52 40
52 44
52 51
52 116
52 5
52 62
52 46
52 143
52 6
52 137
52 22
52 111
52 142
52 145
52 135
52 7
52 109
52 57
52 49
52 4
52 69
52 10
52 80
52 82
52 141
52 126
52 108
52 38
52 32
52 128
52 81
52 53
52 20
52 2
52 76
52 96
52 102
52 134
52 8
52 37
52 31
52 74
52 101
52 88
52 58
52 47
52 130
52 93
52 67
52 12
52 68
52 23
52 112
52 34
52 117
52 60
52 114
52 16
52 45
52 100
52 24
52 127
52 87
52 107
52 91
52 65
52 105
52 144
52 125
52 85
52 118
52 97
52 120
52 28
52 73
52 84
52 59
52 61
52 63
52 64
52 71
52 77
52 89
52 98
52 103
52 110
52 113
52 122
52 129
52 131
52 136
52 140
53 2
53 3
53 6
53 7
53 9
53 11
53 13
53 17
53 20
53 25
53 27
53 28
53 35
53 37
53 43
53 47
53 52
53 98
53 144
53 119
53 142
53 74
53 31
53 118
53 99
53 100
53 140
53 50
53 33
53 65
53 34
53 108
53 128
53 81
53 146
53 102
53 51
53 26
53 123
53 76
53 126
53 45
53 112
53 21
53 15
53 75
53 90
53 55
53 48
53 86
53 79
53 92
53 145
53 147
53 59
53 66
53 67
53 73
53 83
53 87
53 94
53 96
53 101
53 103
53 111
53 114
53 120
53 130
53 131
53 133
53 134
53 135
53 141
53 143
54 2
54 11
54 15
54 16
54 18
54 21
54 27
54 28
54 29
54 33
54 34
54 35
54 38
54 41
54 44
54 45
54 49
54 51
54 80
54 132
54 94
54 98
54 115
54 108
54 62
54 58
54 81
54 95
54 103
54 83
54 77
54 17
54 32
54 13
54 37
54 8
54 89
54 116
54 144
54 6
54 110
54 3
54 56
54 14
54 59
54 122
54 75
54 99
54 131
54 19
54 120
54 142
54 73
54 119
54 88
54 84
54 60
54 63
54 65
54 67
54 70
54 74
54 87
54 93
54 96
54 100
54 101
54 104
54 121
54 128
54 134
54 137
54 139
54 140
54 143
55 7
55 12
55 13
55 15
55 17
55 18
55 21
55 23
55 25
55 27
55 28
55 30
55 41
55 43
55 47
55 49
55 50
55 53
55 89
55 32
55 10
55 1
55 58
55 59
55 60
55 61
55 62
55 63
55 67
55 68
55 71
55 74
55 82
55 83
55 86
55 87
55 96
55 98
55 103
55 104
55 105
55 107
55 113
55 114
55 120
55 123
55 128
55 135
55 140
55 141
55 143
55 145
56 1
56 2
56 6
56 8
56 11
56 13
56 17
56 18
56 20
56 21
56 26
56 27
56 28
56 29
56 40
56 41
56 42
56 44
56 45
56 51
56 54
56 73
56 122
56 114
56 72
56 143
56 75
56 15
56 101
56 146
56 145
56 133
56 123
56 127
56 60
56 62
56 63
56 78
56 79
56 81
56 82
56 83
56 84
56 86
56 91
56 93
56 96
56 99
56 126
56 134
56 135
56 139
56 142
57 0
57 1
57 7
57 8
57 9
57 13
57 18
57 20
57 26
57 27
57 29
57 35
57 45
57 51
57 52
57 99
57 134
57 90
57 30
57 70
57 68
57 41
57 145
57 136
57 102
57 19
57 146
57 108
57 78
57 140
57 80
57 143
57 81
57 23
57 61
57 62
57 63
57 65
57 66
57 72
57 73
57 83
57 87
57 91
57 94
57 98
57 101
57 104
57 105
57 114
57 120
57 124
57 128
57 130
57 131
57 132
57 133
57 135
57 138
57 141
57 144
58 3
58 4
58 8
58 9
58 13
58 15
58 17
58 18
58 20
58 21
58 25
58 28
58 37
58 43
58 47
58 49
58 51
58 52
58 54
58 119
58 55
58 97
58 27
58 6
58 79
58 120
58 136
58 109
58 100
58 59
58 67
58 149
58 138
58 38
58 148
58 2
58 74
58 94
58 124
58 45
58 116
58 103
58 129
58 11
58 64
58 145
58 118
58 130
58 128
58 108
58 110
58 30
58 86
58 35
58 46
58 60
58 63
58 140
58 1
58 71
58 104
58 111
58 65
58 134
58 5
58 133
58 113
58 117
58 90
58 137
58 92
58 87
58 81
58 72
58 33
58 73
58 99
58 88
58 24
58 66
58 70
58 95
58 115
58 29
58 48
58 82
58 14
58 127
58 61
58 75
58 10
58 77
58 93
58 101
58 105
58 107
58 114
58 135
58 139
58 141
58 142
58 144
59 3
59 11
59 13
59 15
59 16
59 17
59 18
59 25
59 30
59 33
59 40
59 51
59 54
59 58
59 64
59 113
59 45
59 79
59 62
59 101
59 41
59 2
59 128
59 78
59 116
59 122
59 118
59 86
59 52
59 114
59 19
59 76
59 68
59 124
59 117
59 53
59 72
59 129
59 0
59 107
59 131
59 24
59 71
59 37
59 146
59 97
59 89
59 93
59 55
59 83
59 69
59 34
59 120
59 26
59 46
59 48
59 39
59 7
59 8
59 99
59 21
59 138
59 23
59 127
59 100
59 38
59 67
59 126
59 149
59 130
59 28
59 91
59 90
59 140
59 49
59 141
59 6
59 61
59 70
59 73
59 80
59 88
59 96
59 98
59 103
59 104
59 111
59 115
59 121
59 132
59 139
59 143
60 1
60 3
60 5
60 7
60 8
60 12
60 25
60 27
60 36
60 37
60 40
60 44
60 49
60 50
60 51
60 52
60 58
60 10
60 143
60 98
60 95
60 138
60 89
60 83
60 47
60 105
60 90
60 110
60 62
60 147
60 56
60 96
60 4
60 38
60 26
60 140
60 55
60 39
60 22
60 54
60 102
60 100
60 84
60 129
60 48
60 92
60 82
60 72
60 32
60 70
60 91
60 88
60 64
60 66
60 117
60 75
60 131
60 69
60 144
60 115
60 125
60 31
60 122
60 137
60 126
60 28
60 111
60 21
60 80
60 46
60 74
60 68
60 79
60 130
60 34
60 2
60 142
60 23
60 0
60 61
60 63
60 71
60 73
60 78
60 81
60 93
60 99
60 101
60 104
60 109
60 116
60 128
60 134
60 135
60 136
60 139
60 141
60 145
61 2
61 18
61 21
61 25
61 35
61 36
61 40
61 41
61 43
61 49
61 50
61 58
61 114
61 77
61 20
61 110
61 133
61 14
61 129
61 120
61 137
61 28
61 132
61 0
61 79
61 141
61 145
61 119
61 22
61 140
61 84
61 51
61 102
61 97
61 78
61 62
61 115
61 82
61 138
61 148
61 103
61 81
61 57
61 13
61 93
61 26
61 100
61 70
61 126
61 121
61 6
61 30
61 130
61 19
61 109
61 55
61 72
61 9
61 89
61 127
61 91
61 95
61 29
61 60
61 101
61 125
61 86
61 134
61 59
61 32
61 147
61 98
61 136
61 7
61 52
61 131
61 38
61 67
61 74
61 76
61 87
61 90
61 94
61 104
61 107
61 116
61 139
61 143
61 144
62 1
62 3
62 6
62 9
62 15
62 16
62 17
62 20
62 25
62 27
62 28
62 29
62 31
62 33
62 35
62 38
62 40
62 44
62 45
62 49
62 51
62 52
62 54
62 59
62 60
62 61
62 50
62 121
62 55
62 7
62 94
62 133
62 125
62 124
62 83
62 88
62 92
62 85
62 136
62 36
62 118
62 95
62 74
62 80
62 69
62 32
62 4
62 90
62 140
62 141
62 126
62 122
62 138
62 84
62 105
62 103
62 11
62 130
62 143
62 106
62 127
62 56
62 57
62 76
62 117
62 34
62 2
62 71
62 19
62 10
62 98
62 79
62 91
62 64
62 120
62 149
62 72
62 114
62 89
62 47
62 77
62 5
62 104
62 116
62 63
62 43
62 21
62 68
62 24
62 14
62 148
62 30
62 112
62 146
62 70
62 73
62 75
62 86
62 87
62 93
62 96
62 100
62 101
62 128
62 134
62 135
62 139
63 0
63 2
63 4
63 9
63 10
63 11
63 16
63 17
63 20
63 21
63 23
63 25
63 29
63 33
63 35
63 41
63 42
63 43
63 45
63 51
63 58
63 62
63 71
63 7
63 52
63 117
63 129
63 60
63 136
63 83
63 116
63 65
63 6
63 64
63 137
63 26
63 103
63 82
63 102
63 72
63 57
63 107
63 18
63 54
63 92
63 66
63 50
63 112
63 40
63 119
63 69
63 123
63 145
63 22
63 34
63 14
63 27
63 56
63 48
63 78
63 3
63 13
63 120
63 133
63 135
63 100
63 96
63 91
63 1
63 77
63 127
63 106
63 86
63 74
63 44
63 138
63 19
63 122
63 31
63 55
63 90
63 140
63 70
63 79
63 87
63 144
63 148
63 141
63 98
63 93
63 67
63 73
63 76
63 80
63 81
63 84
63 89
63 94
63 97
63 101
63 104
63 111
63 114
63 134
63 139
63 142
63 146
64 7
64 8
64 11
64 16
64 17
64 23
64 28
64 29
64 30
64 34
64 35
64 37
64 38
64 40
64 43
64 44
64 49
64 51
64 58
64 59
64 60
64 62
64 63
64 47
64 32
64 97
64 113
64 111
64 144
64 135
64 136
64 70
64 140
64 131
64 147
64 83
64 102
64 69
64 149
64 108
64 129
64 80
64 79
64 13
64 93
64 48
64 52
64 127
64 65
64 42
64 91
64 139
64 105
64 46
64 86
64 103
64 120
64 96
64 26
64 18
64 112
64 2
64 76
64 148
64 71
64 72
64 73
64 74
64 75
64 78
64 81
64 94
64 98
64 101
64 104
64 114
64 125
64 128
64 132
64 133
64 134
64 141
64 142
64 143
64 145
65 1
65 2
65 3
65 6
65 11
65 12
65 17
65 23
65 26
65 27
65 29
65 30
65 31
65 34
65 36
65 43
65 45
65 49
65 52
65 53
65 58
65 63
65 64
65 146
65 54
65 77
65 115
65 88
65 50
65 48
65 72
65 99
65 24
65 69
65 19
65 18
65 81
65 132
65 126
65 80
65 145
65 4
65 82
65 140
65 57
65 120
65 5
65 42
65 141
65 83
65 68
65 108
65 13
65 70
65 73
65 75
65 87
65 91
65 96
65 98
65 100
65 101
65 102
65 103
65 105
65 109
65 114
65 117
65 129
65 131
65 133
65 134
65 139
65 142
65 143
66 1
66 2
66 4
66 7
66 9
66 18
66 20
66 21
66 26
66 29
66 31
66 33
66 34
66 35
66 40
66 41
66 42
66 43
66 45
66 49
66 58
66 60
66 63
66 143
66 6
66 89
66 57
66 142
66 130
66 103
66 99
66 87
66 139
66 110
66 95
66 22
66 116
66 13
66 53
66 125
66 23
66 107
66 76
66 124
66 81
66 104
66 47
66 138
66 127
66 101
66 73
66 78
66 84
66 91
66 94
66 96
66 105
66 113
66 114
66 128
66 129
66 132
66 133
66 134
66 136
66 144
66 145
67 2
67 3
67 9
67 15
67 21
67 23
67 27
67 29
67 30
67 31
67 35
67 41
67 43
67 45
67 47
67 50
67 52
67 58
67 59
67 93
67 33
67 11
67 144
67 44
67 130
67 147
67 68
67 94
67 73
67 112
67 8
67 131
67 132
67 54
67 74
67 71
67 79
67 51
67 149
67 61
67 91
67 128
67 12
67 99
67 103
67 38
67 81
67 102
67 117
67 55
67 36
67 108
67 119
67 127
67 20
67 95
67 140
67 5
67 10
67 145
67 101
67 78
67 14
67 109
67 111
67 113
67 107
67 34
67 37
67 120
67 72
67 133
67 87
67 134
67 53
67 4
67 136
67 115
67 123
67 125
67 63
67 26
67 92
67 141
67 42
67 77
67 122
67 82
67 83
67 84
67 88
67 90
67 97
67 100
67 104
67 114
67 135
67 139
67 143
68 2
68 3
68 17
68 21
68 23
68 25
68 27
68 29
68 35
68 41
68 43
68 52
68 57
68 59
68 60
68 62
68 65
68 67
68 89
68 113
68 121
68 55
68 98
68 111
68 70
68 8
68 102
68 75
68 20
68 6
68 33
68 49
68 100
68 148
68 108
68 71
68 73
68 80
68 81
68 82
68 87
68 97
68 107
68 109
68 118
68 120
68 129
68 130
68 132
68 139
68 141
68 144
68 145
68 146
69 1
69 2
69 3
69 7
69 11
69 13
69 15
69 29
69 30
69 34
69 35
69 41
69 43
69 47
69 49
69 52
69 59
69 60
69 62
69 63
69 64
69 65
69 106
69 107
69 6
69 100
69 144
69 31
69 80
69 127
69 84
69 38
69 143
69 117
69 79
69 20
69 101
69 138
69 85
69 115
69 132
69 83
69 10
69 73
69 93
69 42
69 145
69 50
69 23
69 16
69 129
69 119
69 121
69 5
69 78
69 88
69 90
69 94
69 96
69 97
69 99
69 103
69 105
69 113
69 116
69 128
69 131
69 134
69 139
69 141
69 142
70 3
70 7
70 8
70 9
70 11
70 16
70 21
70 27
70 33
70 34
70 35
70 40
70 43
70 45
70 47
70 51
70 57
70 58
70 60
70 61
70 63
70 64
70 68
70 18
70 31
70 90
70 42
70 36
70 94
70 93
70 141
70 10
70 143
70 145
70 118
70 102
70 72
70 54
70 85
70 62
70 138
70 136
70 28
70 41
70 25
70 65
70 98
70 113
70 144
70 15
70 59
70 129
70 4
70 148
70 76
70 115
70 79
70 140
70 80
70 81
70 84
70 89
70 91
70 100
70 103
70 120
70 128
70 133
70 134
70 135
71 3
71 4
71 7
71 9
71 13
71 15
71 16
71 17
71 21
71 28
71 29
71 30
71 34
71 35
71 37
71 41
71 43
71 44
71 45
71 58
71 59
71 62
71 63
71 67
71 32
71 110
71 142
71 143
71 0
71 146
71 93
71 147
71 48
71 114
71 105
71 5
71 140
71 130
71 141
71 64
71 148
71 101
71 68
71 50
71 19
71 126
71 92
71 73
71 102
71 55
71 12
71 119
71 97
71 133
71 116
71 52
71 111
71 113
71 79
71 95
71 60
71 77
71 78
71 90
71 91
71 99
71 100
71 109
71 120
71 128
71 129
71 132
71 135
71 139
71 144
71 145
72 2
72 3
72 11
72 16
72 20
72 21
72 23
72 27
72 29
72 30
72 35
72 37
72 40
72 41
72 56
72 58
72 59
72 60
72 61
72 62
72 63
72 65
72 67
72 70
72 45
72 82
72 31
72 42
72 126
72 87
72 104
72 139
72 127
72 44
72 84
72 76
72 64
72 89
72 28
72 36
72 129
72 138
72 125
72 49
72 141
72 81
72 105
72 98
72 115
72 148
72 5
72 124
72 128
72 108
72 50
72 46
72 74
72 83
72 77
72 145
72 113
72 79
72 57
72 114
72 90
72 19
72 80
72 149
72 122
72 14
72 133
72 143
72 119
72 8
72 9
72 73
72 75
72 86
72 91
72 93
72 94
72 97
72 100
72 101
72 102
72 120
72 131
72 142
72 144
73 1
73 3
73 15
73 17
73 26
73 29
73 38
73 45
73 52
73 54
73 56
73 58
73 67
73 69
73 71
73 65
73 82
73 136
73 9
73 92
73 110
73 66
73 77
73 133
73 135
73 98
73 88
73 8
73 37
73 50
73 130
73 120
73 53
73 112
73 57
73 72
73 24
73 106
73 118
73 119
73 101
73 122
73 84
73 64
73 117
73 134
73 96
73 20
73 145
73 137
73 2
73 30
73 34
73 131
73 43
73 48
73 10
73 16
73 60
73 0
73 28
73 62
73 83
73 25
73 125
73 68
73 80
73 89
73 63
73 27
73 46
73 107
73 21
73 124
73 59
73 44
73 114
73 143
73 49
73 87
73 109
73 141
73 13
73 149
73 146
73 7
73 78
73 79
73 81
73 86
73 91
73 93
73 94
73 97
73 100
73 103
73 116
73 123
73 132
73 140
73 142
74 3
74 11
74 17
74 18
74 19
74 21
74 26
74 30
74 31
74 43
74 45
74 52
74 53
74 58
74 60
74 62
74 63
74 67
74 72
74 48
74 132
74 37
74 35
74 27
74 144
74 140
74 25
74 54
74 121
74 97
74 23
74 103
74 6
74 64
74 79
74 95
74 32
74 55
74 44
74 41
74 13
74 38
74 61
74 96
74 7
74 34
74 123
74 94
74 107
74 75
74 77
74 80
74 82
74 85
74 86
74 87
74 91
74 93
74 99
74 100
74 111
74 113
74 120
74 122
74 128
74 129
74 131
74 133
74 134
74 135
74 136
74 141
74 143
74 145
74 148
75 3
75 8
75 13
75 17
75 18
75 20
75 21
75 26
75 27
75 30
75 37
75 40
75 41
75 43
75 53
75 54
75 56
75 58
75 60
75 68
75 42
75 138
75 36
75 129
75 80
75 7
75 121
75 10
75 29
75 32
75 46
75 105
75 130
75 35
75 119
75 16
75 65
75 117
75 72
75 64
75 15
75 14
75 141
75 5
75 108
75 12
75 102
75 24
75 79
75 97
75 82
75 124
75 95
75 120
75 118
75 104
75 89
75 110
75 98
75 94
75 148
75 101
75 25
75 111
75 62
75 142
75 106
75 132
75 9
75 127
75 116
75 143
75 88
75 114
75 109
75 74
75 144
75 78
75 90
75 93
75 96
75 113
75 128
75 131
75 134
75 135
75 139
76 1
76 12
76 15
76 20
76 21
76 26
76 29
76 40
76 41
76 44
76 49
76 51
76 52
76 53
76 59
76 62
76 64
76 66
76 70
76 72
76 101
76 63
76 140
76 123
76 144
76 61
76 113
76 0
76 50
76 18
76 42
76 90
76 100
76 17
76 103
76 134
76 107
76 94
76 87
76 8
76 22
76 14
76 13
76 28
76 47
76 143
76 4
76 93
76 108
76 136
76 110
76 80
76 81
76 83
76 91
76 96
76 99
76 102
76 109
76 116
76 120
76 121
76 124
76 129
76 131
76 135
76 139
76 141
76 142
76 145
76 149
77 0
77 9
77 11
77 13
77 20
77 30
77 32
77 34
77 35
77 38
77 43
77 45
77 46
77 49
77 54
77 61
77 62
77 63
77 65
77 67
77 72
77 73
77 4
77 50
77 96
77 118
77 26
77 112
77 58
77 145
77 21
77 52
77 37
77 71
77 51
77 109
77 23
77 74
77 14
77 147
77 102
77 101
77 114
77 29
77 92
77 79
77 80
77 81
77 87
77 94
77 97
77 98
77 104
77 105
77 111
77 120
77 129
77 134
77 135
77 136
77 139
77 140
77 141
77 142
77 143
78 2
78 3
78 15
78 18
78 27
78 28
78 29
78 32
78 36
78 38
78 40
78 43
78 44
78 46
78 47
78 51
78 57
78 59
78 61
78 63
78 67
78 6
78 75
78 136
78 97
78 84
78 66
78 73
78 69
78 105
78 31
78 48
78 60
78 98
78 123
78 39
78 71
78 82
78 96
78 34
78 56
78 8
78 107
78 132
78 64
78 33
78 140
78 85
78 147
78 0
78 11
78 80
78 100
78 92
78 14
78 9
78 115
78 83
78 86
78 88
78 102
78 112
78 113
78 114
78 122
78 124
78 128
78 129
78 141
78 142
79 2
79 3
79 9
79 11
79 17
79 21
79 23
79 28
79 30
79 33
79 41
79 43
79 53
79 58
79 59
79 60
79 61
79 62
79 63
79 64
79 67
79 69
79 70
79 71
79 72
79 74
79 75
79 77
79 135
79 36
79 16
79 128
79 95
79 118
79 31
79 94
79 20
79 6
79 86
79 90
79 101
79 104
79 114
79 110
79 140
79 47
79 32
79 73
79 133
79 129
79 56
79 12
79 85
79 111
79 88
79 14
79 106
79 149
79 142
79 18
79 143
79 34
79 42
79 87
79 145
79 10
79 25
79 5
79 120
79 108
79 40
79 92
79 27
79 26
79 82
79 84
79 89
79 96
79 97
79 100
79 102
79 103
79 121
79 131
79 134
79 136
79 139
79 141
80 2
80 3
80 9
80 11
80 12
80 15
80 17
80 21
80 26
80 30
80 31
80 36
80 37
80 52
80 54
80 57
80 60
80 62
80 64
80 65
80 69
80 70
80 72
80 73
80 75
80 78
80 146
80 41
80 122
80 105
80 110
80 74
80 86
80 18
80 130
80 107
80 39
80 34
80 4
80 20
80 101
80 131
80 142
80 119
80 94
80 38
80 48
80 13
80 125
80 83
80 88
80 33
80 98
80 76
80 128
80 1
80 44
80 113
80 97
80 27
80 89
80 35
80 63
80 143
80 134
80 8
80 68
80 91
80 81
80 96
80 132
80 100
80 23
80 59
80 111
80 77
80 127
80 49
80 51
80 117
80 95
80 22
80 82
80 99
80 102
80 103
80 104
80 120
80 129
80 133
80 140
80 145
81 2
81 8
81 13
81 14
81 15
81 16
81 17
81 18
81 20
81 21
81 23
81 27
81 29
81 30
81 31
81 35
81 37
81 40
81 43
81 46
81 49
81 52
81 53
81 54
81 57
81 58
81 61
81 65
81 66
81 67
81 72
81 80
81 98
81 60
81 96
81 56
81 77
81 94
81 118
81 134
81 107
81 138
81 126
81 129
81 64
81 147
81 48
81 38
81 82
81 142
81 90
81 92
81 148
81 88
81 101
81 85
81 4
81 73
81 12
81 63
81 32
81 26
81 117
81 132
81 122
81 100
81 10
81 131
81 105
81 109
81 0
81 146
81 3
81 11
81 41
81 116
81 76
81 102
81 68
81 140
81 70
81 83
81 86
81 103
81 104
81 114
81 128
81 133
81 135
81 141
82 2
82 3
82 9
82 11
82 13
82 17
82 20
82 25
82 31
82 33
82 37
82 43
82 45
82 50
82 52
82 58
82 60
82 61
82 63
82 65
82 72
82 73
82 75
82 78
82 81
82 132
82 79
82 84
82 19
82 127
82 49
82 1
82 138
82 140
82 131
82 100
82 83
82 15
82 5
82 87
82 93
82 68
82 80
82 32
82 36
82 137
82 56
82 134
82 90
82 94
82 74
82 103
82 14
82 139
82 21
82 34
82 142
82 55
82 12
82 146
82 67
82 111
82 129
82 41
82 8
82 44
82 29
82 46
82 106
82 18
82 98
82 99
82 105
82 116
82 120
82 128
82 135
82 144
83 2
83 5
83 11
83 12
83 13
83 15
83 16
83 17
83 18
83 21
83 28
83 30
83 38
83 42
83 43
83 54
83 59
83 60
83 62
83 63
83 64
83 65
83 69
83 72
83 73
83 80
83 82
83 33
83 89
83 27
83 143
83 134
83 135
83 67
83 113
83 29
83 56
83 78
83 88
83 98
83 85
83 48
83 129
83 117
83 103
83 46
83 93
83 140
83 76
83 25
83 53
83 104
83 94
83 95
83 111
83 122
83 132
83 40
83 120
83 130
83 91
83 119
83 142
83 44
83 86
83 47
83 124
83 81
83 102
83 34
83 112
83 57
83 90
83 32
83 131
83 55
83 87
83 96
83 101
83 105
83 109
83 136
84 0
84 11
84 12
84 13
84 15
84 16
84 17
84 18
84 25
84 29
84 31
84 34
84 37
84 38
84 40
84 41
84 42
84 44
84 45
84 52
84 54
84 60
84 61
84 62
84 69
84 72
84 73
84 78
84 82
84 122
84 104
84 146
84 116
84 36
84 88
84 47
84 129
84 19
84 93
84 9
84 109
84 32
84 46
84 33
84 149
84 97
84 94
84 139
84 35
84 99
84 39
84 4
84 8
84 121
84 141
84 67
84 50
84 130
84 2
84 51
84 120
84 131
84 66
84 126
84 117
84 100
84 1
84 5
84 95
84 3
84 10
84 21
84 101
84 22
84 20
84 28
84 128
84 134
84 113
84 107
84 70
84 63
84 118
84 43
84 111
84 102
84 56
84 48
84 112
84 127
84 96
84 79
84 142
84 103
84 105
84 133
84 145
85 6
85 13
85 20
85 21
85 23
85 25
85 26
85 27
85 29
85 35
85 38
85 39
85 40
85 41
85 44
85 49
85 51
85 52
85 62
85 69
85 70
85 78
85 79
85 81
85 83
85 8
85 50
85 74
85 101
85 30
85 147
85 95
85 9
85 133
85 91
85 97
85 100
85 114
85 116
85 120
85 122
85 129
85 131
85 135
85 139
85 140
85 142
85 145
85 146
86 1
86 3
86 11
86 12
86 13
86 26
86 29
86 37
86 41
86 53
86 58
86 59
86 61
86 63
86 64
86 79
86 80
86 83
86 73
86 72
86 115
86 147
86 6
86 127
86 137
86 110
86 78
86 43
86 116
86 94
86 20
86 123
86 128
86 125
86 104
86 10
86 81
86 90
86 107
86 16
86 98
86 106
86 0
86 133
86 62
86 50
86 23
86 56
86 55
86 132
86 51
86 7
86 74
86 100
86 34
86 145
86 89
86 93
86 97
86 99
86 101
86 111
86 114
86 118
86 120
86 122
86 131
86 134
86 135
86 136
86 139
86 142
87 1
87 7
87 17
87 26
87 27
87 29
87 30
87 35
87 44
87 52
87 58
87 63
87 66
87 67
87 72
87 73
87 76
87 79
87 82
87 51
87 137
87 42
87 62
87 111
87 127
87 61
87 20
87 32
87 33
87 74
87 43
87 68
87 46
87 117
87 21
87 146
87 115
87 2
87 12
87 45
87 92
87 89
87 148
87 8
87 123
87 3
87 49
87 0
87 57
87 88
87 11
87 147
87 37
87 25
87 53
87 54
87 10
87 113
87 77
87 90
87 105
87 50
87 149
87 65
87 55
87 124
87 34
87 41
87 121
87 83
87 94
87 96
87 100
87 101
87 116
87 120
87 129
87 131
87 133
87 134
87 135
87 140
87 141
87 142
87 143
88 1
88 4
88 7
88 12
88 13
88 21
88 30
88 37
88 41
88 49
88 51
88 52
88 54
88 58
88 60
88 62
88 65
88 73
88 75
88 79
88 80
88 81
88 83
88 84
88 87
88 102
88 132
88 105
88 93
88 59
88 98
88 122
88 3
88 45
88 136
88 50
88 110
88 20
88 100
88 148
88 127
88 128
88 16
88 14
88 119
88 10
88 2
88 113
88 18
88 138
88 139
88 9
88 39
88 131
88 99
88 141
88 23
88 114
88 69
88 78
88 22
88 42
88 48
88 67
88 94
88 103
88 107
88 111
88 130
88 140
88 142
88 145
89 2
89 11
89 16
89 18
89 20
89 25
89 28
89 29
89 43
89 45
89 48
89 50
89 54
89 55
89 59
89 60
89 61
89 62
89 66
89 68
89 72
89 73
89 75
89 80
89 83
89 87
89 39
89 3
89 7
89 120
89 63
89 86
89 52
89 70
89 21
89 105
89 93
89 38
89 79
89 102
89 30
89 14
89 36
89 51
89 115
89 110
89 128
89 108
89 6
89 94
89 98
89 101
89 103
89 104
89 111
89 113
89 114
89 124
89 130
89 131
89 134
89 135
89 138
89 139
89 140
89 144
89 146
90 2
90 3
90 6
90 9
90 10
90 13
90 15
90 19
90 20
90 25
90 26
90 29
90 37
90 44
90 53
90 57
90 58
90 59
90 60
90 62
90 63
90 70
90 72
90 76
90 79
90 81
90 82
90 83
90 86
90 87
90 120
90 67
90 105
90 61
90 118
90 51
90 38
90 75
90 71
90 99
90 116
90 11
90 32
90 33
90 8
90 69
90 91
90 125
90 48
90 40
90 0
90 101
90 102
90 107
90 114
90 122
90 133
90 134
91 8
91 11
91 15
91 17
91 21
91 23
91 25
91 30
91 31
91 33
91 40
91 41
91 42
91 44
91 47
91 48
91 49
91 50
91 51
91 52
91 59
91 60
91 61
91 62
91 63
91 64
91 67
91 80
91 83
91 90
91 27
91 7
91 102
91 74
91 72
91 85
91 140
91 118
91 3
91 6
91 76
91 4
91 119
91 18
91 32
91 73
91 144
91 57
91 147
91 96
91 24
91 134
91 46
91 66
91 101
91 29
91 13
91 148
91 34
91 113
91 112
91 131
91 2
91 114
91 145
91 14
91 116
91 56
91 108
91 0
91 71
91 135
91 109
91 43
91 37
91 70
91 127
91 36
91 138
91 5
91 95
91 126
91 94
91 65
91 38
91 97
91 99
91 100
91 104
91 105
91 110
91 129
91 141
91 149
92 2
92 3
92 4
92 7
92 8
92 17
92 21
92 25
92 27
92 28
92 29
92 30
92 31
92 35
92 45
92 47
92 49
92 53
92 58
92 60
92 62
92 63
92 67
92 71
92 73
92 77
92 78
92 79
92 81
92 87
92 144
92 96
92 98
92 101
92 105
92 107
92 110
92 113
92 114
92 116
92 120
92 128
92 129
92 133
92 134
92 136
92 139
92 140
92 141
92 143
92 145
93 2
93 3
93 4
93 7
93 16
93 27
93 30
93 31
93 33
93 35
93 41
93 44
93 51
93 52
93 59
93 61
93 63
93 64
93 67
93 69
93 70
93 71
93 76
93 82
93 83
93 84
93 88
93 89
93 128
93 118
93 37
93 19
93 123
93 102
93 62
93 100
93 145
93 138
93 29
93 75
93 144
93 56
93 117
93 58
93 143
93 17
93 72
93 94
93 131
93 113
93 23
93 45
93 24
93 98
93 137
93 146
93 119
93 1
93 39
93 73
93 22
93 74
93 130
93 147
93 139
93 86
93 114
93 129
93 60
93 110
93 116
93 54
93 134
93 120
93 36
93 96
93 97
93 101
93 104
93 124
93 135
93 140
94 7
94 9
94 11
94 13
94 15
94 25
94 30
94 33
94 42
94 43
94 44
94 45
94 51
94 54
94 58
94 62
94 67
94 70
94 74
94 75
94 76
94 79
94 80
94 81
94 82
94 83
94 84
94 86
94 91
94 93
94 21
94 72
94 36
94 64
94 47
94 12
94 119
94 115
94 107
94 141
94 137
94 144
94 113
94 140
94 66
94 27
94 139
94 138
94 23
94 103
94 1
94 46
94 104
94 77
94 35
94 116
94 109
94 143
94 96
94 125
94 32
94 73
94 111
94 126
94 57
94 118
94 53
94 61
94 50
94 146
94 63
94 135
94 34
94 87
94 89
94 114
94 69
94 88
94 99
94 110
94 41
94 97
94 98
94 100
94 101
94 105
94 134
94 142
94 145
95 2
95 3
95 13
95 15
95 18
95 19
95 20
95 26
95 27
95 29
95 30
95 34
95 44
95 45
95 51
95 54
95 58
95 60
95 61
95 62
95 66
95 67
95 71
95 74
95 75
95 79
95 80
95 83
95 84
95 85
95 91
95 9
95 97
95 98
95 101
95 102
95 104
95 105
95 109
95 110
95 120
95 128
95 134
95 135
95 139
95 140
95 143
96 1
96 2
96 11
96 16
96 18
96 25
96 28
96 29
96 31
96 35
96 40
96 44
96 50
96 51
96 52
96 60
96 63
96 64
96 73
96 74
96 77
96 78
96 80
96 81
96 84
96 91
96 94
96 6
96 121
96 142
96 37
96 23
96 3
96 104
96 53
96 111
96 20
96 17
96 55
96 36
96 47
96 34
96 66
96 106
96 139
96 5
96 103
96 19
96 122
96 65
96 134
96 14
96 26
96 13
96 30
96 112
96 102
96 137
96 138
96 92
96 24
96 75
96 97
96 76
96 83
96 93
96 79
96 145
96 32
96 98
96 39
96 56
96 118
96 119
96 69
96 99
96 54
96 87
96 59
96 7
96 62
96 125
96 33
96 148
96 110
96 115
96 120
96 129
96 135
96 136
96 140
96 149
97 1
97 7
97 9
97 11
97 13
97 15
97 20
97 25
97 27
97 36
97 37
97 38
97 40
97 41
97 44
97 49
97 50
97 52
97 58
97 59
97 61
97 64
97 71
97 74
97 75
97 78
97 80
97 84
97 96
97 29
97 18
97 22
97 21
97 68
97 86
97 69
97 120
97 95
97 93
97 72
97 129
97 39
97 34
97 135
97 108
97 144
97 127
97 102
97 133
97 47
97 107
97 85
97 94
97 5
97 10
97 73
97 51
97 63
97 125
97 91
97 145
97 126
97 67
97 77
97 79
97 100
97 103
97 104
97 113
97 128
97 131
97 134
97 142
97 148
98 2
98 11
98 13
98 15
98 18
98 19
98 20
98 27
98 29
98 30
98 33
98 34
98 35
98 37
98 43
98 44
98 45
98 48
98 51
98 53
98 54
98 60
98 61
98 62
98 63
98 68
98 70
98 72
98 73
98 75
98 78
98 80
98 81
98 83
98 86
98 88
98 93
98 96
98 46
98 47
98 5
98 127
98 55
98 77
98 32
98 118
98 42
98 82
98 144
98 25
98 94
98 111
98 134
98 4
98 145
98 125
98 137
98 50
98 128
98 132
98 116
98 123
98 64
98 139
98 117
98 120
98 102
98 115
98 106
98 31
98 89
98 17
98 100
98 109
98 138
98 57
98 40
98 148
98 95
98 38
98 28
98 52
98 3
98 124
98 23
98 49
98 119
98 107
98 146
98 110
98 149
98 135
98 26
98 92
98 101
98 59
98 16
98 6
98 65
98 103
98 105
98 129
98 131
98 133
98 140
98 141
99 0
99 3
99 7
99 9
99 11
99 13
99 15
99 17
99 21
99 25
99 30
99 32
99 33
99 40
99 43
99 44
99 45
99 46
99 47
99 49
99 50
99 51
99 53
99 54
99 57
99 58
99 59
99 65
99 66
99 67
99 84
99 88
99 90
99 94
99 96
99 35
99 91
99 101
99 41
99 112
99 24
99 117
99 48
99 129
99 115
99 71
99 74
99 149
99 56
99 10
99 147
99 69
99 76
99 39
99 131
99 107
99 103
99 36
99 27
99 42
99 86
99 60
99 80
99 121
99 82
99 38
99 111
99 114
99 120
99 133
99 134
99 136
99 139
99 141
99 142
100 3
100 7
100 17
100 20
100 21
100 25
100 30
100 40
100 43
100 52
100 53
100 58
100 59
100 60
100 61
100 63
100 68
100 69
100 76
100 78
100 80
100 81
100 82
100 84
100 86
100 88
100 93
100 98
100 45
100 127
100 14
100 2
100 139
100 116
100 12
100 112
100 145
100 19
100 70
100 67
100 113
100 129
100 29
100 102
100 143
100 103
100 24
100 37
100 85
100 91
100 107
100 65
100 135
100 119
100 136
100 73
100 27
100 38
100 16
100 39
100 72
100 33
100 106
100 128
100 71
100 147
100 54
100 124
100 141
100 97
100 79
100 87
100 15
100 74
100 105
100 4
100 121
100 51
100 111
100 10
100 9
100 144
100 94
100 62
100 42
100 1
100 11
100 133
100 101
100 131
100 138
100 142
101 3
101 7
101 16
101 25
101 27
101 28
101 33
101 34
101 35
101 36
101 37
101 38
101 40
101 41
101 45
101 49
101 51
101 52
101 56
101 59
101 61
101 66
101 67
101 69
101 71
101 73
101 75
101 76
101 77
101 79
101 80
101 81
101 84
101 85
101 91
101 98
101 99
101 18
101 30
101 32
101 1
101 23
101 103
101 10
101 54
101 119
101 0
101 6
101 104
101 8
101 120
101 112
101 64
101 102
101 133
101 131
101 19
101 116
101 62
101 24
101 135
101 140
101 22
101 139
101 89
101 94
101 63
101 86
101 92
101 83
101 143
101 113
101 53
101 106
101 129
101 121
101 109
101 57
101 48
101 132
101 105
101 50
101 58
101 123
101 4
101 65
101 145
101 127
101 44
101 72
101 14
101 95
101 137
101 148
101 87
101 39
101 114
101 147
101 118
101 90
101 9
101 60
101 125
101 100
101 126
101 5
101 149
101 2
101 93
101 107
101 108
101 115
101 122
101 134
101 136
101 142
102 2
102 7
102 15
102 26
102 27
102 29
102 35
102 37
102 40
102 50
102 52
102 53
102 57
102 60
102 61
102 63
102 64
102 67
102 68
102 70
102 71
102 75
102 77
102 81
102 83
102 84
102 88
102 89
102 91
102 93
102 96
102 97
102 98
102 100
102 101
102 36
102 135
102 65
102 78
102 138
102 143
102 79
102 119
102 126
102 80
102 95
102 144
102 110
102 106
102 121
102 122
102 124
102 12
102 90
102 3
102 48
102 104
102 76
102 72
102 49
102 103
102 116
102 114
102 117
102 120
102 128
102 131
102 132
102 133
102 134
102 139
102 140
102 145
103 9
103 11
103 12
103 14
103 16
103 17
103 20
103 23
103 25
103 29
103 43
103 54
103 58
103 61
103 62
103 63
103 64
103 66
103 67
103 74
103 76
103 82
103 83
103 94
103 96
103 99
103 100
103 101
103 102
103 141
103 117
103 104
103 80
103 98
103 70
103 42
103 88
103 6
103 3
103 140
103 97
103 32
103 40
103 121
103 84
103 133
103 34
103 37
103 106
103 4
103 122
103 136
103 79
103 52
103 21
103 73
103 15
103 19
103 45
103 69
103 109
103 147
103 138
103 55
103 112
103 116
103 8
103 38
103 41
103 36
103 53
103 125
103 148
103 113
103 128
103 146
103 51
103 118
103 47
103 137
103 81
103 89
103 144
103 22
103 107
103 59
103 35
103 50
103 65
103 28
103 110
103 13
103 46
103 149
103 108
103 114
103 31
103 30
103 120
103 130
103 131
103 132
103 135
104 0
104 8
104 9
104 17
104 29
104 33
104 35
104 44
104 51
104 58
104 62
104 66
104 72
104 75
104 79
104 83
104 84
104 86
104 94
104 96
104 101
104 102
104 103
104 7
104 31
104 131
104 27
104 16
104 46
104 142
104 81
104 109
104 141
104 97
104 61
104 12
104 120
104 55
104 108
104 122
104 48
104 54
104 28
104 105
104 64
104 126
104 47
104 133
104 93
104 89
104 57
104 80
104 129
104 60
104 36
104 37
104 95
104 77
104 10
104 144
104 124
104 139
104 41
104 91
104 67
104 148
104 39
104 119
104 19
104 59
104 11
104 143
104 147
104 63
104 5
104 136
104 125
104 123
104 115
104 110
104 111
104 130
104 146
105 3
105 9
105 11
105 13
105 15
105 18
105 21
105 25
105 28
105 29
105 33
105 34
105 35
105 40
105 45
105 49
105 51
105 52
105 60
105 62
105 64
105 71
105 72
105 75
105 78
105 80
105 81
105 87
105 88
105 89
105 90
105 100
105 101
105 104
105 22
105 107
105 131
105 94
105 120
105 69
105 92
105 4
105 84
105 30
105 126
105 10
105 5
105 136
105 137
105 83
105 108
105 17
105 124
105 109
105 26
105 31
105 138
105 57
105 115
105 58
105 98
105 95
105 7
105 14
105 16
105 148
105 149
105 20
105 82
105 46
105 145
105 8
105 65
105 77
105 55
105 36
105 129
105 41
105 66
105 91
105 44
105 133
105 134
105 135
105 140
105 141
105 143
106 2
106 3
106 6
106 9
106 13
106 14
106 17
106 18
106 21
106 33
106 37
106 40
106 43
106 44
106 50
106 62
106 63
106 69
106 73
106 75
106 79
106 82
106 86
106 96
106 98
106 100
106 101
106 102
106 103
106 4
106 116
106 128
106 134
106 135
106 136
106 139
106 140
107 0
107 1
107 2
107 3
107 7
107 9
107 15
107 18
107 19
107 21
107 33
107 43
107 49
107 52
107 59
107 63
107 66
107 67
107 69
107 73
107 74
107 76
107 78
107 80
107 81
107 84
107 86
107 94
107 97
107 98
107 99
107 100
107 103
107 105
107 145
107 4
107 112
107 136
107 45
107 116
107 61
107 41
107 129
107 118
107 58
107 92
107 139
107 55
107 50
107 131
107 38
107 110
107 68
107 123
107 24
107 111
107 142
107 90
107 140
107 130
107 42
107 8
107 88
107 147
107 29
107 149
107 10
107 101
107 23
107 119
107 122
107 133
107 134
107 135
108 2
108 7
108 11
108 15
108 16
108 17
108 21
108 25
108 26
108 30
108 33
108 37
108 40
108 41
108 43
108 45
108 51
108 52
108 53
108 54
108 57
108 58
108 64
108 65
108 67
108 68
108 72
108 75
108 76
108 79
108 89
108 91
108 97
108 103
108 104
108 105
108 12
108 3
108 101
108 113
108 114
108 126
108 129
108 133
108 134
108 136
108 139
108 145
109 3
109 5
109 6
109 16
109 17
109 21
109 25
109 26
109 34
109 40
109 43
109 45
109 48
109 49
109 51
109 52
109 58
109 61
109 67
109 73
109 75
109 77
109 81
109 84
109 91
109 94
109 98
109 101
109 103
109 104
109 105
109 139
109 18
109 60
109 22
109 11
109 9
109 39
109 112
109 19
109 110
109 129
109 33
109 137
109 32
109 76
109 135
109 128
109 71
109 65
109 20
109 148
109 95
109 83
109 24
109 68
109 113
109 115
109 116
109 125
109 126
109 132
109 140
110 3
110 13
110 18
110 21
110 25
110 30
110 35
110 41
110 46
110 47
110 51
110 54
110 58
110 60
110 61
110 66
110 71
110 73
110 75
110 76
110 79
110 80
110 86
110 88
110 89
110 93
110 94
110 98
110 102
110 103
110 107
110 109
110 95
110 130
110 28
110 120
110 9
110 104
110 117
110 20
110 136
110 29
110 91
110 131
110 96
110 145
110 7
110 14
110 148
110 129
110 52
110 92
110 10
110 112
110 17
110 111
110 23
110 140
110 123
110 38
110 44
110 122
110 126
110 127
110 128
110 134
110 135
110 139
110 141
110 143
110 144
110 146
110 149
111 1
111 5
111 6
111 8
111 9
111 15
111 16
111 17
111 19
111 20
111 30
111 34
111 35
111 37
111 38
111 41
111 43
111 44
111 45
111 52
111 58
111 60
111 64
111 67
111 68
111 71
111 75
111 79
111 80
111 82
111 83
111 84
111 87
111 94
111 96
111 98
111 100
111 107
111 110
111 122
111 120
111 129
111 63
111 77
111 88
111 145
111 28
111 74
111 22
111 136
111 25
111 29
111 89
111 99
111 42
111 126
111 2
111 86
111 13
111 148
111 53
111 59
111 115
111 104
111 128
111 132
111 133
111 135
111 137
111 139
111 140
111 144
112 2
112 3
112 7
112 9
112 18
112 20
112 21
112 25
112 27
112 40
112 41
112 43
112 45
112 49
112 52
112 53
112 62
112 63
112 64
112 67
112 73
112 77
112 83
112 84
112 91
112 96
112 99
112 100
112 101
112 103
112 107
112 109
112 110
112 128
112 6
112 78
112 5
112 127
112 12
112 114
112 115
112 116
112 119
112 120
112 122
112 124
112 129
112 133
112 135
112 139
112 141
112 145
112 148
113 2
113 10
113 11
113 20
113 21
113 27
113 29
113 33
113 40
113 42
113 44
113 47
113 49
113 51
113 58
113 59
113 64
113 67
113 68
113 70
113 71
113 72
113 76
113 80
113 83
113 84
113 87
113 88
113 91
113 93
113 94
113 100
113 101
113 103
113 66
113 92
113 9
113 108
113 78
113 130
113 138
113 19
113 74
113 18
113 134
113 28
113 109
113 1
113 69
113 143
113 75
113 52
113 31
113 39
113 16
113 116
113 146
113 118
113 119
113 135
113 35
113 89
113 142
113 136
113 97
113 144
113 8
113 55
113 23
113 140
113 126
113 4
113 115
113 123
113 5
113 132
113 6
113 114
113 139
113 145
114 2
114 3
114 7
114 8
114 9
114 13
114 17
114 29
114 30
114 41
114 43
114 44
114 47
114 52
114 56
114 59
114 61
114 62
114 71
114 72
114 73
114 75
114 77
114 79
114 88
114 91
114 93
114 94
114 101
114 103
114 5
114 138
114 121
114 112
114 78
114 128
114 58
114 0
114 31
114 35
114 66
114 145
114 146
114 127
114 143
114 48
114 42
114 65
114 36
114 86
114 99
114 25
114 144
114 147
114 124
114 92
114 57
114 89
114 21
114 102
114 18
114 136
114 38
114 140
114 132
114 37
114 23
114 32
114 90
114 53
114 4
114 51
114 126
114 134
114 131
114 63
114 85
114 12
114 50
114 113
114 81
114 39
114 6
114 55
114 139
114 64
114 24
114 135
114 28
114 122
114 116
114 16
114 137
114 123
114 33
114 108
114 67
114 119
114 120
114 129
114 130
114 141
115 13
115 16
115 17
115 23
115 27
115 29
115 31
115 35
115 40
115 41
115 45
115 54
115 58
115 60
115 61
115 65
115 67
115 69
115 70
115 72
115 78
115 86
115 87
115 89
115 94
115 98
115 99
115 104
115 105
115 111
115 113
115 59
115 109
115 146
115 145
115 101
115 26
115 118
115 144
115 43
115 8
115 0
115 18
115 112
115 96
115 116
115 122
115 126
115 127
115 128
115 129
115 131
115 133
115 134
115 136
115 138
115 141
115 149
116 3
116 9
116 15
116 17
116 18
116 20
116 25
116 26
116 27
116 29
116 31
116 33
116 34
116 37
116 43
116 49
116 52
116 54
116 58
116 59
116 62
116 63
116 66
116 71
116 75
116 81
116 84
116 86
116 90
116 91
116 93
116 94
116 98
116 100
116 101
116 102
116 103
116 107
116 113
116 114
116 61
116 87
116 129
116 109
116 42
116 112
116 123
116 36
116 76
116 4
116 8
116 73
116 69
116 60
116 2
116 82
116 115
116 41
116 85
116 106
116 92
116 138
116 14
116 120
116 122
116 130
116 135
116 136
116 140
116 141
116 145
117 11
117 13
117 17
117 20
117 21
117 23
117 27
117 32
117 36
117 43
117 44
117 49
117 50
117 51
117 52
117 58
117 59
117 60
117 62
117 63
117 67
117 69
117 73
117 75
117 80
117 81
117 83
117 84
117 87
117 93
117 98
117 99
117 103
117 110
117 37
117 65
117 102
117 2
117 124
117 128
117 129
117 131
117 134
117 142
117 143
117 146
117 148
118 3
118 6
118 7
118 13
118 15
118 18
118 24
118 27
118 33
118 34
118 35
118 41
118 43
118 44
118 52
118 53
118 58
118 59
118 62
118 70
118 73
118 75
118 77
118 79
118 81
118 84
118 90
118 91
118 93
118 94
118 96
118 98
118 101
118 103
118 107
118 113
118 115
118 86
118 130
118 121
118 14
118 2
118 68
118 120
118 124
118 126
118 128
118 129
118 131
118 132
118 134
118 135
118 136
118 141
118 145
119 1
119 2
119 6
119 8
119 13
119 14
119 17
119 21
119 28
119 29
119 33
119 35
119 36
119 41
119 43
119 44
119 51
119 53
119 54
119 58
119 61
119 63
119 67
119 69
119 71
119 72
119 73
119 75
119 80
119 83
119 88
119 91
119 93
119 94
119 96
119 98
119 100
119 101
119 102
119 104
119 113
119 114
119 107
119 112
119 128
119 130
119 136
119 139
119 140
119 143
119 145
120 2
120 11
120 21
120 26
120 27
120 29
120 33
120 36
120 37
120 43
120 49
120 52
120 54
120 58
120 59
120 61
120 62
120 63
120 64
120 65
120 67
120 73
120 75
120 79
120 83
120 84
120 89
120 90
120 93
120 97
120 98
120 101
120 104
120 105
120 110
120 111
120 135
120 121
120 25
120 48
120 122
120 28
120 118
120 72
120 12
120 17
120 35
120 38
120 74
120 99
120 148
120 34
120 112
120 133
120 68
120 18
120 95
120 8
120 5
120 103
120 7
120 77
120 134
120 3
120 4
120 51
120 14
120 138
120 129
120 6
120 76
120 85
120 114
120 125
120 143
120 57
120 96
120 92
120 137
120 80
120 132
120 23
120 22
120 71
120 13
120 40
120 82
120 102
120 10
120 136
120 126
120 70
120 144
120 55
120 39
120 123
120 127
120 0
120 47
120 86
120 30
120 87
120 53
120 44
120 45
120 41
120 116
120 128
120 131
120 139
120 140
120 141
120 142
120 145
121 1
121 11
121 27
121 28
121 30
121 31
121 32
121 33
121 35
121 38
121 41
121 43
121 49
121 61
121 62
121 68
121 69
121 74
121 75
121 84
121 87
121 96
121 99
121 100
121 101
121 102
121 103
121 114
121 118
121 120
121 54
121 59
121 122
121 7
121 79
121 76
121 124
121 129
121 134
121 135
121 136
121 137
121 139
121 143
122 6
122 7
122 16
122 18
122 20
122 25
122 29
122 44
122 45
122 54
122 56
122 59
122 60
122 62
122 63
122 67
122 72
122 73
122 80
122 81
122 83
122 84
122 88
122 96
122 102
122 103
122 104
122 111
122 114
122 120
122 121
122 146
122 37
122 110
122 85
122 116
122 11
122 134
122 17
122 139
122 26
122 145
122 101
122 3
122 33
122 8
122 13
122 48
122 47
122 49
122 86
122 15
122 51
122 52
122 135
122 2
122 74
122 46
122 22
122 24
122 112
122 107
122 115
122 41
122 141
122 90
122 27
122 32
122 136
122 78
122 133
122 4
122 38
122 123
122 124
122 126
122 129
122 140
122 142
122 143
122 144
122 148
123 1
123 7
123 11
123 18
123 20
123 21
123 23
123 25
123 39
123 43
123 44
123 45
123 49
123 53
123 56
123 63
123 67
123 74
123 76
123 78
123 86
123 87
123 93
123 98
123 101
123 104
123 107
123 110
123 113
123 114
123 116
123 120
123 142
123 34
123 55
123 122
123 73
123 126
123 133
123 134
123 139
123 140
123 143
123 145
124 2
124 7
124 12
124 20
124 26
124 29
124 34
124 35
124 37
124 40
124 45
124 51
124 58
124 59
124 62
124 66
124 72
124 73
124 75
124 83
124 87
124 98
124 100
124 102
124 104
124 105
124 114
124 78
124 118
124 133
124 93
124 76
124 146
124 121
124 112
124 57
124 89
124 117
124 122
124 38
124 129
124 131
124 134
124 141
124 142
124 143
125 2
125 7
125 11
125 15
125 21
125 29
125 32
125 33
125 40
125 41
125 45
125 47
125 52
125 60
125 61
125 62
125 66
125 67
125 72
125 73
125 80
125 86
125 90
125 94
125 96
125 97
125 98
125 101
125 103
125 104
125 120
125 0
125 132
125 145
125 64
125 109
125 128
125 130
125 131
125 133
125 135
125 139
125 140
125 143
126 1
126 9
126 11
126 13
126 20
126 21
126 25
126 26
126 27
126 28
126 29
126 30
126 32
126 33
126 36
126 38
126 42
126 44
126 49
126 52
126 53
126 59
126 60
126 61
126 62
126 65
126 71
126 72
126 81
126 84
126 91
126 94
126 97
126 101
126 102
126 104
126 105
126 111
126 113
126 114
126 120
126 118
126 56
126 123
126 132
126 109
126 110
126 108
126 115
126 34
126 7
126 122
126 127
126 128
126 129
126 131
126 134
126 135
126 136
126 140
126 142
127 1
127 2
127 3
127 8
127 13
127 14
127 17
127 18
127 25
127 30
127 43
127 45
127 46
127 49
127 51
127 52
127 56
127 58
127 59
127 61
127 62
127 63
127 64
127 66
127 67
127 69
127 72
127 75
127 80
127 82
127 84
127 86
127 87
127 88
127 91
127 97
127 98
127 100
127 101
127 112
127 114
127 120
127 24
127 146
127 115
127 126
127 148
127 141
127 31
127 135
127 110
127 130
127 143
127 144
127 9
127 128
127 131
127 134
127 136
127 142
127 145
128 6
128 13
128 15
128 18
128 20
128 23
128 29
128 30
128 35
128 37
128 41
128 45
128 47
128 49
128 51
128 52
128 53
128 58
128 59
128 67
128 72
128 79
128 80
128 84
128 86
128 88
128 89
128 93
128 98
128 100
128 103
128 109
128 112
128 114
128 120
128 81
128 130
128 31
128 143
128 0
128 42
128 27
128 5
128 141
128 95
128 118
128 115
128 57
128 119
128 16
128 64
128 127
128 92
128 74
128 39
128 131
128 78
128 138
128 62
128 54
128 69
128 71
128 70
128 136
128 11
128 12
128 50
128 117
128 146
128 21
128 28
128 8
128 135
128 147
128 33
128 148
128 40
128 111
128 82
128 110
128 133
128 3
128 55
128 66
128 60
128 17
128 125
128 14
128 126
128 97
128 75
128 4
128 102
128 106
128 46
128 7
128 134
128 140
128 144
128 145
129 2
129 9
129 10
129 16
129 26
129 27
129 29
129 33
129 35
129 38
129 43
129 50
129 58
129 59
129 60
129 61
129 63
129 64
129 69
129 70
129 72
129 75
129 79
129 81
129 82
129 83
129 84
129 93
129 97
129 99
129 100
129 101
129 104
129 105
129 107
129 109
129 110
129 111
129 116
129 120
129 115
129 51
129 37
129 77
129 1
129 80
129 87
129 130
129 76
129 21
129 30
129 137
129 147
129 122
129 92
129 34
129 71
129 68
129 85
129 124
129 114
129 3
129 117
129 6
129 0
129 8
129 136
129 45
129 15
129 22
129 133
129 144
129 24
129 52
129 91
129 96
129 108
129 149
129 20
129 39
129 78
129 40
129 48
129 140
129 132
129 23
129 25
129 98
129 126
129 121
129 74
129 47
129 112
129 11
129 146
129 32
129 118
129 142
129 65
129 19
129 12
129 143
129 66
129 13
129 42
129 135
129 145
130 1
130 2
130 9
130 13
130 15
130 25
130 28
130 38
130 41
130 50
130 52
130 58
130 59
130 60
130 61
130 62
130 66
130 67
130 71
130 73
130 75
130 80
130 83
130 84
130 93
130 107
130 110
130 113
130 118
130 127
130 128
130 129
130 57
130 8
130 48
130 21
130 88
130 18
130 7
130 24
130 53
130 148
130 51
130 49
130 103
130 12
130 143
130 68
130 14
130 17
130 89
130 11
130 104
130 142
130 125
130 146
130 119
130 36
130 42
130 114
130 116
130 131
130 132
130 135
130 141
130 144
130 145
131 1
131 3
131 9
131 11
131 13
131 15
131 18
131 20
131 25
131 26
131 34
131 35
131 36
131 37
131 38
131 40
131 43
131 44
131 49
131 54
131 59
131 60
131 61
131 64
131 67
131 73
131 80
131 81
131 82
131 83
131 84
131 88
131 91
131 93
131 99
131 101
131 104
131 105
131 107
131 110
131 114
131 128
131 124
131 147
131 48
131 4
131 133
131 75
131 19
131 98
131 53
131 138
131 14
131 125
131 130
131 126
131 72
131 142
131 115
131 149
131 103
131 21
131 143
131 118
131 10
131 85
131 76
131 79
131 74
131 6
131 102
131 0
131 120
131 141
131 65
131 41
131 27
131 42
131 16
131 23
131 145
131 22
131 52
131 89
131 136
131 24
131 127
131 50
131 57
131 87
131 144
131 69
131 5
131 39
131 117
131 86
131 51
131 140
131 100
131 97
131 132
131 33
131 17
131 135
131 139
131 146
131 148
132 1
132 4
132 9
132 11
132 13
132 15
132 16
132 17
132 18
132 20
132 21
132 26
132 41
132 43
132 45
132 54
132 61
132 65
132 67
132 69
132 74
132 75
132 78
132 80
132 81
132 82
132 83
132 86
132 88
132 98
132 101
132 113
132 114
132 120
132 125
132 126
132 129
132 131
132 130
132 59
132 37
132 118
132 64
132 149
132 68
132 33
132 71
132 111
132 3
132 135
132 35
132 57
132 109
132 29
132 5
132 137
132 73
132 34
132 66
132 103
132 7
132 102
132 24
132 133
132 134
132 136
132 140
132 141
132 143
132 144
132 145
133 2
133 8
133 11
133 13
133 16
133 20
133 27
133 35
133 41
133 43
133 49
133 51
133 56
133 58
133 61
133 62
133 63
133 67
133 71
133 72
133 73
133 79
133 85
133 86
133 97
133 100
133 101
133 103
133 104
133 120
133 122
133 124
133 128
133 129
133 131
133 57
133 139
133 125
133 108
133 18
133 105
133 22
133 145
133 135
133 99
133 65
133 132
133 112
133 5
133 87
133 74
133 70
133 80
133 123
133 42
133 38
133 12
133 102
133 90
133 107
133 53
133 26
133 111
133 149
133 115
133 1
133 142
133 144
133 21
133 7
133 66
133 146
133 92
133 98
133 84
133 45
133 32
133 64
133 81
133 148
133 10
133 136
133 140
134 0
134 2
134 3
134 9
134 15
134 17
134 18
134 20
134 25
134 29
134 36
134 41
134 43
134 45
134 46
134 49
134 51
134 52
134 57
134 58
134 61
134 67
134 73
134 76
134 80
134 81
134 82
134 83
134 84
134 91
134 93
134 96
134 98
134 113
134 114
134 120
134 122
134 132
134 107
134 32
134 22
134 117
134 6
134 102
134 92
134 95
134 105
134 26
134 62
134 60
134 144
134 54
134 75
134 70
134 48
134 53
134 121
134 128
134 135
134 16
134 97
134 13
134 66
134 8
134 145
134 28
134 118
134 30
134 90
134 7
134 108
134 146
134 56
134 50
134 34
134 124
134 21
134 5
134 74
134 77
134 14
134 115
134 94
134 137
134 87
134 64
134 123
134 38
134 147
134 33
134 89
134 148
134 31
134 101
134 142
134 63
134 12
134 126
134 127
134 99
134 106
134 65
134 37
134 69
134 79
134 86
134 149
134 110
134 27
134 136
135 13
135 15
135 19
135 25
135 26
135 27
135 29
135 31
135 33
135 34
135 35
135 40
135 41
135 47
135 49
135 52
135 63
135 64
135 73
135 79
135 83
135 91
135 94
135 97
135 98
135 100
135 101
135 102
135 109
135 113
135 114
135 120
135 122
135 127
135 128
135 132
135 133
135 134
135 118
135 75
135 95
135 16
135 81
135 70
135 140
135 21
135 22
135 50
135 67
135 76
135 60
135 55
135 6
135 56
135 43
135 23
135 24
135 131
135 89
135 111
135 126
135 85
135 53
135 129
135 106
135 87
135 2
135 96
135 37
135 9
135 77
135 86
135 18
135 112
135 138
135 10
135 141
135 71
135 38
135 93
135 20
135 144
135 42
135 8
135 62
135 39
135 125
135 105
135 58
135 57
135 137
135 145
135 110
135 121
135 130
135 107
135 7
135 116
135 1
135 82
135 5
135 148
135 0
135 103
135 142
135 74
135 46
135 14
135 17
135 136
135 139
136 15
136 16
136 21
136 27
136 30
136 35
136 38
136 41
136 44
136 45
136 51
136 57
136 58
136 61
136 62
136 63
136 64
136 67
136 70
136 73
136 76
136 78
136 88
136 100
136 103
136 104
136 105
136 107
136 110
136 111
136 113
136 114
136 120
136 122
136 128
136 129
136 131
136 74
136 29
136 36
136 133
136 126
136 0
136 20
136 140
136 141
136 40
136 121
136 31
136 77
136 34
136 147
136 52
136 6
136 42
136 33
136 66
136 48
136 7
136 12
136 2
136 26
136 60
136 79
136 115
136 145
136 101
136 135
136 37
136 9
136 86
136 8
136 118
136 148
136 149
136 14
136 137
136 132
136 138
136 49
136 134
136 19
136 96
136 143
136 119
136 10
136 46
136 24
136 92
136 106
136 127
136 39
136 83
136 43
136 116
136 142
136 99
136 47
136 108
136 144
137 3
137 11
137 15
137 16
137 18
137 21
137 23
137 27
137 29
137 41
137 51
137 52
137 58
137 60
137 61
137 63
137 73
137 82
137 86
137 87
137 93
137 94
137 96
137 98
137 101
137 103
137 105
137 109
137 114
137 120
137 129
137 132
137 134
137 135
137 136
137 35
137 4
137 111
137 121
137 32
137 54
137 143
137 139
137 142
137 146
137 148
138 2
138 8
138 10
138 11
138 12
138 14
138 15
138 18
138 20
138 25
138 27
138 35
138 37
138 41
138 43
138 44
138 48
138 49
138 50
138 58
138 59
138 60
138 61
138 62
138 63
138 66
138 69
138 70
138 72
138 75
138 81
138 82
138 88
138 91
138 93
138 94
138 96
138 98
138 102
138 103
138 105
138 113
138 114
138 116
138 120
138 128
138 131
138 135
138 136
138 42
138 89
138 36
138 57
138 100
138 115
138 147
138 141
138 146
139 1
139 2
139 3
139 9
139 15
139 16
139 18
139 20
139 29
139 33
139 34
139 37
139 40
139 43
139 48
139 49
139 50
139 51
139 64
139 66
139 72
139 82
139 84
139 88
139 93
139 94
139 96
139 98
139 100
139 101
139 104
139 107
139 109
139 114
139 122
139 133
139 6
139 10
139 13
139 0
139 95
139 69
139 25
139 120
139 99
139 125
139 71
139 123
139 39
139 65
139 24
139 77
139 60
139 145
139 14
139 146
139 59
139 102
139 113
139 140
139 38
139 147
139 61
139 75
139 92
139 27
139 110
139 142
139 148
139 21
139 62
139 131
139 79
139 111
139 119
139 56
139 54
139 67
139 32
139 46
139 106
139 19
139 11
139 76
139 108
139 135
139 22
139 41
139 68
139 63
139 112
139 26
139 137
139 89
139 141
139 31
139 58
139 144
139 85
139 121
139 7
139 23
139 30
139 86
139 35
140 1
140 2
140 7
140 13
140 18
140 28
140 35
140 40
140 43
140 44
140 45
140 46
140 53
140 57
140 58
140 59
140 60
140 61
140 62
140 63
140 64
140 65
140 67
140 70
140 71
140 74
140 76
140 78
140 79
140 81
140 82
140 83
140 91
140 94
140 101
140 103
140 107
140 110
140 113
140 114
140 129
140 131
140 135
140 136
140 139
140 36
140 54
140 122
140 96
140 141
140 102
140 147
140 52
140 145
140 144
140 95
140 132
140 89
140 55
140 37
140 88
140 73
140 105
140 126
140 14
140 120
140 125
140 47
140 27
140 16
140 17
140 92
140 51
140 38
140 3
140 119
140 106
140 116
140 80
140 93
140 98
140 123
140 87
140 133
140 5
140 109
140 77
140 49
140 9
140 0
140 85
140 111
140 128
140 143
141 3
141 6
141 9
141 13
141 15
141 25
141 30
141 37
141 40
141 45
141 47
141 49
141 51
141 52
141 59
141 61
141 62
141 63
141 65
141 67
141 70
141 71
141 72
141 73
141 75
141 84
141 88
141 94
141 100
141 103
141 104
141 122
141 127
141 128
141 131
141 135
141 136
141 139
141 140
141 68
141 46
141 130
141 50
141 19
141 44
141 87
141 110
141 38
141 14
141 53
141 4
141 35
141 76
141 28
141 138
141 31
141 78
141 69
141 144
141 43
141 8
141 79
141 17
141 91
141 18
141 64
141 92
141 118
141 116
141 147
141 105
141 10
141 148
141 33
141 23
141 81
141 36
141 58
141 39
141 98
141 120
141 0
141 48
141 57
141 26
141 74
141 112
141 124
141 145
141 29
141 55
141 60
141 22
141 77
141 132
141 99
141 114
141 115
142 2
142 7
142 9
142 15
142 18
142 21
142 26
142 36
142 37
142 43
142 49
142 51
142 52
142 53
142 54
142 60
142 66
142 71
142 75
142 79
142 80
142 81
142 82
142 83
142 84
142 96
142 104
142 107
142 113
142 123
142 129
142 130
142 131
142 133
142 134
142 135
142 136
142 139
142 56
142 101
142 87
142 97
142 86
142 77
142 63
142 11
142 31
142 58
142 94
142 120
142 122
142 127
142 41
142 100
142 64
142 33
142 117
142 78
142 0
142 99
142 10
142 65
142 88
142 124
142 126
142 27
142 12
142 144
142 137
142 69
142 72
142 85
142 73
142 76
142 20
142 32
142 145
143 2
143 3
143 7
143 9
143 11
143 13
143 17
143 20
143 21
143 23
143 28
143 29
143 30
143 35
143 37
143 41
143 43
143 45
143 47
143 49
143 52
143 56
143 57
143 60
143 62
143 66
143 69
143 70
143 71
143 72
143 73
143 75
143 76
143 79
143 80
143 83
143 93
143 94
143 100
143 101
143 102
143 104
143 113
143 114
143 120
143 127
143 128
143 129
143 130
143 131
143 136
143 137
143 122
143 123
143 59
143 26
143 8
143 34
143 146
143 132
143 121
143 55
143 117
143 124
143 65
143 25
143 1
143 87
143 53
143 74
143 46
143 18
143 39
143 33
143 0
143 95
143 144
143 92
143 110
143 31
143 40
143 64
143 145
143 48
143 61
143 67
143 77
143 15
143 54
143 32
143 105
143 14
143 24
143 125
143 36
143 119
143 140
143 6
144 2
144 3
144 11
144 13
144 16
144 17
144 18
144 20
144 25
144 29
144 40
144 41
144 42
144 43
144 44
144 45
144 47
144 49
144 52
144 53
144 54
144 60
144 63
144 64
144 67
144 69
144 70
144 74
144 75
144 76
144 91
144 92
144 93
144 94
144 97
144 98
144 100
144 102
144 103
144 104
144 113
144 114
144 115
144 120
144 127
144 129
144 131
144 133
144 134
144 135
144 136
144 139
144 140
144 141
144 142
144 143
144 122
144 46
144 82
144 128
144 111
144 32
144 61
144 72
144 89
144 130
144 14
144 58
144 5
144 36
144 0
144 57
144 68
144 71
144 148
144 132
144 110
144 66
144 145
144 149
145 2
145 3
145 4
145 6
145 7
145 13
145 14
145 15
145 16
145 26
145 28
145 31
145 34
145 39
145 40
145 44
145 45
145 52
145 53
145 56
145 57
145 58
145 61
145 63
145 65
145 67
145 69
145 70
145 72
145 73
145 77
145 79
145 86
145 91
145 93
145 96
145 97
145 98
145 100
145 101
145 105
145 107
145 110
145 111
145 114
145 115
145 122
145 125
145 131
145 133
145 134
145 135
145 136
145 139
145 140
145 141
145 142
145 143
145 68
145 51
145 119
145 132
145 38
145 60
145 92
145 66
145 85
145 112
145 123
145 116
145 118
145 88
145 74
145 71
145 144
145 23
145 94
145 22
145 76
145 42
145 19
145 47
145 147
145 127
145 43
145 48
145 0
145 10
145 9
145 20
145 128
145 80
145 5
145 148
145 46
145 29
145 108
145 21
145 130
145 84
145 55
145 113
145 129
145 25
145 36
145 24
145 17
145 64
145 120
145 146
145 102
146 3
146 7
146 9
146 13
146 15
146 16
146 17
146 20
146 21
146 23
146 27
146 29
146 37
146 41
146 43
146 51
146 53
146 56
146 57
146 59
146 62
146 65
146 71
146 73
146 80
146 81
146 82
146 84
146 87
146 93
146 94
146 98
146 103
146 113
146 114
146 115
146 122
146 124
146 127
146 128
146 129
146 130
146 133
146 134
146 139
146 143
146 145
146 148
146 110
146 10
146 104
146 117
146 137
146 147
146 149
146 63
146 131
146 48
146 138
146 42
146 89
146 22
146 68
146 85
147 2
147 3
147 6
147 7
147 9
147 11
147 13
147 15
147 17
147 20
147 21
147 23
147 27
147 30
147 33
147 36
147 38
147 41
147 44
147 45
147 49
147 50
147 53
147 60
147 61
147 64
147 67
147 71
147 77
147 78
147 81
147 85
147 86
147 87
147 91
147 93
147 99
147 100
147 101
147 103
147 104
147 107
147 114
147 128
147 129
147 131
147 134
147 136
147 138
147 139
147 140
147 141
147 145
147 146
147 149
147 0
148 7
148 21
148 25
148 29
148 30
148 31
148 33
148 34
148 38
148 44
148 58
148 61
148 62
148 63
148 64
148 68
148 70
148 71
148 72
148 75
148 81
148 87
148 88
148 91
148 96
148 98
148 101
148 103
148 104
148 105
148 109
148 110
148 111
148 120
148 127
148 128
148 130
148 133
148 134
148 135
148 136
148 139
148 141
148 144
148 145
148 146
148 117
148 37
148 122
148 35
148 45
148 137
148 74
148 112
148 18
148 97
148 131
149 2
149 3
149 13
149 15
149 21
149 27
149 28
149 29
149 32
149 35
149 36
149 40
149 44
149 45
149 48
149 49
149 58
149 59
149 62
149 64
149 67
149 72
149 73
149 79
149 84
149 87
149 98
149 99
149 101
149 103
149 105
149 107
149 129
149 131
149 132
149 133
149 134
149 136
149 146
149 147
149 91
149 8
149 10
149 39
149 76
149 96
149 144
149 1
149 16
149 115
149 110
149 42
