50
0 49
0 21
0 35
0 2
0 5
0 9
0 12
0 13
0 16
0 17
0 23
0 24
0 29
0 31
0 32
0 34
0 37
0 39
0 41
0 43
0 44
0 47
0 48
1 31
1 5
1 9
1 42
1 26
1 14
1 28
1 11
1 8
1 2
1 3
1 10
1 15
1 16
1 25
1 27
1 29
1 34
1 39
2 28
2 30
2 44
2 23
2 34
2 1
2 0
2 35
2 33
2 47
2 10
2 9
2 49
2 39
2 37
2 13
2 14
2 21
2 43
2 42
2 45
2 27
2 24
2 3
2 7
2 16
2 17
2 29
2 48
3 2
3 46
3 19
3 38
3 44
3 26
3 10
3 1
3 34
3 37
3 28
3 40
3 21
3 8
3 24
3 42
3 39
3 20
3 9
3 48
3 22
3 41
3 29
3 11
3 15
3 16
3 17
3 30
3 47
3 49
4 16
4 11
4 10
4 49
4 17
4 47
4 8
4 13
4 23
4 26
4 28
4 31
4 32
4 40
4 41
4 43
4 44
5 1
5 44
5 40
5 22
5 30
5 26
5 7
5 33
5 31
5 48
5 46
5 16
5 28
5 35
5 49
5 10
5 34
5 23
5 27
5 43
5 18
5 8
5 0
5 45
5 36
5 11
5 12
5 15
5 19
5 32
5 37
5 39
5 47
6 24
6 35
6 33
6 12
6 45
6 20
6 7
6 8
6 9
6 11
6 15
6 23
6 26
6 28
6 34
6 38
6 40
6 42
6 44
6 47
6 48
7 5
7 2
7 49
7 32
7 45
7 19
7 46
7 29
7 13
7 11
7 30
7 25
7 22
7 6
7 34
7 8
7 9
7 17
7 21
7 23
7 27
7 38
7 39
7 40
7 44
8 1
8 3
8 5
8 6
8 49
8 24
8 17
8 30
8 16
8 21
8 12
8 45
8 9
8 7
8 4
8 40
8 19
8 27
8 28
8 31
8 32
8 34
8 35
8 38
8 41
8 42
8 44
8 47
8 48
9 1
9 2
9 3
9 8
9 11
9 36
9 40
9 17
9 22
9 44
9 45
9 49
9 7
9 23
9 31
9 12
9 20
9 29
9 38
9 6
9 0
9 37
9 47
9 21
9 33
9 34
9 32
9 48
9 13
9 16
9 19
9 26
9 43
10 2
10 3
10 4
10 5
10 39
10 30
10 16
10 1
10 49
10 31
10 28
10 40
10 20
10 47
10 34
10 11
10 17
10 19
10 33
10 15
10 26
10 13
10 23
10 37
10 44
10 45
10 48
11 1
11 3
11 4
11 7
11 9
11 10
11 20
11 5
11 31
11 25
11 33
11 40
11 35
11 6
11 34
11 19
11 12
11 39
11 32
11 13
11 47
11 23
11 26
11 28
11 29
11 30
11 41
11 42
11 49
12 6
12 8
12 9
12 11
12 36
12 28
12 0
12 48
12 21
12 35
12 16
12 42
12 13
12 5
12 18
12 23
12 44
12 34
12 22
12 26
12 27
12 29
12 30
12 33
12 47
12 49
13 2
13 7
13 11
13 12
13 10
13 32
13 34
13 4
13 39
13 46
13 48
13 25
13 29
13 9
13 0
13 33
13 18
13 45
13 40
13 17
13 47
13 23
13 14
13 19
13 27
13 30
13 31
13 38
13 44
14 1
14 2
14 32
14 41
14 13
14 16
14 37
14 40
14 48
14 49
15 3
15 10
15 30
15 1
15 6
15 29
15 20
15 26
15 25
15 5
15 43
15 16
15 19
15 22
15 27
15 28
15 32
15 40
15 42
15 44
15 49
16 4
16 5
16 8
16 10
16 12
16 15
16 45
16 35
16 42
16 0
16 9
16 3
16 41
16 14
16 44
16 18
16 30
16 34
16 23
16 46
16 49
16 29
16 1
16 40
16 2
16 25
16 28
16 27
16 31
16 32
16 39
16 47
16 48
17 4
17 8
17 9
17 10
17 13
17 47
17 48
17 7
17 19
17 29
17 27
17 42
17 44
17 38
17 2
17 41
17 26
17 20
17 35
17 37
17 23
17 46
17 30
17 0
17 3
17 39
17 25
17 22
18 5
18 12
18 13
18 16
18 25
18 20
18 28
18 34
18 21
18 22
18 23
18 26
18 30
18 31
18 32
18 35
18 40
18 42
18 47
19 3
19 7
19 8
19 10
19 11
19 17
19 28
19 26
19 35
19 15
19 30
19 22
19 24
19 9
19 33
19 23
19 37
19 5
19 41
19 38
19 13
19 21
19 27
19 39
19 43
19 44
19 47
19 49
20 3
20 6
20 9
20 10
20 11
20 15
20 17
20 18
20 44
20 23
20 25
20 26
20 27
20 28
20 29
20 30
20 31
20 35
20 42
20 43
20 48
21 0
21 2
21 3
21 8
21 9
21 12
21 48
21 38
21 31
21 7
21 35
21 28
21 30
21 18
21 49
21 19
21 43
21 25
21 32
21 22
21 44
21 23
21 36
21 37
21 39
22 3
22 5
22 7
22 9
22 19
22 21
22 29
22 37
22 15
22 38
22 43
22 17
22 47
22 12
22 28
22 18
22 34
22 33
22 39
22 32
22 23
22 25
22 30
22 40
22 42
22 49
23 2
23 5
23 9
23 12
23 13
23 16
23 17
23 19
23 31
23 6
23 11
23 36
23 47
23 7
23 20
23 27
23 39
23 18
23 33
23 21
23 24
23 10
23 4
23 28
23 22
23 41
23 48
23 0
23 40
23 25
23 29
23 30
23 32
23 44
24 2
24 3
24 6
24 8
24 19
24 23
24 0
24 37
24 26
24 27
24 28
24 30
24 32
24 34
24 38
24 39
24 43
24 47
25 7
25 11
25 13
25 15
25 16
25 17
25 18
25 21
25 23
25 49
25 1
25 39
25 28
25 20
25 42
25 22
25 27
25 29
25 32
25 34
25 43
26 1
26 3
26 5
26 10
26 15
26 17
26 19
26 11
26 37
26 12
26 36
26 9
26 48
26 33
26 18
26 39
26 4
26 42
26 46
26 47
26 24
26 34
26 31
26 20
26 6
26 27
26 28
26 29
26 30
26 32
26 44
27 2
27 5
27 16
27 17
27 23
27 36
27 41
27 47
27 38
27 20
27 7
27 8
27 43
27 37
27 25
27 12
27 26
27 1
27 42
27 13
27 19
27 30
27 15
27 34
27 49
27 24
27 29
27 40
27 48
28 1
28 2
28 3
28 5
28 10
28 12
28 16
28 18
28 19
28 21
28 22
28 23
28 25
28 33
28 32
28 11
28 24
28 8
28 4
28 38
28 37
28 15
28 31
28 29
28 48
28 20
28 26
28 40
28 47
28 6
28 41
28 45
28 30
28 44
28 46
28 49
29 3
29 7
29 9
29 13
29 15
29 16
29 17
29 22
29 28
29 2
29 27
29 1
29 11
29 39
29 12
29 38
29 34
29 31
29 46
29 26
29 35
29 36
29 44
29 32
29 20
29 37
29 25
29 23
29 0
29 33
29 30
29 40
29 43
29 49
30 2
30 5
30 7
30 8
30 10
30 15
30 16
30 17
30 19
30 21
30 27
30 47
30 34
30 3
30 11
30 45
30 46
30 18
30 12
30 40
30 39
30 24
30 26
30 13
30 43
30 33
30 36
30 20
30 23
30 22
30 38
30 28
30 29
30 31
30 37
30 42
30 44
31 1
31 5
31 9
31 10
31 11
31 21
31 23
31 26
31 28
31 29
31 49
31 41
31 32
31 13
31 40
31 39
31 42
31 48
31 16
31 30
31 44
31 8
31 46
31 0
31 34
31 4
31 38
31 18
31 33
31 20
31 43
31 47
32 7
32 9
32 11
32 13
32 14
32 21
32 22
32 28
32 29
32 31
32 18
32 5
32 0
32 38
32 45
32 39
32 41
32 48
32 47
32 24
32 16
32 26
32 4
32 25
32 49
32 15
32 8
32 23
32 40
32 37
32 33
32 43
33 2
33 5
33 6
33 9
33 10
33 11
33 13
33 19
33 22
33 23
33 26
33 28
33 29
33 30
33 31
33 32
33 42
33 36
33 12
33 34
33 47
34 2
34 3
34 5
34 7
34 9
34 10
34 11
34 12
34 13
34 16
34 18
34 22
34 26
34 27
34 29
34 30
34 31
34 0
34 24
34 40
34 33
34 25
34 6
34 41
34 42
34 1
34 8
34 44
34 47
34 48
35 0
35 2
35 5
35 6
35 11
35 12
35 16
35 17
35 19
35 21
35 29
35 8
35 42
35 18
35 20
35 38
35 40
35 43
35 49
36 5
36 9
36 12
36 23
36 26
36 27
36 29
36 30
36 33
36 21
36 43
36 39
36 40
36 42
36 44
36 47
36 48
37 2
37 3
37 9
37 17
37 19
37 22
37 24
37 26
37 27
37 28
37 29
37 32
37 41
37 39
37 10
37 21
37 30
37 38
37 5
37 0
37 46
37 14
37 40
37 47
38 3
38 9
38 17
38 19
38 21
38 22
38 27
38 28
38 29
38 30
38 31
38 32
38 37
38 45
38 7
38 6
38 8
38 47
38 13
38 41
38 42
38 40
38 24
38 35
38 46
38 39
38 48
38 49
39 2
39 3
39 10
39 11
39 13
39 17
39 22
39 23
39 25
39 26
39 29
39 30
39 31
39 32
39 37
39 7
39 46
39 5
39 43
39 36
39 42
39 0
39 24
39 21
39 47
39 41
39 16
39 44
39 1
39 19
39 38
40 3
40 5
40 8
40 9
40 10
40 11
40 13
40 16
40 23
40 28
40 30
40 31
40 32
40 34
40 38
40 22
40 6
40 14
40 4
40 18
40 42
40 45
40 27
40 44
40 48
40 49
40 41
40 7
40 46
40 36
40 35
40 37
40 29
40 43
40 15
40 47
41 3
41 14
41 16
41 17
41 19
41 23
41 27
41 28
41 31
41 32
41 34
41 37
41 38
41 39
41 40
41 4
41 0
41 11
41 43
41 8
41 45
41 48
41 49
42 1
42 2
42 3
42 12
42 16
42 17
42 25
42 26
42 27
42 31
42 33
42 34
42 35
42 38
42 39
42 40
42 36
42 30
42 8
42 15
42 20
42 45
42 44
42 6
42 18
42 11
42 22
42 47
42 43
43 2
43 5
43 15
43 21
43 22
43 27
43 30
43 36
43 39
43 40
43 41
43 49
43 47
43 9
43 4
43 42
43 32
43 25
43 19
43 29
43 31
43 46
43 24
43 0
43 35
43 20
43 45
43 48
44 2
44 3
44 5
44 9
44 12
44 16
44 17
44 20
44 21
44 29
44 31
44 39
44 40
44 42
44 34
44 15
44 49
44 0
44 23
44 36
44 4
44 30
44 19
44 13
44 7
44 26
44 6
44 28
44 10
44 8
44 46
44 47
44 48
45 2
45 5
45 6
45 7
45 8
45 9
45 13
45 16
45 28
45 30
45 32
45 38
45 40
45 42
45 43
45 41
45 10
46 3
46 5
46 7
46 13
46 16
46 17
46 26
46 29
46 30
46 31
46 37
46 38
46 39
46 40
46 43
46 44
46 28
46 47
47 2
47 4
47 9
47 10
47 11
47 13
47 17
47 22
47 23
47 26
47 27
47 28
47 30
47 32
47 38
47 39
47 40
47 42
47 43
47 12
47 18
47 31
47 5
47 44
47 3
47 16
47 46
47 37
47 6
47 0
47 34
47 24
47 8
47 36
47 19
47 33
48 3
48 5
48 9
48 12
48 13
48 17
48 21
48 23
48 26
48 28
48 31
48 32
48 40
48 10
48 34
48 36
48 27
48 2
48 20
48 6
48 49
48 38
48 14
48 8
48 16
48 0
48 41
48 44
48 43
49 0
49 2
49 4
49 5
49 7
49 8
49 9
49 10
49 16
49 21
49 25
49 27
49 31
49 32
49 40
49 43
49 44
49 48
49 22
49 35
49 11
49 15
49 28
49 3
49 14
49 38
49 19
49 41
49 29
49 12
