100
0 23
0 30
0 63
0 76
0 51
0 4
0 44
0 98
0 6
0 61
0 19
0 41
0 89
0 9
0 50
0 62
0 11
0 16
0 43
0 42
0 75
0 20
0 29
0 24
0 55
0 91
0 70
0 84
0 32
0 15
0 77
0 7
0 48
0 80
0 96
0 18
0 53
0 17
0 27
0 45
0 13
0 90
0 57
0 85
0 92
0 97
0 25
0 10
0 5
0 26
0 31
0 37
0 46
0 47
0 52
0 54
0 59
0 60
0 64
0 66
0 68
0 72
0 79
0 82
0 83
0 87
0 95
1 28
1 8
1 2
1 66
1 93
1 94
1 74
1 51
1 34
1 91
1 14
1 83
1 29
1 98
1 39
1 56
1 22
1 7
1 15
1 18
1 20
1 23
1 27
1 32
1 35
1 37
1 41
1 43
1 50
1 57
1 58
1 59
1 61
1 62
1 63
1 65
1 68
1 72
1 79
1 80
1 82
1 86
1 88
1 96
2 1
2 7
2 65
2 98
2 25
2 10
2 42
2 81
2 33
2 9
2 32
2 87
2 54
2 38
2 97
2 66
2 23
2 31
2 36
2 16
2 43
2 19
2 51
2 50
2 17
2 4
2 5
2 20
2 22
2 26
2 27
2 30
2 35
2 55
2 63
2 64
2 67
2 69
2 70
2 71
2 72
2 74
2 80
2 83
2 84
2 85
2 89
2 90
2 91
2 96
3 19
3 52
3 63
3 73
3 21
3 83
3 71
3 57
3 18
3 70
3 74
3 66
3 45
3 98
3 7
3 5
3 50
3 26
3 64
3 17
3 60
3 30
3 80
3 84
3 90
3 11
3 15
3 23
3 24
3 27
3 31
3 36
3 41
3 55
3 59
3 61
3 62
3 68
3 69
3 72
3 75
3 79
3 81
3 82
3 86
3 88
3 95
3 96
4 0
4 8
4 13
4 87
4 2
4 37
4 38
4 51
4 80
4 85
4 89
4 19
4 57
4 75
4 94
4 9
4 7
4 95
4 30
4 48
4 78
4 71
4 12
4 59
4 10
4 44
4 88
4 11
4 15
4 16
4 17
4 18
4 25
4 26
4 34
4 43
4 54
4 67
4 68
4 72
4 73
4 77
4 84
4 86
4 96
5 3
5 12
5 63
5 53
5 0
5 68
5 36
5 39
5 55
5 64
5 2
5 24
5 37
5 71
5 9
5 10
5 13
5 15
5 19
5 20
5 25
5 26
5 27
5 29
5 34
5 48
5 56
5 58
5 60
5 61
5 62
5 67
5 74
5 79
5 82
5 84
5 85
5 86
5 94
5 95
6 0
6 32
6 55
6 25
6 80
6 50
6 79
6 31
6 11
6 33
6 28
6 83
6 14
6 23
6 52
6 53
6 16
6 18
6 21
6 26
6 27
6 29
6 30
6 36
6 45
6 51
6 54
6 57
6 62
6 63
6 65
6 67
6 69
6 70
6 71
6 72
6 75
6 87
6 88
6 94
6 95
6 96
7 0
7 2
7 3
7 4
7 33
7 47
7 44
7 25
7 50
7 39
7 98
7 64
7 78
7 1
7 95
7 67
7 21
7 32
7 11
7 35
7 52
7 29
7 31
7 40
7 79
7 15
7 17
7 12
7 41
7 54
7 18
7 42
7 55
7 19
7 91
7 13
7 89
7 46
7 88
7 96
7 92
7 66
7 16
7 20
7 36
7 59
7 60
7 61
7 62
7 73
7 74
7 75
7 80
7 81
7 82
7 86
7 87
8 1
8 4
8 86
8 78
8 59
8 83
8 84
8 19
8 71
8 31
8 43
8 87
8 54
8 41
8 62
8 29
8 30
8 20
8 27
8 44
8 60
8 66
8 42
8 49
8 14
8 23
8 80
8 22
8 25
8 93
8 11
8 17
8 35
8 36
8 37
8 38
8 40
8 50
8 53
8 55
8 56
8 57
8 58
8 61
8 64
8 74
8 77
8 92
8 95
8 98
9 0
9 2
9 4
9 96
9 14
9 77
9 85
9 72
9 5
9 28
9 52
9 22
9 74
9 66
9 44
9 21
9 10
9 23
9 27
9 36
9 41
9 43
9 56
9 57
9 59
9 61
9 63
9 67
9 68
9 75
9 79
9 80
9 83
9 87
9 95
9 98
9 99
10 0
10 2
10 4
10 80
10 81
10 19
10 99
10 50
10 34
10 22
10 9
10 63
10 71
10 91
10 21
10 92
10 27
10 93
10 95
10 41
10 12
10 87
10 76
10 73
10 20
10 30
10 97
10 43
10 5
10 96
10 18
10 16
10 23
10 25
10 31
10 33
10 36
10 37
10 38
10 48
10 56
10 57
10 60
10 62
10 68
10 74
10 77
10 79
10 85
10 86
10 88
10 98
11 0
11 6
11 7
11 76
11 31
11 3
11 86
11 68
11 66
11 75
11 8
11 94
11 32
11 46
11 22
11 97
11 63
11 4
11 38
11 81
11 17
11 16
11 20
11 23
11 25
11 27
11 29
11 30
11 36
11 42
11 43
11 50
11 56
11 59
11 61
11 62
11 65
11 73
11 74
11 79
11 80
11 82
11 83
11 85
11 87
11 88
11 92
11 93
11 96
11 98
12 4
12 5
12 7
12 10
12 82
12 31
12 29
12 14
12 16
12 22
12 23
12 25
12 27
12 30
12 32
12 43
12 56
12 59
12 66
12 72
12 73
12 78
12 86
12 87
12 88
12 93
12 94
12 98
13 0
13 4
13 7
13 47
13 31
13 5
13 96
13 16
13 58
13 24
13 98
13 18
13 73
13 62
13 53
13 15
13 21
13 26
13 27
13 35
13 38
13 50
13 54
13 57
13 64
13 65
13 66
13 71
13 72
13 78
13 80
13 81
13 82
13 90
14 1
14 6
14 8
14 9
14 78
14 27
14 46
14 12
14 82
14 37
14 16
14 17
14 18
14 23
14 26
14 30
14 32
14 35
14 41
14 43
14 56
14 58
14 60
14 63
14 67
14 69
14 71
14 74
14 77
14 80
14 83
14 85
14 86
14 87
14 98
15 0
15 7
15 19
15 75
15 80
15 25
15 91
15 33
15 59
15 4
15 49
15 84
15 40
15 36
15 99
15 32
15 42
15 82
15 50
15 3
15 86
15 18
15 29
15 66
15 65
15 5
15 13
15 48
15 44
15 31
15 28
15 37
15 56
15 92
15 95
15 94
15 97
15 1
15 62
15 38
15 88
15 24
15 79
15 39
15 45
15 77
15 20
15 22
15 27
15 35
15 43
15 53
15 57
15 60
15 63
15 67
15 68
15 71
15 72
15 74
15 81
15 87
15 93
15 96
15 98
16 0
16 2
16 13
16 72
16 92
16 93
16 52
16 6
16 57
16 47
16 56
16 94
16 22
16 50
16 38
16 12
16 76
16 19
16 11
16 40
16 35
16 79
16 58
16 17
16 10
16 70
16 91
16 69
16 31
16 49
16 41
16 99
16 25
16 59
16 97
16 45
16 90
16 68
16 4
16 65
16 14
16 39
16 36
16 73
16 71
16 98
16 7
16 18
16 24
16 26
16 27
16 30
16 37
16 53
16 62
16 63
16 64
16 74
16 87
16 95
17 0
17 2
17 3
17 7
17 11
17 16
17 71
17 86
17 35
17 27
17 79
17 36
17 87
17 37
17 4
17 8
17 50
17 82
17 14
17 62
17 52
17 34
17 45
17 75
17 68
17 26
17 40
17 24
17 25
17 29
17 30
17 39
17 53
17 56
17 58
17 61
17 66
17 67
17 72
17 74
17 77
17 83
17 85
17 90
17 95
17 96
17 98
18 0
18 3
18 7
18 10
18 13
18 15
18 55
18 25
18 64
18 45
18 86
18 94
18 81
18 46
18 70
18 56
18 4
18 58
18 14
18 52
18 59
18 26
18 47
18 16
18 42
18 78
18 43
18 53
18 29
18 76
18 21
18 54
18 6
18 28
18 89
18 34
18 97
18 37
18 57
18 93
18 77
18 1
18 27
18 60
18 40
18 96
18 62
18 23
18 30
18 32
18 38
18 41
18 63
18 65
18 72
18 73
18 75
18 83
18 87
18 88
18 95
18 98
19 0
19 2
19 3
19 4
19 7
19 8
19 10
19 15
19 16
19 96
19 29
19 25
19 50
19 99
19 64
19 35
19 69
19 71
19 20
19 28
19 62
19 95
19 33
19 53
19 38
19 51
19 47
19 34
19 52
19 5
19 37
19 79
19 66
19 24
19 36
19 41
19 46
19 56
19 57
19 61
19 73
19 74
19 77
19 80
19 82
19 85
19 86
19 87
19 88
19 90
19 98
20 0
20 8
20 10
20 19
20 63
20 80
20 53
20 78
20 1
20 22
20 39
20 96
20 76
20 42
20 81
20 7
20 75
20 36
20 48
20 37
20 56
20 52
20 85
20 15
20 60
20 30
20 5
20 92
20 79
20 11
20 70
20 57
20 2
20 50
20 23
20 32
20 38
20 40
20 62
20 66
20 67
20 69
20 73
20 74
20 82
20 83
20 86
20 88
20 89
21 3
21 7
21 9
21 10
21 18
21 13
21 31
21 66
21 48
21 6
21 27
21 92
21 73
21 32
21 87
21 84
21 22
21 23
21 24
21 35
21 36
21 38
21 40
21 54
21 56
21 59
21 61
21 63
21 71
21 72
21 75
21 82
21 88
21 98
22 1
22 8
22 9
22 10
22 11
22 16
22 20
22 65
22 83
22 82
22 15
22 84
22 69
22 93
22 75
22 77
22 71
22 81
22 57
22 68
22 63
22 91
22 26
22 55
22 12
22 70
22 2
22 86
22 39
22 31
22 21
22 28
22 23
22 24
22 32
22 36
22 38
22 43
22 46
22 51
22 53
22 56
22 59
22 60
22 73
22 74
22 78
22 80
22 85
22 87
22 90
22 94
22 95
22 96
22 98
23 0
23 2
23 6
23 8
23 27
23 60
23 58
23 37
23 21
23 68
23 55
23 61
23 11
23 12
23 36
23 70
23 25
23 56
23 20
23 94
23 34
23 57
23 32
23 3
23 22
23 77
23 18
23 80
23 48
23 39
23 54
23 71
23 95
23 10
23 31
23 89
23 9
23 14
23 69
23 44
23 35
23 41
23 1
23 26
23 29
23 50
23 62
23 67
23 72
23 79
23 83
23 86
23 87
23 90
23 92
23 96
23 98
24 0
24 5
24 13
24 15
24 76
24 77
24 81
24 78
24 50
24 52
24 62
24 93
24 87
24 38
24 27
24 70
24 36
24 65
24 83
24 21
24 58
24 17
24 16
24 72
24 64
24 61
24 34
24 28
24 68
24 22
24 71
24 75
24 57
24 33
24 92
24 95
24 60
24 46
24 91
24 63
24 3
24 19
24 31
24 32
24 35
24 41
24 48
24 54
24 55
24 56
24 66
24 69
24 74
24 80
24 84
24 86
24 94
24 96
24 98
25 0
25 2
25 6
25 7
25 8
25 15
25 16
25 18
25 19
25 23
25 26
25 70
25 12
25 46
25 71
25 11
25 73
25 55
25 5
25 10
25 58
25 32
25 34
25 69
25 97
25 4
25 63
25 62
25 59
25 39
25 86
25 81
25 61
25 37
25 41
25 17
25 36
25 40
25 47
25 52
25 54
25 57
25 72
25 74
25 77
25 80
25 84
25 88
25 90
25 91
25 98
26 3
26 17
26 18
26 22
26 25
26 69
26 92
26 31
26 2
26 45
26 5
26 16
26 13
26 81
26 90
26 59
26 6
26 0
26 39
26 40
26 88
26 71
26 70
26 4
26 65
26 73
26 96
26 44
26 79
26 23
26 14
26 27
26 29
26 32
26 37
26 43
26 50
26 54
26 58
26 62
26 66
26 72
26 82
26 83
26 84
26 85
26 86
26 87
27 0
27 8
27 10
27 14
27 17
27 18
27 21
27 23
27 24
27 79
27 42
27 36
27 96
27 1
27 16
27 87
27 90
27 33
27 11
27 5
27 29
27 9
27 67
27 12
27 62
27 59
27 69
27 57
27 85
27 98
27 15
27 30
27 55
27 65
27 68
27 31
27 6
27 91
27 81
27 32
27 2
27 60
27 13
27 54
27 66
27 74
27 3
27 46
27 94
27 86
27 64
27 52
27 26
27 34
27 93
27 28
27 35
27 40
27 56
27 58
27 61
27 71
27 73
27 88
28 1
28 6
28 9
28 15
28 18
28 19
28 22
28 24
28 70
28 27
28 43
28 31
28 32
28 37
28 53
28 57
28 64
28 67
28 68
28 69
28 74
28 75
28 77
28 80
28 81
28 86
28 87
28 88
28 95
29 0
29 1
29 7
29 8
29 12
29 15
29 18
29 19
29 27
29 17
29 61
29 70
29 64
29 89
29 63
29 26
29 54
29 6
29 71
29 85
29 11
29 5
29 88
29 53
29 38
29 23
29 35
29 41
29 50
29 57
29 68
29 69
29 72
29 73
29 80
29 81
29 90
29 96
29 98
30 0
30 3
30 4
30 8
30 10
30 20
30 27
30 2
30 11
30 18
30 53
30 6
30 77
30 84
30 31
30 66
30 16
30 14
30 12
30 88
30 85
30 63
30 89
30 79
30 82
30 54
30 81
30 48
30 67
30 72
30 42
30 36
30 76
30 39
30 33
30 90
30 17
30 47
30 80
30 38
30 52
30 55
30 57
30 61
30 62
30 65
30 71
30 73
30 86
30 96
31 2
31 6
31 7
31 8
31 11
31 12
31 13
31 15
31 16
31 21
31 22
31 23
31 26
31 27
31 30
31 28
31 86
31 48
31 68
31 59
31 98
31 85
31 53
31 63
31 60
31 51
31 3
31 0
31 24
31 44
31 92
31 62
31 65
31 42
31 78
31 10
31 33
31 32
31 35
31 37
31 38
31 54
31 58
31 64
31 66
31 74
31 75
31 80
31 81
31 83
31 89
31 90
31 99
32 0
32 2
32 6
32 7
32 11
32 15
32 21
32 23
32 25
32 27
32 87
32 89
32 18
32 88
32 60
32 97
32 75
32 24
32 22
32 31
32 14
32 51
32 69
32 58
32 36
32 47
32 86
32 64
32 1
32 55
32 35
32 28
32 76
32 80
32 52
32 12
32 82
32 41
32 20
32 26
32 34
32 37
32 38
32 50
32 53
32 54
32 57
32 62
32 66
32 68
32 72
32 74
32 79
32 83
32 85
32 98
33 2
33 6
33 7
33 15
33 19
33 24
33 27
33 30
33 31
33 40
33 49
33 10
33 51
33 43
33 35
33 36
33 47
33 52
33 53
33 56
33 62
33 66
33 74
33 79
33 82
33 85
33 93
33 98
34 1
34 10
34 17
34 18
34 19
34 23
34 24
34 25
34 27
34 69
34 98
34 79
34 4
34 45
34 5
34 32
34 83
34 37
34 47
34 55
34 61
34 62
34 66
34 68
34 72
34 73
34 75
34 80
34 84
34 86
34 88
34 90
34 99
35 7
35 16
35 17
35 19
35 23
35 32
35 86
35 78
35 1
35 64
35 43
35 27
35 46
35 31
35 63
35 96
35 38
35 14
35 90
35 21
35 24
35 13
35 29
35 33
35 87
35 15
35 74
35 8
35 44
35 2
35 40
35 41
35 54
35 55
35 62
35 65
35 71
35 72
35 77
35 80
35 83
35 85
35 93
35 98
36 2
36 5
36 15
36 16
36 17
36 20
36 23
36 24
36 27
36 30
36 32
36 53
36 73
36 11
36 81
36 96
36 46
36 94
36 54
36 19
36 10
36 82
36 55
36 70
36 76
36 63
36 22
36 90
36 47
36 51
36 45
36 48
36 86
36 89
36 8
36 33
36 21
36 3
36 62
36 71
36 61
36 40
36 44
36 6
36 95
36 57
36 9
36 68
36 59
36 37
36 7
36 25
36 43
36 56
36 72
36 74
36 79
36 83
36 84
36 85
36 88
36 91
36 98
37 4
37 5
37 14
37 15
37 17
37 18
37 19
37 20
37 23
37 25
37 36
37 8
37 1
37 92
37 26
37 58
37 87
37 42
37 44
37 54
37 10
37 48
37 28
37 39
37 59
37 65
37 0
37 86
37 16
37 75
37 73
37 80
37 83
37 81
37 82
37 79
37 62
37 31
37 74
37 32
37 78
37 63
37 46
37 34
37 43
37 56
37 57
37 64
37 67
37 69
37 70
37 72
37 88
38 2
38 4
38 11
38 15
38 16
38 19
38 24
38 29
38 30
38 35
38 64
38 93
38 22
38 8
38 52
38 80
38 77
38 21
38 31
38 96
38 44
38 69
38 88
38 75
38 51
38 68
38 39
38 20
38 54
38 74
38 76
38 45
38 81
38 32
38 89
38 87
38 49
38 98
38 18
38 48
38 13
38 55
38 92
38 47
38 66
38 10
38 43
38 53
38 58
38 78
38 79
38 84
38 86
38 95
39 1
39 5
39 7
39 15
39 16
39 20
39 22
39 23
39 25
39 26
39 30
39 37
39 38
39 51
39 90
39 17
39 96
39 93
39 50
39 41
39 43
39 52
39 53
39 55
39 58
39 61
39 62
39 68
39 73
39 74
39 77
39 79
39 81
39 85
39 88
39 94
39 95
39 98
40 7
40 15
40 16
40 17
40 18
40 26
40 33
40 36
40 35
40 50
40 47
40 89
40 27
40 85
40 53
40 20
40 92
40 41
40 96
40 21
40 51
40 69
40 56
40 90
40 91
40 75
40 55
40 8
40 82
40 62
40 99
40 94
40 61
40 25
40 42
40 45
40 54
40 57
40 59
40 67
40 68
40 72
40 74
40 76
40 80
40 81
40 84
40 86
40 87
40 95
41 0
41 7
41 8
41 10
41 16
41 23
41 25
41 32
41 40
41 35
41 51
41 65
41 3
41 77
41 54
41 81
41 95
41 14
41 83
41 24
41 1
41 89
41 75
41 9
41 39
41 76
41 19
41 96
41 73
41 29
41 58
41 18
41 91
41 67
41 43
41 44
41 50
41 55
41 62
41 64
41 66
41 70
41 82
41 84
41 86
41 87
41 88
41 98
42 0
42 2
42 7
42 8
42 15
42 18
42 20
42 27
42 30
42 31
42 37
42 72
42 40
42 11
42 43
42 51
42 53
42 55
42 56
42 57
42 59
42 62
42 65
42 74
42 75
42 79
42 80
42 81
42 82
42 85
42 87
43 0
43 2
43 8
43 10
43 18
43 28
43 33
43 35
43 38
43 41
43 94
43 37
43 87
43 44
43 62
43 81
43 4
43 74
43 58
43 67
43 45
43 90
43 12
43 11
43 22
43 14
43 72
43 89
43 77
43 78
43 39
43 66
43 9
43 83
43 79
43 70
43 57
43 95
43 82
43 91
43 36
43 65
43 51
43 63
43 26
43 42
43 15
43 1
43 99
43 48
43 49
43 53
43 59
43 80
43 85
43 86
43 93
43 96
43 97
43 98
44 0
44 4
44 7
44 8
44 9
44 15
44 23
44 26
44 31
44 35
44 36
44 37
44 38
44 43
44 81
44 61
44 41
44 50
44 55
44 57
44 62
44 64
44 72
44 74
44 80
44 82
44 83
44 84
44 87
44 90
44 93
44 98
45 0
45 3
45 15
45 16
45 17
45 18
45 26
45 34
45 36
45 38
45 43
45 6
45 40
45 68
45 56
45 57
45 61
45 65
45 69
45 71
45 75
45 77
45 80
45 82
45 84
45 85
45 86
45 87
45 90
45 92
45 96
45 97
45 98
46 7
46 11
46 14
46 18
46 24
46 25
46 27
46 35
46 36
46 37
46 19
46 65
46 77
46 66
46 98
46 53
46 69
46 52
46 70
46 22
46 0
46 78
46 59
46 54
46 48
46 50
46 61
46 64
46 71
46 73
46 79
46 81
46 82
46 85
46 86
46 87
46 91
47 7
47 13
47 16
47 18
47 19
47 30
47 32
47 36
47 38
47 40
47 72
47 0
47 25
47 33
47 63
47 91
47 34
47 87
47 61
47 53
47 62
47 81
47 89
47 60
47 51
47 54
47 56
47 57
47 58
47 66
47 78
47 79
47 82
47 83
47 92
47 93
47 95
47 98
48 0
48 4
48 15
48 20
48 21
48 23
48 30
48 31
48 36
48 37
48 38
48 46
48 43
48 5
48 71
48 66
48 24
48 10
48 49
48 50
48 54
48 55
48 62
48 65
48 68
48 72
48 73
48 74
48 80
48 81
48 85
48 86
48 87
48 88
48 90
48 93
48 98
49 8
49 15
49 16
49 33
49 38
49 43
49 91
49 48
49 54
49 57
49 66
49 68
49 69
49 72
49 79
49 80
49 82
49 84
49 96
50 0
50 2
50 3
50 6
50 7
50 10
50 15
50 16
50 17
50 19
50 20
50 24
50 39
50 40
50 13
50 26
50 51
50 63
50 74
50 29
50 48
50 75
50 8
50 88
50 46
50 1
50 82
50 66
50 73
50 81
50 80
50 11
50 41
50 44
50 77
50 57
50 71
50 98
50 23
50 62
50 54
50 32
50 56
50 59
50 60
50 65
50 79
50 85
50 86
50 90
51 0
51 1
51 2
51 4
51 19
51 31
51 32
51 33
51 36
51 38
51 39
51 40
51 41
51 43
51 50
51 66
51 95
51 22
51 6
51 47
51 81
51 86
51 62
51 68
51 42
51 85
51 53
51 56
51 57
51 61
51 72
51 73
51 77
51 79
51 80
51 88
51 89
51 92
51 94
51 98
52 3
52 6
52 7
52 9
52 16
52 17
52 18
52 19
52 20
52 24
52 27
52 32
52 38
52 46
52 39
52 25
52 68
52 33
52 64
52 0
52 30
52 72
52 53
52 54
52 55
52 56
52 58
52 59
52 63
52 70
52 74
52 75
52 79
52 80
52 81
52 82
52 86
52 87
52 88
52 89
52 90
52 93
52 95
52 96
52 99
53 0
53 5
53 6
53 13
53 18
53 19
53 20
53 29
53 30
53 31
53 36
53 40
53 46
53 47
53 42
53 70
53 63
53 59
53 22
53 78
53 95
53 84
53 98
53 52
53 74
53 15
53 16
53 62
53 82
53 32
53 54
53 68
53 38
53 96
53 17
53 75
53 76
53 56
53 61
53 8
53 93
53 43
53 51
53 97
53 80
53 71
53 73
53 33
53 39
53 57
53 86
53 28
53 77
53 64
53 81
53 87
53 88
54 2
54 7
54 8
54 18
54 23
54 27
54 29
54 30
54 36
54 37
54 38
54 41
54 46
54 50
54 53
54 47
54 73
54 57
54 21
54 40
54 52
54 48
54 24
54 62
54 31
54 60
54 77
54 6
54 4
54 95
54 71
54 96
54 65
54 89
54 93
54 13
54 67
54 25
54 0
54 66
54 49
54 32
54 84
54 92
54 64
54 56
54 82
54 26
54 35
54 69
54 83
54 63
54 85
54 86
54 87
54 88
54 98
55 0
55 5
55 6
55 7
55 18
55 22
55 23
55 25
55 27
55 32
55 36
55 38
55 40
55 2
55 24
55 30
55 48
55 34
55 42
55 39
55 82
55 3
55 64
55 98
55 66
55 41
55 52
55 35
55 62
55 95
55 61
55 99
55 8
55 57
55 44
55 56
55 60
55 65
55 68
55 71
55 77
55 79
55 86
55 87
55 88
55 92
56 1
56 15
56 16
56 18
56 20
56 23
56 40
56 53
56 54
56 96
56 58
56 93
56 22
56 74
56 90
56 87
56 42
56 94
56 82
56 10
56 47
56 63
56 67
56 50
56 52
56 17
56 60
56 55
56 33
56 12
56 19
56 8
56 76
56 77
56 98
56 11
56 95
56 66
56 84
56 69
56 27
56 51
56 5
56 70
56 37
56 36
56 81
56 24
56 85
56 80
56 45
56 73
56 99
56 97
56 9
56 21
56 92
56 14
56 59
56 61
56 62
56 83
56 86
56 89
57 0
57 3
57 4
57 16
57 18
57 20
57 22
57 23
57 24
57 27
57 36
57 43
57 50
57 53
57 54
57 55
57 62
57 79
57 69
57 61
57 99
57 32
57 78
57 51
57 76
57 72
57 9
57 37
57 95
57 49
57 67
57 47
57 68
57 25
57 19
57 29
57 73
57 30
57 88
57 45
57 90
57 28
57 92
57 8
57 44
57 98
57 15
57 13
57 42
57 84
57 77
57 40
57 97
57 74
57 89
57 94
57 80
57 87
57 60
57 85
57 1
57 6
57 10
57 58
57 63
57 75
57 86
57 91
57 96
58 13
58 16
58 18
58 23
58 24
58 25
58 32
58 37
58 41
58 43
58 56
58 64
58 72
58 5
58 69
58 70
58 96
58 88
58 31
58 52
58 71
58 76
58 61
58 57
58 39
58 97
58 47
58 8
58 82
58 90
58 17
58 38
58 89
58 80
58 14
58 27
58 1
58 65
58 62
58 26
58 68
58 74
58 75
58 79
58 81
58 86
58 87
58 91
58 98
59 4
59 8
59 15
59 16
59 18
59 25
59 26
59 27
59 31
59 36
59 37
59 46
59 53
59 84
59 42
59 22
59 12
59 92
59 11
59 73
59 9
59 70
59 77
59 71
59 69
59 43
59 50
59 40
59 0
59 52
59 68
59 7
59 75
59 91
59 3
59 21
59 56
59 1
59 62
59 66
59 74
59 79
59 80
59 82
59 86
59 88
60 3
60 8
60 18
60 20
60 23
60 24
60 27
60 31
60 32
60 47
60 54
60 56
60 57
60 79
60 77
60 15
60 85
60 50
60 7
60 14
60 55
60 5
60 84
60 93
60 0
60 80
60 10
60 22
60 87
60 91
60 70
60 61
60 62
60 71
60 73
60 75
60 76
60 81
60 86
60 89
60 98
61 0
61 23
61 24
61 25
61 29
61 36
61 40
61 44
61 47
61 53
61 55
61 57
61 58
61 34
61 27
61 39
61 46
61 90
61 7
61 60
61 73
61 45
61 5
61 11
61 88
61 99
61 63
61 21
61 95
61 9
61 3
61 30
61 65
61 91
61 8
61 87
61 19
61 1
61 17
61 51
61 64
61 94
61 78
61 56
61 96
61 62
61 66
61 71
61 74
61 81
61 86
61 92
61 98
62 0
62 8
62 13
62 15
62 17
62 18
62 19
62 24
62 25
62 27
62 31
62 36
62 37
62 40
62 43
62 47
62 50
62 51
62 53
62 54
62 55
62 57
62 58
62 6
62 5
62 85
62 61
62 48
62 1
62 35
62 26
62 96
62 30
62 74
62 86
62 99
62 67
62 95
62 16
62 56
62 33
62 81
62 10
62 77
62 72
62 65
62 87
62 3
62 23
62 39
62 84
62 70
62 98
62 60
62 68
62 41
62 88
62 20
62 44
62 59
62 90
62 69
62 42
62 79
62 97
62 63
62 34
62 32
62 75
62 7
62 11
62 80
62 82
62 89
62 91
62 94
63 0
63 3
63 5
63 10
63 11
63 20
63 22
63 24
63 25
63 29
63 30
63 31
63 35
63 36
63 37
63 43
63 47
63 50
63 53
63 56
63 61
63 62
63 89
63 1
63 21
63 87
63 2
63 9
63 52
63 16
63 57
63 18
63 14
63 54
63 15
63 6
63 98
63 67
63 71
63 72
63 76
63 77
63 79
63 83
63 85
63 86
63 88
63 90
63 91
63 93
63 96
64 3
64 5
64 7
64 18
64 19
64 24
64 27
64 29
64 32
64 35
64 38
64 52
64 54
64 55
64 58
64 61
64 2
64 13
64 8
64 69
64 68
64 16
64 53
64 31
64 98
64 67
64 41
64 81
64 37
64 28
64 73
64 46
64 96
64 44
64 97
64 66
64 0
64 70
64 72
64 74
64 75
64 80
64 87
64 89
64 90
65 2
65 15
65 16
65 22
65 24
65 26
65 27
65 31
65 37
65 41
65 43
65 46
65 54
65 58
65 61
65 62
65 71
65 42
65 13
65 80
65 86
65 73
65 30
65 83
65 18
65 99
65 11
65 1
65 50
65 48
65 55
65 76
65 45
65 35
65 6
65 68
65 72
65 79
65 81
65 85
65 87
65 88
65 95
65 96
65 98
66 1
66 2
66 3
66 7
66 8
66 9
66 11
66 15
66 19
66 21
66 27
66 30
66 38
66 43
66 46
66 48
66 50
66 51
66 54
66 55
66 56
66 64
66 12
66 74
66 70
66 24
66 49
66 13
66 47
66 17
66 32
66 20
66 95
66 75
66 26
66 61
66 81
66 31
66 82
66 59
66 94
66 41
66 33
66 34
66 0
66 77
66 79
66 89
66 96
66 98
67 7
67 27
67 30
67 41
67 43
67 54
67 56
67 57
67 62
67 64
67 81
67 85
67 69
67 87
67 40
67 14
67 37
67 79
67 2
67 6
67 23
67 68
67 20
67 4
67 93
67 9
67 94
67 15
67 17
67 63
67 28
67 5
67 71
67 72
67 74
67 77
67 80
67 86
67 89
67 90
68 5
68 11
68 16
68 17
68 22
68 23
68 24
68 27
68 31
68 36
68 38
68 45
68 51
68 52
68 53
68 57
68 59
68 62
68 64
68 67
68 58
68 0
68 28
68 34
68 40
68 4
68 55
68 92
68 95
68 32
68 65
68 79
68 90
68 15
68 1
68 81
68 39
68 85
68 29
68 82
68 3
68 10
68 9
68 48
68 69
68 49
68 71
68 72
68 83
68 88
68 97
69 16
69 19
69 22
69 23
69 25
69 26
69 27
69 32
69 34
69 38
69 40
69 46
69 54
69 56
69 57
69 58
69 59
69 62
69 64
69 67
69 68
69 97
69 29
69 14
69 24
69 20
69 3
69 28
69 49
69 6
69 2
69 71
69 45
69 89
69 88
69 37
69 87
69 77
69 81
69 82
69 86
69 90
69 98
70 0
70 3
70 16
70 18
70 20
70 22
70 23
70 24
70 25
70 26
70 28
70 29
70 36
70 43
70 46
70 53
70 56
70 58
70 59
70 60
70 62
70 66
70 52
70 2
70 37
70 64
70 41
70 90
70 6
70 76
70 72
70 74
70 77
70 79
70 80
70 81
70 82
70 85
70 87
70 88
70 98
71 3
71 4
71 5
71 8
71 10
71 16
71 17
71 19
71 22
71 23
71 24
71 25
71 26
71 29
71 36
71 48
71 50
71 53
71 54
71 58
71 59
71 65
71 69
71 15
71 87
71 98
71 68
71 97
71 13
71 94
71 45
71 79
71 95
71 99
71 78
71 83
71 67
71 21
71 63
71 77
71 60
71 61
71 6
71 30
71 46
71 55
71 2
71 84
71 14
71 35
71 75
71 72
71 73
71 96
71 27
71 85
71 86
71 88
71 89
71 90
72 9
72 16
72 24
72 30
72 42
72 43
72 47
72 52
72 57
72 58
72 62
72 71
72 76
72 84
72 89
72 35
72 87
72 2
72 51
72 40
72 23
72 79
72 65
72 4
72 25
72 17
72 36
72 99
72 80
72 74
72 37
72 26
72 12
72 13
72 3
72 77
72 21
72 6
72 91
72 63
72 88
72 49
72 29
72 64
72 98
72 67
72 68
72 48
72 0
72 44
72 34
72 78
72 1
72 18
72 32
72 15
72 70
72 86
72 73
72 75
72 81
72 82
72 92
73 3
73 10
73 13
73 16
73 21
73 25
73 26
73 36
73 37
73 41
73 50
73 53
73 54
73 56
73 57
73 59
73 61
73 64
73 65
73 71
73 93
73 48
73 11
73 92
73 30
73 18
73 27
73 83
73 86
73 89
73 51
73 19
73 20
73 80
73 12
73 75
73 4
73 46
73 39
73 78
73 60
73 34
73 7
73 88
73 72
73 22
73 81
73 29
73 90
73 74
73 79
73 82
73 84
73 85
73 96
74 1
74 3
74 9
74 27
74 35
74 37
74 38
74 43
74 50
74 53
74 56
74 57
74 62
74 66
74 72
74 96
74 32
74 61
74 92
74 82
74 28
74 5
74 48
74 10
74 59
74 24
74 81
74 77
74 33
74 44
74 67
74 79
74 20
74 99
74 2
74 17
74 42
74 16
74 86
74 58
74 22
74 11
74 40
74 73
74 52
74 31
74 15
74 19
74 36
74 98
74 70
74 14
74 89
74 7
74 75
74 85
74 93
74 64
74 8
74 39
74 25
74 90
74 76
74 83
74 87
74 88
75 0
75 4
75 11
75 15
75 17
75 20
75 22
75 24
75 32
75 37
75 38
75 40
75 41
75 50
75 53
75 59
75 62
75 66
75 71
75 73
75 74
75 77
75 60
75 34
75 72
75 3
75 45
75 52
75 7
75 18
75 6
75 64
75 42
75 21
75 57
75 9
75 58
75 28
75 79
75 31
75 80
75 86
75 87
75 88
75 90
76 0
76 10
76 11
76 16
76 18
76 20
76 24
76 30
76 32
76 36
76 38
76 41
76 53
76 56
76 57
76 58
76 65
76 70
76 72
76 74
76 83
76 63
76 40
76 60
76 81
76 97
76 80
76 82
76 89
76 90
76 95
76 96
77 0
77 9
77 15
77 18
77 22
77 23
77 24
77 30
77 38
77 41
77 43
77 46
77 50
77 53
77 54
77 56
77 57
77 59
77 60
77 62
77 71
77 72
77 74
77 75
77 8
77 51
77 35
77 90
77 39
77 67
77 25
77 99
77 70
77 4
77 94
77 14
77 81
77 10
77 69
77 55
77 17
77 19
77 63
77 85
77 66
77 28
77 45
77 79
77 80
77 84
77 86
77 88
77 95
78 4
78 7
78 8
78 14
78 18
78 20
78 24
78 31
78 35
78 37
78 43
78 46
78 53
78 57
78 61
78 71
78 72
78 73
78 38
78 22
78 13
78 47
78 12
78 98
78 79
78 80
78 82
78 86
78 87
78 89
78 91
78 92
79 6
79 7
79 15
79 16
79 17
79 19
79 20
79 26
79 27
79 30
79 34
79 37
79 43
79 57
79 60
79 62
79 67
79 68
79 71
79 72
79 74
79 75
79 98
79 81
79 11
79 52
79 38
79 49
79 73
79 51
79 42
79 36
79 65
79 96
79 1
79 23
79 58
79 47
79 33
79 78
79 39
79 77
79 50
79 70
79 63
79 46
79 59
79 0
79 80
79 3
79 55
79 5
79 84
79 82
79 66
79 32
79 10
79 9
79 88
79 91
79 92
79 93
79 95
80 0
80 3
80 4
80 6
80 8
80 10
80 15
80 20
80 23
80 30
80 32
80 37
80 38
80 50
80 53
80 56
80 57
80 58
80 60
80 62
80 65
80 72
80 73
80 79
80 9
80 77
80 82
80 59
80 52
80 7
80 34
80 48
80 87
80 76
80 43
80 24
80 44
80 86
80 64
80 35
80 91
80 28
80 13
80 14
80 93
80 84
80 2
80 42
80 1
80 29
80 49
80 67
80 11
80 78
80 51
80 40
80 31
80 97
80 83
80 19
80 45
80 25
80 98
80 75
80 99
80 70
80 22
80 94
80 96
81 2
81 10
81 11
81 18
81 20
81 22
81 24
81 25
81 26
81 27
81 30
81 36
81 37
81 38
81 41
81 43
81 44
81 47
81 50
81 51
81 56
81 62
81 64
81 66
81 67
81 68
81 73
81 74
81 76
81 77
81 79
81 39
81 48
81 42
81 69
81 15
81 85
81 60
81 31
81 92
81 7
81 94
81 3
81 61
81 29
81 93
81 52
81 58
81 40
81 53
81 70
81 82
81 28
81 89
81 91
81 72
81 65
81 46
81 97
81 13
81 99
81 86
81 87
81 88
81 90
81 95
81 96
81 98
82 12
82 14
82 15
82 17
82 22
82 30
82 32
82 36
82 37
82 40
82 43
82 50
82 53
82 54
82 55
82 56
82 58
82 66
82 68
82 74
82 79
82 80
82 81
82 46
82 42
82 85
82 20
82 83
82 96
82 1
82 92
82 26
82 13
82 45
82 33
82 91
82 78
82 21
82 69
82 59
82 7
82 70
82 47
82 49
82 44
82 95
82 41
82 76
82 52
82 11
82 5
82 84
82 73
82 0
82 19
82 72
82 62
82 3
82 93
82 87
82 98
83 1
83 3
83 6
83 8
83 22
83 24
83 34
83 37
83 41
83 43
83 54
83 65
83 71
83 73
83 76
83 80
83 82
83 0
83 14
83 44
83 91
83 17
83 20
83 18
83 95
83 68
83 47
83 36
83 74
83 9
83 63
83 99
83 35
83 31
83 11
83 23
83 32
83 2
83 26
83 85
83 92
83 56
83 86
83 89
83 90
83 98
84 0
84 3
84 8
84 15
84 21
84 22
84 30
84 53
84 54
84 56
84 57
84 59
84 60
84 62
84 71
84 72
84 79
84 80
84 82
84 4
84 24
84 73
84 91
84 36
84 34
84 45
84 41
84 98
84 89
84 25
84 97
84 49
84 26
84 2
84 38
84 90
84 5
84 40
84 77
84 44
84 87
84 85
84 86
84 96
85 0
85 4
85 9
85 20
85 27
85 29
85 30
85 31
85 40
85 51
85 56
85 57
85 60
85 62
85 67
85 68
85 74
85 77
85 81
85 82
85 83
85 84
85 32
85 5
85 50
85 92
85 71
85 65
85 17
85 14
85 10
85 42
85 19
85 43
85 87
85 63
85 36
85 26
85 94
85 45
85 46
85 54
85 73
85 33
85 70
85 39
85 2
85 11
85 48
85 35
85 88
85 90
85 22
85 86
85 97
85 96
86 8
86 11
86 15
86 17
86 18
86 22
86 25
86 27
86 31
86 32
86 35
86 36
86 37
86 51
86 53
86 62
86 65
86 72
86 73
86 74
86 80
86 85
86 99
86 59
86 40
86 84
86 38
86 71
86 19
86 3
86 69
86 12
86 1
86 10
86 91
86 7
86 56
86 58
86 24
86 60
86 67
86 96
86 14
86 50
86 54
86 63
86 81
86 46
86 23
86 34
86 55
86 93
86 52
86 88
86 26
86 5
86 45
86 95
86 83
86 43
86 61
86 75
86 28
86 57
86 41
86 77
86 4
86 78
86 20
86 30
86 48
86 87
87 2
87 4
87 8
87 10
87 17
87 21
87 24
87 27
87 32
87 35
87 37
87 38
87 43
87 47
87 56
87 57
87 60
87 61
87 62
87 63
87 67
87 69
87 71
87 72
87 80
87 84
87 85
87 96
87 98
87 18
87 53
87 93
87 15
87 42
87 7
87 97
87 91
87 48
87 9
87 55
87 26
87 82
87 58
87 65
87 22
87 16
87 0
87 19
87 12
87 92
87 41
87 11
87 89
87 52
87 44
87 81
87 40
87 45
87 14
87 54
87 70
87 23
87 86
87 99
87 78
87 6
87 28
87 74
87 64
87 46
87 75
87 90
87 95
88 4
88 7
88 15
88 26
88 29
88 30
88 32
88 38
88 50
88 57
88 58
88 61
88 62
88 69
88 72
88 73
88 85
88 86
88 54
88 37
88 71
88 10
88 6
88 81
88 79
88 77
88 94
88 95
88 51
88 27
88 34
88 55
88 41
88 28
88 70
88 75
88 18
88 21
88 89
88 96
88 25
88 74
88 39
88 1
88 59
88 20
88 97
88 19
88 11
88 68
88 12
88 36
88 48
88 3
88 90
88 93
88 65
88 53
88 91
88 63
88 52
88 98
89 0
89 4
89 7
89 18
89 23
89 29
89 30
89 32
89 36
89 38
89 40
89 41
89 43
89 47
89 54
89 57
89 58
89 63
89 69
89 72
89 73
89 74
89 81
89 84
89 87
89 88
89 52
89 67
89 92
89 31
89 62
89 56
89 78
89 20
89 76
89 83
89 51
89 64
89 66
89 60
89 71
89 2
89 90
89 98
90 0
90 3
90 16
90 26
90 27
90 30
90 35
90 36
90 39
90 40
90 43
90 56
90 57
90 58
90 61
90 62
90 68
90 70
90 73
90 74
90 77
90 84
90 85
90 88
90 71
90 64
90 44
90 23
90 87
90 83
90 81
90 69
90 19
90 89
90 76
90 25
90 92
90 2
90 98
90 13
90 34
90 75
90 31
90 17
90 50
90 22
90 67
90 63
90 48
90 29
90 52
90 45
91 0
91 1
91 7
91 10
91 15
91 16
91 22
91 24
91 27
91 40
91 41
91 43
91 47
91 49
91 59
91 60
91 61
91 72
91 80
91 81
91 82
91 83
91 84
91 86
91 87
91 88
91 95
91 36
91 46
91 63
91 78
91 57
91 62
91 96
91 2
91 79
91 25
91 58
92 0
92 7
92 10
92 15
92 16
92 20
92 21
92 24
92 26
92 31
92 37
92 38
92 40
92 54
92 56
92 57
92 59
92 68
92 73
92 74
92 81
92 82
92 83
92 85
92 87
92 89
92 90
92 96
92 45
92 8
92 55
92 78
92 72
92 23
92 11
92 47
92 51
92 79
92 61
92 93
92 95
93 1
93 8
93 10
93 16
93 18
93 22
93 24
93 27
93 38
93 39
93 53
93 54
93 56
93 60
93 67
93 73
93 74
93 80
93 81
93 82
93 86
93 87
93 88
93 63
93 35
93 79
93 48
93 44
93 99
93 12
93 94
93 52
93 11
93 92
93 43
93 15
93 33
93 98
93 47
93 96
94 1
94 4
94 11
94 15
94 16
94 18
94 23
94 27
94 36
94 40
94 43
94 56
94 57
94 61
94 66
94 67
94 71
94 77
94 81
94 85
94 88
94 93
94 51
94 96
94 6
94 24
94 62
94 39
94 5
94 22
94 12
94 80
95 4
95 7
95 10
95 15
95 19
95 23
95 24
95 36
95 41
95 43
95 51
95 53
95 54
95 55
95 56
95 57
95 61
95 62
95 66
95 68
95 71
95 82
95 83
95 86
95 88
95 91
95 97
95 87
95 9
95 40
95 77
95 3
95 79
95 52
95 8
95 28
95 17
95 47
95 5
95 39
95 92
95 18
95 0
95 22
95 81
95 76
95 38
95 16
95 65
95 6
95 99
95 96
96 0
96 7
96 9
96 10
96 13
96 18
96 19
96 20
96 26
96 27
96 35
96 36
96 38
96 39
96 40
96 41
96 53
96 54
96 56
96 58
96 61
96 62
96 64
96 71
96 74
96 79
96 82
96 85
96 86
96 87
96 88
96 91
96 92
96 94
96 76
96 6
96 49
96 3
96 2
96 45
96 73
96 22
96 65
96 63
96 43
96 24
96 93
96 98
96 66
96 97
96 99
96 80
96 57
96 15
96 95
96 30
96 17
96 29
96 52
96 81
96 1
96 84
96 23
96 11
96 4
97 0
97 2
97 10
97 11
97 15
97 16
97 18
97 25
97 32
97 53
97 56
97 57
97 58
97 62
97 64
97 69
97 71
97 76
97 80
97 81
97 84
97 85
97 87
97 88
97 95
97 96
97 43
97 45
97 68
97 98
98 0
98 1
98 2
98 3
98 7
98 13
98 16
98 27
98 31
98 34
98 38
98 46
98 50
98 53
98 55
98 56
98 57
98 62
98 63
98 64
98 71
98 72
98 74
98 78
98 79
98 80
98 84
98 87
98 90
98 93
98 96
98 83
98 58
98 25
98 51
98 14
98 43
98 82
98 9
98 19
98 60
98 41
98 61
98 32
98 8
98 22
98 12
98 39
98 29
98 89
98 65
98 48
98 36
98 33
98 21
98 45
98 70
98 81
98 18
98 66
98 88
98 23
98 17
98 35
98 24
98 69
98 11
98 97
98 44
98 10
98 15
98 54
98 47
99 10
99 15
99 16
99 19
99 40
99 43
99 55
99 56
99 57
99 61
99 62
99 65
99 71
99 72
99 74
99 77
99 80
99 81
99 83
99 86
99 87
99 93
99 95
99 96
99 31
99 9
99 34
99 52
