125
0 76
0 47
0 116
0 41
0 101
0 40
0 88
0 25
0 74
0 6
0 105
0 123
0 81
0 19
0 124
0 8
0 62
0 68
0 95
0 65
0 73
0 99
0 58
0 3
0 24
0 83
0 100
0 56
0 11
0 12
0 51
0 115
0 87
0 28
0 57
0 70
0 34
0 114
0 10
0 61
0 104
0 2
0 16
0 22
0 26
0 33
0 36
0 46
0 48
0 53
0 59
0 66
0 71
0 75
0 78
0 80
0 82
0 91
0 96
0 106
0 107
0 109
0 110
0 111
0 112
0 113
0 117
0 119
0 120
1 52
1 104
1 47
1 108
1 124
1 9
1 20
1 21
1 7
1 44
1 63
1 14
1 12
1 71
1 94
1 60
1 81
1 16
1 18
1 82
1 46
1 11
1 64
1 50
1 42
1 84
1 70
1 49
1 2
1 6
1 10
1 22
1 26
1 29
1 32
1 36
1 40
1 43
1 48
1 53
1 57
1 66
1 73
1 76
1 78
1 80
1 83
1 85
1 86
1 89
1 90
1 93
1 106
1 111
1 113
1 115
1 116
1 118
1 120
1 122
2 9
2 32
2 20
2 62
2 98
2 71
2 44
2 74
2 40
2 109
2 77
2 42
2 16
2 87
2 88
2 99
2 119
2 96
2 86
2 0
2 78
2 28
2 36
2 56
2 116
2 68
2 64
2 67
2 94
2 41
2 21
2 50
2 66
2 106
2 52
2 22
2 29
2 108
2 3
2 115
2 118
2 55
2 1
2 103
2 82
2 97
2 54
2 24
2 4
2 53
2 6
2 83
2 46
2 104
2 10
2 12
2 26
2 33
2 39
2 43
2 45
2 48
2 57
2 63
2 65
2 73
2 80
2 84
2 91
2 100
2 102
2 105
2 107
2 110
2 111
2 112
2 120
2 122
3 0
3 2
3 5
3 100
3 114
3 58
3 37
3 20
3 79
3 75
3 17
3 66
3 108
3 74
3 12
3 49
3 23
3 54
3 48
3 94
3 29
3 47
3 69
3 78
3 97
3 117
3 116
3 4
3 84
3 50
3 56
3 113
3 30
3 109
3 7
3 82
3 70
3 10
3 71
3 59
3 6
3 90
3 107
3 65
3 120
3 18
3 39
3 41
3 43
3 46
3 55
3 57
3 63
3 68
3 73
3 98
3 106
3 110
3 112
3 115
3 118
4 2
4 3
4 98
4 84
4 28
4 96
4 9
4 81
4 115
4 21
4 20
4 101
4 102
4 75
4 32
4 47
4 108
4 120
4 59
4 104
4 33
4 11
4 24
4 5
4 12
4 15
4 17
4 29
4 37
4 45
4 56
4 60
4 61
4 64
4 66
4 78
4 79
4 80
4 88
4 91
4 93
4 94
4 97
4 99
4 109
4 111
4 112
4 114
4 119
4 124
5 3
5 48
5 56
5 104
5 120
5 52
5 95
5 87
5 33
5 37
5 77
5 124
5 98
5 81
5 80
5 19
5 6
5 36
5 75
5 22
5 93
5 103
5 62
5 30
5 10
5 8
5 32
5 89
5 66
5 83
5 45
5 4
5 88
5 59
5 54
5 13
5 50
5 17
5 28
5 53
5 57
5 60
5 64
5 68
5 79
5 85
5 86
5 96
5 99
5 106
5 108
5 111
5 112
5 113
5 114
5 117
5 118
5 123
6 0
6 2
6 3
6 5
6 14
6 12
6 8
6 121
6 19
6 66
6 18
6 24
6 63
6 95
6 120
6 36
6 115
6 10
6 84
6 15
6 111
6 88
6 49
6 17
6 86
6 71
6 32
6 105
6 109
6 110
6 30
6 77
6 1
6 78
6 26
6 29
6 117
6 11
6 33
6 40
6 68
6 23
6 67
6 83
6 82
6 61
6 87
6 114
6 70
6 45
6 38
6 22
6 31
6 43
6 44
6 48
6 53
6 54
6 55
6 56
6 65
6 79
6 80
6 90
6 91
6 92
6 94
6 96
6 97
6 102
6 106
6 112
6 116
7 1
7 3
7 60
7 121
7 107
7 13
7 99
7 24
7 25
7 92
7 58
7 74
7 30
7 79
7 94
7 122
7 21
7 28
7 31
7 109
7 45
7 37
7 23
7 27
7 32
7 33
7 34
7 54
7 61
7 62
7 71
7 73
7 82
7 85
7 88
7 97
7 104
7 111
7 113
7 118
7 120
7 123
8 0
8 5
8 6
8 16
8 33
8 9
8 10
8 23
8 26
8 29
8 31
8 36
8 37
8 39
8 42
8 46
8 48
8 50
8 54
8 56
8 57
8 58
8 62
8 64
8 66
8 71
8 73
8 74
8 86
8 88
8 96
8 100
8 106
8 108
8 109
8 112
8 113
8 114
8 116
8 119
8 120
8 121
9 1
9 2
9 4
9 49
9 76
9 64
9 12
9 113
9 96
9 37
9 63
9 67
9 31
9 91
9 78
9 114
9 109
9 104
9 42
9 110
9 8
9 82
9 10
9 18
9 44
9 40
9 73
9 62
9 27
9 105
9 72
9 66
9 74
9 60
9 59
9 118
9 16
9 23
9 25
9 28
9 43
9 46
9 48
9 51
9 53
9 54
9 89
9 93
9 97
9 98
9 100
9 107
9 108
9 112
9 117
9 120
9 122
10 0
10 3
10 5
10 6
10 9
10 45
10 17
10 50
10 60
10 25
10 91
10 121
10 11
10 120
10 21
10 46
10 116
10 48
10 78
10 104
10 64
10 13
10 61
10 14
10 32
10 96
10 29
10 111
10 22
10 98
10 18
10 76
10 106
10 77
10 110
10 66
10 81
10 27
10 8
10 97
10 1
10 34
10 95
10 2
10 112
10 43
10 58
10 72
10 40
10 119
10 16
10 31
10 38
10 53
10 54
10 62
10 63
10 65
10 68
10 71
10 73
10 86
10 87
10 88
10 90
10 113
10 117
10 122
11 0
11 1
11 4
11 6
11 10
11 36
11 66
11 47
11 123
11 88
11 82
11 28
11 13
11 75
11 106
11 22
11 27
11 32
11 37
11 41
11 45
11 53
11 54
11 57
11 58
11 60
11 63
11 68
11 74
11 84
11 86
11 89
11 112
11 114
11 119
11 120
11 121
12 0
12 1
12 3
12 6
12 9
12 2
12 49
12 16
12 120
12 72
12 36
12 32
12 46
12 48
12 104
12 113
12 4
12 105
12 82
12 122
12 15
12 17
12 22
12 119
12 27
12 76
12 41
12 75
12 96
12 18
12 45
12 84
12 65
12 117
12 61
12 118
12 25
12 14
12 34
12 42
12 43
12 53
12 54
12 64
12 66
12 68
12 71
12 86
12 90
12 99
12 108
12 109
12 110
12 111
12 112
12 114
12 116
12 121
12 123
13 5
13 7
13 10
13 11
13 111
13 30
13 26
13 32
13 34
13 37
13 38
13 43
13 46
13 48
13 50
13 57
13 64
13 66
13 68
13 73
13 76
13 78
13 83
13 84
13 85
13 88
13 90
13 96
13 99
13 100
13 106
13 108
13 109
13 110
13 117
13 122
14 1
14 6
14 10
14 116
14 80
14 12
14 68
14 77
14 109
14 65
14 69
14 43
14 98
14 111
14 104
14 63
14 38
14 42
14 103
14 46
14 53
14 58
14 17
14 22
14 23
14 24
14 27
14 34
14 37
14 41
14 56
14 60
14 62
14 73
14 76
14 78
14 83
14 84
14 88
14 89
14 91
14 93
14 94
14 97
14 106
14 108
14 110
14 117
14 119
14 121
14 122
15 6
15 12
15 58
15 4
15 22
15 25
15 27
15 36
15 39
15 43
15 45
15 53
15 56
15 57
15 64
15 68
15 73
15 76
15 80
15 81
15 88
15 94
15 96
15 97
15 98
15 109
15 112
15 116
15 121
16 1
16 2
16 8
16 12
16 0
16 57
16 10
16 103
16 9
16 50
16 33
16 117
16 37
16 23
16 26
16 27
16 30
16 31
16 36
16 38
16 40
16 44
16 55
16 65
16 66
16 67
16 78
16 79
16 84
16 86
16 88
16 89
16 92
16 93
16 100
16 101
16 108
16 109
16 110
16 111
16 113
16 118
16 119
16 122
16 124
17 3
17 6
17 10
17 12
17 66
17 119
17 117
17 45
17 28
17 84
17 18
17 55
17 48
17 37
17 14
17 100
17 121
17 26
17 60
17 57
17 39
17 95
17 70
17 31
17 42
17 120
17 4
17 114
17 54
17 79
17 50
17 77
17 71
17 73
17 19
17 46
17 80
17 68
17 21
17 5
17 106
17 22
17 30
17 32
17 41
17 43
17 53
17 58
17 59
17 62
17 65
17 78
17 82
17 86
17 88
17 89
17 90
17 93
17 94
17 103
17 110
17 111
17 112
17 122
17 124
18 1
18 6
18 9
18 10
18 12
18 17
18 60
18 111
18 55
18 3
18 115
18 81
18 84
18 28
18 70
18 76
18 66
18 109
18 78
18 82
18 40
18 36
18 48
18 74
18 72
18 64
18 34
18 122
18 23
18 26
18 31
18 53
18 58
18 63
18 68
18 73
18 77
18 86
18 90
18 94
18 96
18 100
18 102
18 104
18 106
18 108
18 112
18 117
18 119
18 120
18 124
19 0
19 5
19 6
19 17
19 34
19 68
19 103
19 97
19 112
19 39
19 80
19 108
19 47
19 25
19 29
19 32
19 40
19 41
19 44
19 45
19 49
19 56
19 60
19 61
19 64
19 65
19 73
19 78
19 81
19 84
19 85
19 88
19 90
19 91
19 96
19 109
19 110
19 111
19 113
19 114
19 115
19 116
19 119
19 120
19 121
20 1
20 2
20 3
20 4
20 47
20 105
20 64
20 27
20 117
20 26
20 38
20 32
20 78
20 118
20 62
20 123
20 80
20 79
20 111
20 98
20 39
20 48
20 45
20 116
20 84
20 74
20 122
20 23
20 25
20 30
20 33
20 36
20 46
20 57
20 60
20 63
20 66
20 68
20 69
20 85
20 88
20 90
20 96
20 97
20 106
20 108
20 119
20 121
21 1
21 2
21 4
21 7
21 10
21 17
21 64
21 22
21 25
21 27
21 29
21 30
21 31
21 36
21 45
21 48
21 63
21 66
21 73
21 76
21 88
21 90
21 93
21 94
21 95
21 96
21 104
21 106
21 109
21 111
21 117
21 121
21 124
22 2
22 5
22 10
22 12
22 102
22 82
22 100
22 109
22 79
22 6
22 11
22 112
22 65
22 41
22 45
22 23
22 115
22 21
22 72
22 73
22 15
22 91
22 24
22 60
22 0
22 53
22 17
22 56
22 14
22 1
22 31
22 36
22 37
22 38
22 46
22 48
22 54
22 57
22 63
22 71
22 76
22 78
22 84
22 90
22 96
22 111
22 113
22 116
22 117
22 119
22 123
23 3
23 6
23 22
23 36
23 14
23 33
23 46
23 123
23 51
23 28
23 63
23 31
23 65
23 71
23 120
23 122
23 102
23 41
23 16
23 119
23 7
23 25
23 57
23 53
23 90
23 55
23 82
23 69
23 64
23 42
23 81
23 92
23 121
23 97
23 20
23 115
23 47
23 49
23 9
23 74
23 18
23 87
23 78
23 67
23 44
23 29
23 83
23 8
23 58
23 27
23 96
23 111
23 84
23 101
23 37
23 26
23 30
23 43
23 50
23 61
23 62
23 68
23 70
23 75
23 76
23 93
23 94
23 105
23 108
23 109
23 110
23 112
23 113
23 117
23 118
23 124
24 0
24 2
24 4
24 6
24 7
24 22
24 14
24 37
24 96
24 88
24 93
24 70
24 50
24 92
24 25
24 28
24 36
24 41
24 43
24 45
24 48
24 56
24 57
24 58
24 66
24 68
24 72
24 78
24 83
24 89
24 90
24 104
24 106
24 108
24 109
24 110
24 112
24 113
24 117
24 118
24 120
24 121
24 123
25 0
25 7
25 10
25 12
25 23
25 71
25 46
25 38
25 56
25 48
25 106
25 9
25 26
25 104
25 24
25 15
25 86
25 99
25 101
25 107
25 58
25 19
25 47
25 89
25 67
25 119
25 79
25 102
25 83
25 65
25 96
25 41
25 84
25 32
25 20
25 61
25 39
25 52
25 122
25 90
25 94
25 21
25 120
25 118
25 43
25 30
25 33
25 49
25 50
25 57
25 64
25 66
25 68
25 69
25 73
25 80
25 82
25 91
25 93
25 97
25 108
25 109
25 110
25 112
25 113
25 117
25 123
26 6
26 17
26 20
26 25
26 85
26 77
26 81
26 18
26 87
26 63
26 91
26 60
26 43
26 39
26 59
26 83
26 23
26 69
26 75
26 111
26 89
26 8
26 114
26 1
26 80
26 16
26 49
26 0
26 106
26 55
26 38
26 90
26 13
26 84
26 42
26 88
26 124
26 44
26 41
26 64
26 40
26 37
26 109
26 73
26 30
26 72
26 98
26 62
26 104
26 34
26 100
26 2
26 53
26 74
26 27
26 45
26 48
26 54
26 57
26 66
26 67
26 78
26 94
26 95
26 97
26 99
26 101
26 108
26 110
26 117
26 118
26 119
26 120
27 9
27 10
27 12
27 20
27 23
27 7
27 16
27 101
27 35
27 14
27 15
27 113
27 21
27 117
27 11
27 26
27 32
27 43
27 47
27 89
27 31
27 39
27 41
27 44
27 45
27 50
27 54
27 56
27 57
27 58
27 59
27 63
27 64
27 69
27 70
27 72
27 73
27 78
27 82
27 83
27 84
27 85
27 88
27 90
27 91
27 94
27 96
27 106
27 116
27 119
27 121
28 0
28 2
28 4
28 7
28 11
28 17
28 18
28 23
28 35
28 115
28 56
28 64
28 107
28 96
28 109
28 85
28 30
28 5
28 40
28 67
28 94
28 9
28 114
28 123
28 24
28 72
28 120
28 45
28 112
28 29
28 41
28 31
28 33
28 36
28 38
28 46
28 49
28 50
28 53
28 54
28 60
28 65
28 68
28 71
28 73
28 78
28 84
28 90
28 91
28 106
28 108
28 110
28 111
28 117
28 119
28 121
28 124
29 2
29 3
29 6
29 10
29 23
29 28
29 42
29 106
29 99
29 46
29 1
29 37
29 52
29 120
29 43
29 60
29 54
29 4
29 109
29 19
29 87
29 44
29 121
29 55
29 105
29 113
29 53
29 123
29 74
29 108
29 21
29 75
29 45
29 8
29 64
29 78
29 59
29 33
29 34
29 39
29 41
29 56
29 57
29 62
29 66
29 76
29 84
29 89
29 90
29 97
29 101
29 111
29 117
30 3
30 5
30 6
30 7
30 13
30 26
30 28
30 35
30 17
30 55
30 66
30 48
30 87
30 54
30 39
30 20
30 60
30 59
30 107
30 47
30 104
30 23
30 100
30 53
30 96
30 81
30 25
30 50
30 69
30 41
30 34
30 121
30 64
30 21
30 76
30 93
30 115
30 89
30 117
30 85
30 78
30 70
30 56
30 16
30 58
30 94
30 43
30 118
30 124
30 92
30 73
30 90
30 31
30 32
30 33
30 37
30 46
30 61
30 63
30 68
30 82
30 84
30 91
30 103
30 109
30 110
30 123
31 7
31 9
31 17
31 23
31 10
31 37
31 94
31 27
31 53
31 28
31 83
31 106
31 16
31 115
31 21
31 68
31 30
31 58
31 116
31 34
31 121
31 124
31 105
31 32
31 114
31 52
31 22
31 41
31 38
31 6
31 95
31 103
31 77
31 113
31 57
31 56
31 73
31 18
31 108
31 100
31 87
31 84
31 118
31 122
31 8
31 119
31 109
31 69
31 101
31 40
31 54
31 70
31 78
31 123
31 66
31 67
31 96
31 39
31 44
31 45
31 47
31 48
31 50
31 55
31 59
31 62
31 63
31 75
31 76
31 81
31 88
31 89
31 91
31 93
31 99
31 104
31 110
31 112
32 2
32 4
32 5
32 6
32 10
32 12
32 20
32 25
32 27
32 31
32 105
32 30
32 116
32 11
32 1
32 13
32 90
32 7
32 99
32 102
32 108
32 44
32 96
32 121
32 19
32 92
32 36
32 87
32 109
32 46
32 122
32 17
32 42
32 37
32 38
32 41
32 43
32 45
32 47
32 48
32 50
32 54
32 57
32 58
32 59
32 65
32 66
32 71
32 88
32 91
32 94
32 100
32 110
32 111
32 113
32 114
32 117
32 119
32 120
33 4
33 5
33 6
33 8
33 16
33 23
33 93
33 56
33 2
33 20
33 111
33 7
33 123
33 72
33 25
33 44
33 30
33 88
33 55
33 28
33 29
33 38
33 117
33 113
33 0
33 99
33 39
33 40
33 41
33 43
33 48
33 50
33 58
33 60
33 61
33 62
33 65
33 78
33 80
33 81
33 86
33 89
33 91
33 94
33 96
33 98
33 100
33 107
33 108
33 109
33 110
33 119
34 0
34 10
34 18
34 19
34 26
34 30
34 31
34 56
34 72
34 114
34 105
34 85
34 12
34 13
34 7
34 14
34 29
34 123
34 107
34 92
34 74
34 40
34 58
34 59
34 62
34 64
34 68
34 73
34 78
34 79
34 81
34 84
34 86
34 88
34 89
34 90
34 96
34 99
34 100
34 102
34 106
34 108
34 110
34 111
34 112
34 117
34 119
34 120
34 121
34 122
35 27
35 28
35 30
35 67
35 46
35 57
35 58
35 60
35 64
35 68
35 74
35 75
35 76
35 80
35 84
35 86
35 94
35 96
35 97
35 100
35 108
35 110
35 111
35 112
35 113
35 117
35 119
35 120
35 122
36 2
36 5
36 6
36 11
36 12
36 18
36 23
36 32
36 97
36 123
36 114
36 96
36 51
36 90
36 41
36 115
36 71
36 42
36 20
36 16
36 107
36 43
36 84
36 0
36 65
36 24
36 21
36 37
36 63
36 56
36 116
36 76
36 87
36 118
36 47
36 100
36 92
36 98
36 70
36 64
36 1
36 102
36 75
36 49
36 28
36 93
36 15
36 62
36 68
36 54
36 58
36 44
36 22
36 8
36 38
36 39
36 46
36 53
36 60
36 85
36 99
36 108
36 112
36 117
36 119
37 3
37 5
37 7
37 9
37 16
37 17
37 23
37 24
37 26
37 29
37 31
37 36
37 51
37 86
37 92
37 52
37 107
37 115
37 106
37 91
37 47
37 67
37 4
37 39
37 104
37 30
37 117
37 99
37 41
37 49
37 79
37 83
37 57
37 69
37 14
37 109
37 66
37 87
37 54
37 96
37 75
37 116
37 98
37 114
37 55
37 8
37 22
37 50
37 45
37 105
37 32
37 13
37 82
37 81
37 110
37 60
37 100
37 11
37 72
37 58
37 80
37 123
37 68
37 43
37 62
37 64
37 65
37 71
37 78
37 84
37 93
37 94
37 118
37 119
37 120
37 124
38 6
38 14
38 20
38 25
38 26
38 31
38 33
38 66
38 97
38 104
38 88
38 92
38 103
38 13
38 47
38 52
38 50
38 124
38 22
38 87
38 78
38 73
38 82
38 28
38 105
38 62
38 107
38 10
38 77
38 16
38 32
38 68
38 36
38 89
38 122
38 53
38 123
38 41
38 43
38 46
38 54
38 55
38 56
38 57
38 63
38 67
38 70
38 71
38 72
38 74
38 84
38 93
38 99
38 102
38 108
38 110
38 112
38 113
38 114
38 117
38 119
39 17
39 19
39 20
39 25
39 26
39 30
39 37
39 52
39 8
39 3
39 50
39 53
39 59
39 36
39 73
39 89
39 27
39 93
39 118
39 121
39 87
39 2
39 31
39 29
39 91
39 71
39 110
39 15
39 33
39 47
39 56
39 57
39 58
39 64
39 67
39 70
39 75
39 78
39 80
39 84
39 88
39 90
39 97
39 106
39 107
39 108
39 109
39 111
39 114
39 117
39 120
39 123
40 0
40 2
40 6
40 9
40 10
40 18
40 26
40 28
40 31
40 61
40 44
40 34
40 19
40 72
40 16
40 74
40 117
40 46
40 68
40 97
40 42
40 1
40 79
40 78
40 33
40 109
40 41
40 48
40 53
40 55
40 57
40 58
40 64
40 66
40 67
40 69
40 71
40 73
40 75
40 84
40 88
40 91
40 94
40 96
40 98
40 99
40 100
40 106
40 108
40 110
40 112
40 113
40 114
40 116
40 118
40 119
40 120
41 0
41 2
41 12
41 22
41 23
41 25
41 26
41 28
41 30
41 31
41 36
41 37
41 103
41 123
41 29
41 62
41 77
41 27
41 71
41 24
41 48
41 88
41 81
41 64
41 109
41 3
41 92
41 57
41 65
41 76
41 112
41 74
41 84
41 99
41 101
41 70
41 93
41 38
41 11
41 78
41 60
41 121
41 19
41 100
41 17
41 85
41 33
41 96
41 14
41 87
41 32
41 40
41 55
41 58
41 69
41 42
41 43
41 53
41 54
41 63
41 66
41 75
41 86
41 89
41 90
41 97
41 98
41 108
41 111
41 117
41 119
41 120
42 1
42 2
42 9
42 14
42 17
42 23
42 26
42 29
42 32
42 36
42 40
42 80
42 113
42 64
42 117
42 47
42 12
42 51
42 111
42 120
42 102
42 41
42 73
42 123
42 90
42 50
42 101
42 82
42 65
42 54
42 8
42 107
42 115
42 43
42 57
42 61
42 62
42 66
42 67
42 68
42 71
42 74
42 76
42 78
42 79
42 91
42 93
42 94
42 96
42 97
42 108
42 110
42 114
42 119
42 121
42 124
43 10
43 14
43 25
43 26
43 27
43 29
43 30
43 36
43 41
43 84
43 38
43 42
43 63
43 6
43 15
43 48
43 82
43 9
43 90
43 100
43 64
43 73
43 37
43 110
43 58
43 44
43 94
43 93
43 68
43 95
43 3
43 75
43 74
43 104
43 106
43 53
43 17
43 121
43 92
43 23
43 83
43 111
43 1
43 117
43 60
43 103
43 72
43 24
43 52
43 55
43 32
43 12
43 97
43 107
43 13
43 85
43 65
43 33
43 76
43 2
43 46
43 54
43 56
43 59
43 66
43 71
43 87
43 88
43 91
43 96
43 99
43 102
43 109
43 112
43 113
43 114
43 115
43 119
43 120
44 1
44 2
44 9
44 23
44 26
44 29
44 32
44 33
44 36
44 40
44 43
44 31
44 105
44 19
44 56
44 66
44 67
44 16
44 81
44 75
44 102
44 6
44 69
44 50
44 27
44 117
44 104
44 51
44 45
44 57
44 58
44 63
44 68
44 78
44 84
44 89
44 90
44 91
44 93
44 94
44 96
44 99
44 106
44 109
44 116
44 119
44 120
44 121
45 5
45 6
45 7
45 10
45 12
45 17
45 20
45 22
45 28
45 29
45 37
45 44
45 83
45 73
45 92
45 80
45 19
45 97
45 4
45 76
45 27
45 11
45 101
45 66
45 59
45 78
45 32
45 68
45 77
45 93
45 87
45 31
45 90
45 111
45 24
45 98
45 62
45 26
45 49
45 102
45 64
45 52
45 46
45 107
45 100
45 21
45 55
45 74
45 75
45 89
45 69
45 112
45 2
45 15
45 48
45 50
45 58
45 60
45 65
45 71
45 79
45 84
45 88
45 91
45 94
45 96
45 103
45 108
45 109
45 121
45 123
46 1
46 2
46 10
46 12
46 14
46 17
46 23
46 25
46 29
46 32
46 40
46 45
46 94
46 82
46 104
46 78
46 88
46 114
46 66
46 86
46 38
46 97
46 22
46 120
46 111
46 107
46 20
46 58
46 123
46 8
46 71
46 115
46 121
46 63
46 72
46 109
46 81
46 95
46 35
46 113
46 0
46 76
46 13
46 117
46 55
46 106
46 9
46 43
46 60
46 112
46 68
46 28
46 3
46 84
46 49
46 92
46 122
46 47
46 36
46 74
46 73
46 30
46 85
46 48
46 50
46 65
46 79
46 90
46 91
46 96
46 100
46 102
46 108
46 118
47 0
47 1
47 3
47 4
47 11
47 19
47 20
47 23
47 25
47 27
47 30
47 36
47 37
47 38
47 42
47 46
47 112
47 118
47 81
47 39
47 60
47 31
47 84
47 32
47 48
47 50
47 58
47 61
47 63
47 64
47 66
47 67
47 70
47 71
47 73
47 86
47 90
47 94
47 97
47 100
47 102
47 106
47 107
47 108
47 109
47 110
47 111
47 116
47 120
47 124
48 3
48 5
48 10
48 12
48 17
48 18
48 20
48 25
48 30
48 41
48 43
48 31
48 21
48 82
48 62
48 8
48 32
48 59
48 98
48 6
48 2
48 104
48 80
48 68
48 81
48 123
48 118
48 0
48 13
48 77
48 86
48 63
48 49
48 111
48 90
48 93
48 72
48 9
48 45
48 94
48 96
48 26
48 116
48 120
48 56
48 40
48 69
48 87
48 66
48 70
48 88
48 60
48 33
48 107
48 22
48 46
48 61
48 51
48 95
48 1
48 65
48 117
48 85
48 47
48 24
48 58
48 73
48 79
48 99
48 106
48 108
48 119
49 1
49 3
49 6
49 9
49 12
49 23
49 26
49 36
49 37
49 45
49 46
49 48
49 103
49 107
49 28
49 81
49 52
49 19
49 25
49 96
49 53
49 57
49 58
49 60
49 62
49 68
49 70
49 71
49 78
49 84
49 88
49 90
49 91
49 93
49 97
49 99
49 100
49 108
49 110
49 111
49 112
49 113
49 114
49 119
49 123
49 124
50 1
50 2
50 3
50 5
50 10
50 16
50 17
50 24
50 30
50 37
50 38
50 39
50 42
50 44
50 102
50 71
50 46
50 13
50 86
50 8
50 121
50 45
50 60
50 47
50 90
50 23
50 25
50 32
50 112
50 94
50 33
50 64
50 77
50 83
50 75
50 28
50 115
50 27
50 78
50 31
50 66
50 54
50 59
50 62
50 65
50 82
50 85
50 88
50 93
50 96
50 98
50 99
50 103
50 105
50 106
50 109
50 114
50 117
50 118
50 119
50 120
51 0
51 23
51 36
51 37
51 42
51 44
51 48
51 9
51 114
51 53
51 64
51 65
51 66
51 79
51 81
51 82
51 88
51 91
51 94
51 96
51 97
51 98
51 99
51 108
51 109
51 110
51 111
51 112
51 113
51 117
51 118
52 1
52 2
52 5
52 25
52 29
52 31
52 37
52 38
52 39
52 43
52 45
52 49
52 119
52 54
52 55
52 62
52 63
52 66
52 76
52 84
52 89
52 90
52 91
52 93
52 94
52 96
52 97
52 102
52 103
52 106
52 110
52 111
52 112
52 114
52 116
52 117
52 118
53 2
53 14
53 22
53 23
53 26
53 29
53 30
53 31
53 38
53 39
53 43
53 89
53 74
53 91
53 106
53 100
53 51
53 99
53 9
53 65
53 90
53 87
53 95
53 105
53 6
53 73
53 5
53 86
53 55
53 115
53 66
53 49
53 121
53 18
53 102
53 10
53 93
53 1
53 11
53 12
53 40
53 78
53 15
53 59
53 110
53 120
53 17
53 36
53 124
53 28
53 41
53 98
53 60
53 0
53 70
53 58
53 62
53 63
53 68
53 79
53 82
53 88
53 94
53 103
53 117
53 119
53 123
54 2
54 3
54 5
54 17
54 29
54 30
54 31
54 36
54 37
54 42
54 63
54 50
54 70
54 122
54 32
54 85
54 101
54 56
54 117
54 102
54 74
54 59
54 38
54 78
54 12
54 9
54 11
54 110
54 81
54 108
54 96
54 8
54 123
54 121
54 82
54 120
54 26
54 72
54 112
54 65
54 6
54 67
54 80
54 52
54 27
54 57
54 92
54 10
54 22
54 61
54 111
54 41
54 118
54 28
54 7
54 97
54 83
54 43
54 100
54 60
54 64
54 73
54 86
54 88
54 89
54 90
54 94
54 106
54 114
54 119
54 124
55 2
55 17
55 18
55 23
55 26
55 29
55 30
55 33
55 37
55 41
55 43
55 45
55 46
55 53
55 16
55 123
55 112
55 63
55 72
55 78
55 38
55 52
55 88
55 121
55 86
55 31
55 3
55 40
55 6
55 61
55 60
55 64
55 65
55 68
55 70
55 87
55 89
55 90
55 93
55 94
55 96
55 100
55 107
55 109
55 111
55 114
55 118
55 120
56 0
56 2
56 3
56 5
56 22
56 25
56 28
56 30
56 31
56 33
56 34
56 36
56 44
56 48
56 54
56 43
56 112
56 59
56 113
56 73
56 93
56 72
56 8
56 82
56 19
56 81
56 117
56 39
56 110
56 14
56 122
56 66
56 88
56 58
56 74
56 38
56 64
56 4
56 84
56 24
56 71
56 27
56 29
56 95
56 87
56 118
56 115
56 15
56 78
56 6
56 61
56 65
56 90
56 91
56 98
56 104
56 106
56 108
56 109
56 111
56 114
56 121
57 0
57 16
57 17
57 23
57 31
57 37
57 41
57 54
57 104
57 107
57 77
57 2
57 67
57 40
57 103
57 44
57 42
57 116
57 76
57 35
57 84
57 11
57 70
57 120
57 97
57 26
57 15
57 39
57 25
57 29
57 24
57 20
57 108
57 32
57 79
57 113
57 5
57 73
57 114
57 66
57 58
57 93
57 78
57 112
57 8
57 38
57 109
57 27
57 119
57 1
57 13
57 3
57 102
57 123
57 60
57 96
57 49
57 91
57 90
57 64
57 22
57 63
57 65
57 82
57 94
57 98
57 99
57 100
57 111
57 117
57 118
57 121
57 122
57 124
58 0
58 3
58 7
58 10
58 14
58 15
58 23
58 25
58 30
58 31
58 36
58 37
58 41
58 43
58 46
58 48
58 56
58 57
58 122
58 97
58 33
58 35
58 77
58 114
58 104
58 8
58 27
58 40
58 39
58 65
58 11
58 75
58 44
58 95
58 99
58 49
58 47
58 24
58 34
58 92
58 45
58 32
58 18
58 66
58 98
58 84
58 80
58 67
58 53
58 119
58 90
58 17
58 68
58 100
58 105
58 109
58 110
58 79
58 63
58 69
58 62
58 64
58 73
58 76
58 78
58 86
58 93
58 94
58 108
58 111
58 113
58 117
58 118
58 120
58 123
59 3
59 4
59 5
59 9
59 26
59 29
59 30
59 39
59 45
59 48
59 53
59 54
59 56
59 31
59 79
59 32
59 98
59 61
59 66
59 50
59 0
59 91
59 43
59 86
59 27
59 117
59 76
59 17
59 34
59 92
59 94
59 60
59 62
59 65
59 68
59 73
59 80
59 85
59 88
59 89
59 96
59 97
59 99
59 100
59 106
59 108
59 109
59 110
59 112
59 113
59 118
59 119
59 121
60 1
60 7
60 9
60 10
60 17
60 18
60 22
60 26
60 29
60 30
60 37
60 41
60 43
60 46
60 47
60 48
60 50
60 53
60 57
60 45
60 96
60 19
60 55
60 5
60 36
60 20
60 59
60 78
60 94
60 73
60 116
60 11
60 72
60 54
60 35
60 33
60 90
60 69
60 99
60 111
60 4
60 49
60 114
60 28
60 14
60 65
60 62
60 63
60 66
60 68
60 70
60 71
60 76
60 79
60 93
60 97
60 107
60 108
60 110
60 112
60 113
60 119
60 122
60 124
61 0
61 6
61 10
61 12
61 25
61 40
61 48
61 54
61 55
61 59
61 95
61 80
61 83
61 56
61 78
61 68
61 73
61 30
61 123
61 117
61 79
61 120
61 88
61 7
61 19
61 4
61 122
61 33
61 75
61 93
61 47
61 86
61 98
61 62
61 66
61 42
61 63
61 23
61 64
61 70
61 71
61 89
61 91
61 96
61 109
61 110
61 112
61 114
61 116
61 119
62 0
62 2
62 5
62 9
62 20
62 26
62 36
62 38
62 41
62 45
62 48
62 61
62 50
62 10
62 99
62 122
62 119
62 89
62 92
62 115
62 34
62 53
62 84
62 123
62 31
62 112
62 106
62 42
62 85
62 124
62 68
62 114
62 75
62 49
62 91
62 104
62 59
62 58
62 33
62 37
62 7
62 121
62 100
62 95
62 14
62 102
62 17
62 109
62 52
62 69
62 96
62 29
62 60
62 79
62 64
62 8
62 80
62 23
62 78
62 90
62 107
62 110
62 117
63 1
63 6
63 9
63 14
63 23
63 26
63 36
63 43
63 46
63 48
63 54
63 55
63 58
63 61
63 21
63 69
63 3
63 84
63 94
63 99
63 87
63 102
63 52
63 60
63 103
63 41
63 86
63 11
63 82
63 38
63 2
63 78
63 98
63 66
63 20
63 68
63 101
63 22
63 97
63 71
63 110
63 109
63 91
63 108
63 93
63 47
63 44
63 96
63 53
63 27
63 10
63 90
63 118
63 113
63 65
63 31
63 64
63 30
63 85
63 111
63 76
63 123
63 18
63 115
63 57
63 67
63 72
63 73
63 83
63 100
63 106
63 112
63 114
63 117
63 121
64 1
64 2
64 9
64 10
64 18
64 20
64 21
64 23
64 26
64 28
64 29
64 30
64 36
64 41
64 42
64 43
64 45
64 50
64 56
64 57
64 62
64 63
64 105
64 73
64 107
64 58
64 80
64 117
64 40
64 34
64 61
64 4
64 13
64 94
64 67
64 110
64 103
64 55
64 47
64 5
64 97
64 27
64 115
64 121
64 12
64 104
64 35
64 66
64 85
64 19
64 54
64 77
64 8
64 65
64 70
64 106
64 118
64 86
64 76
64 99
64 82
64 51
64 83
64 101
64 37
64 96
64 98
64 39
64 114
64 93
64 81
64 79
64 112
64 15
64 111
64 116
64 25
64 68
64 71
64 84
64 88
64 89
64 90
64 109
64 120
64 122
64 123
64 124
65 0
65 3
65 12
65 14
65 22
65 23
65 25
65 36
65 41
65 42
65 43
65 48
65 53
65 54
65 58
65 60
65 63
65 64
65 45
65 33
65 84
65 37
65 77
65 79
65 111
65 114
65 98
65 86
65 74
65 17
65 90
65 101
65 92
65 97
65 108
65 6
65 50
65 68
65 56
65 83
65 46
65 19
65 103
65 51
65 72
65 124
65 120
65 57
65 123
65 55
65 96
65 10
65 66
65 2
65 28
65 102
65 32
65 82
65 99
65 71
65 59
65 109
65 16
65 105
65 69
65 70
65 73
65 80
65 88
65 89
65 91
65 93
65 100
65 112
65 117
65 119
66 2
66 3
66 5
66 6
66 9
66 10
66 11
66 17
66 18
66 30
66 31
66 37
66 38
66 44
66 45
66 46
66 48
66 50
66 53
66 56
66 57
66 58
66 59
66 61
66 63
66 64
66 65
66 40
66 117
66 24
66 13
66 32
66 87
66 80
66 60
66 94
66 8
66 29
66 105
66 51
66 52
66 93
66 47
66 21
66 42
66 20
66 124
66 119
66 67
66 122
66 79
66 26
66 103
66 82
66 115
66 121
66 12
66 78
66 43
66 41
66 71
66 83
66 123
66 16
66 1
66 0
66 25
66 4
66 75
66 85
66 86
66 88
66 89
66 90
66 96
66 99
66 100
66 101
66 108
66 111
66 112
66 120
67 2
67 6
67 9
67 23
67 25
67 28
67 31
67 35
67 37
67 44
67 54
67 57
67 58
67 64
67 66
67 40
67 104
67 95
67 39
67 123
67 42
67 38
67 124
67 108
67 101
67 26
67 79
67 81
67 97
67 63
67 47
67 118
67 16
67 76
67 68
67 71
67 73
67 78
67 84
67 88
67 90
67 94
67 96
67 99
67 100
67 102
67 106
67 111
67 112
67 114
67 117
67 119
67 121
67 122
68 0
68 2
68 6
68 14
68 17
68 19
68 31
68 36
68 37
68 38
68 40
68 43
68 45
68 46
68 48
68 58
68 61
68 62
68 63
68 65
68 105
68 76
68 88
68 3
68 25
68 72
68 67
68 107
68 103
68 80
68 35
68 64
68 34
68 87
68 44
68 55
68 12
68 10
68 91
68 113
68 28
68 109
68 123
68 104
68 82
68 24
68 13
68 106
68 69
68 81
68 116
68 15
68 30
68 23
68 49
68 122
68 100
68 114
68 60
68 59
68 117
68 53
68 84
68 120
68 11
68 92
68 83
68 96
68 73
68 5
68 20
68 112
68 70
68 42
68 102
68 97
68 18
68 78
68 86
68 94
68 98
68 99
68 111
68 121
69 3
69 14
69 23
69 26
69 30
69 31
69 37
69 41
69 44
69 45
69 48
69 58
69 60
69 62
69 63
69 68
69 101
69 110
69 81
69 27
69 25
69 75
69 40
69 65
69 20
69 73
69 78
69 83
69 88
69 89
69 96
69 99
69 106
69 107
69 108
69 109
69 112
69 117
69 118
69 120
69 123
69 124
70 0
70 1
70 3
70 6
70 17
70 18
70 24
70 30
70 31
70 36
70 41
70 48
70 53
70 54
70 57
70 64
70 68
70 72
70 117
70 103
70 55
70 47
70 87
70 49
70 97
70 114
70 23
70 124
70 27
70 104
70 94
70 109
70 80
70 39
70 102
70 61
70 93
70 81
70 65
70 60
70 79
70 38
70 73
70 76
70 82
70 83
70 89
70 91
70 96
70 98
70 110
70 112
70 113
70 119
70 121
71 1
71 2
71 3
71 6
71 17
71 23
71 25
71 36
71 39
71 41
71 46
71 50
71 56
71 63
71 65
71 66
71 40
71 120
71 47
71 32
71 79
71 43
71 7
71 28
71 60
71 12
71 88
71 49
71 85
71 0
71 82
71 67
71 37
71 76
71 119
71 102
71 10
71 96
71 72
71 64
71 121
71 45
71 61
71 92
71 38
71 42
71 97
71 22
71 115
71 117
71 74
71 94
71 8
71 107
71 93
71 91
71 98
71 100
71 108
71 109
71 111
71 113
71 114
72 9
72 10
72 12
72 18
72 22
72 26
72 28
72 33
72 34
72 37
72 40
72 43
72 46
72 48
72 54
72 55
72 56
72 60
72 65
72 68
72 70
72 71
72 63
72 122
72 38
72 27
72 75
72 24
72 115
72 73
72 78
72 80
72 88
72 90
72 93
72 94
72 96
72 100
72 112
72 114
72 116
72 117
72 123
72 124
73 0
73 9
73 17
73 22
73 26
73 30
73 31
73 38
73 39
73 42
73 43
73 45
73 46
73 53
73 56
73 57
73 60
73 61
73 64
73 68
73 111
73 120
73 54
73 89
73 72
73 121
73 115
73 112
73 81
73 96
73 58
73 65
73 75
73 27
73 79
73 8
73 85
73 93
73 108
73 14
73 34
73 70
73 19
73 10
73 1
73 106
73 69
73 107
73 28
73 94
73 13
73 113
73 3
73 67
73 48
73 118
73 77
73 15
73 95
73 7
73 102
73 100
73 59
73 40
73 18
73 25
73 2
73 63
73 110
73 88
73 92
73 21
73 47
73 78
73 82
73 90
73 97
73 114
73 117
74 0
74 2
74 3
74 7
74 9
74 18
74 20
74 23
74 26
74 29
74 34
74 40
74 41
74 43
74 45
74 46
74 53
74 54
74 56
74 65
74 71
74 109
74 8
74 35
74 38
74 11
74 84
74 108
74 42
74 91
74 95
74 79
74 82
74 83
74 88
74 90
74 93
74 110
74 111
74 112
74 113
74 114
74 116
74 117
74 118
74 120
75 3
75 4
75 5
75 11
75 12
75 26
75 29
75 36
75 37
75 43
75 44
75 45
75 50
75 58
75 61
75 62
75 69
75 72
75 73
75 88
75 106
75 35
75 31
75 40
75 39
75 0
75 66
75 41
75 111
75 23
75 78
75 86
75 91
75 92
75 94
75 97
75 108
75 109
75 113
75 117
75 119
76 0
76 9
76 10
76 12
76 18
76 30
76 36
76 41
76 43
76 45
76 46
76 57
76 59
76 63
76 64
76 67
76 68
76 71
76 14
76 23
76 29
76 1
76 60
76 80
76 117
76 21
76 106
76 42
76 77
76 82
76 95
76 13
76 31
76 70
76 58
76 113
76 122
76 15
76 114
76 100
76 52
76 83
76 86
76 84
76 110
76 22
76 112
76 102
76 119
76 123
76 35
76 88
76 91
76 93
76 94
76 97
76 107
76 108
76 120
77 2
77 5
77 6
77 10
77 14
77 17
77 26
77 31
77 38
77 41
77 45
77 48
77 50
77 57
77 58
77 64
77 65
77 73
77 76
77 18
77 78
77 80
77 82
77 83
77 88
77 97
77 99
77 100
77 106
77 107
77 112
77 113
77 114
77 117
77 123
78 2
78 3
78 6
78 9
78 10
78 18
78 20
78 23
78 29
78 30
78 31
78 38
78 40
78 41
78 45
78 46
78 50
78 53
78 54
78 55
78 56
78 57
78 60
78 61
78 63
78 66
78 13
78 69
78 33
78 113
78 101
78 89
78 108
78 116
78 100
78 37
78 82
78 16
78 58
78 93
78 19
78 75
78 34
78 77
78 102
78 105
78 0
78 39
78 107
78 26
78 22
78 106
78 109
78 17
78 24
78 42
78 117
78 4
78 72
78 14
78 68
78 83
78 73
78 27
78 92
78 28
78 62
78 49
78 1
78 124
78 67
78 120
78 111
78 44
78 112
78 103
78 79
78 84
78 86
78 88
78 91
78 123
79 3
79 7
79 17
79 20
79 22
79 25
79 37
79 40
79 57
79 58
79 59
79 61
79 62
79 64
79 65
79 66
79 67
79 70
79 71
79 73
79 74
79 78
79 83
79 45
79 53
79 48
79 6
79 118
79 5
79 102
79 60
79 84
79 51
79 16
79 105
79 115
79 42
79 81
79 46
79 34
79 116
79 4
79 88
79 90
79 91
79 93
79 94
79 96
79 97
79 99
79 103
79 106
79 107
79 111
79 117
79 119
79 120
80 5
80 14
80 17
80 19
80 20
80 26
80 37
80 42
80 45
80 48
80 54
80 58
80 61
80 62
80 64
80 66
80 68
80 70
80 76
80 72
80 35
80 84
80 77
80 99
80 25
80 1
80 107
80 98
80 2
80 65
80 117
80 0
80 39
80 6
80 81
80 119
80 102
80 4
80 33
80 15
80 59
80 90
80 91
80 94
80 100
80 104
80 108
80 109
80 111
80 112
80 114
80 118
80 123
81 0
81 1
81 4
81 5
81 10
81 18
81 23
81 26
81 30
81 37
81 41
81 44
81 46
81 47
81 48
81 49
81 54
81 56
81 64
81 67
81 68
81 69
81 70
81 73
81 79
81 80
81 51
81 113
81 122
81 34
81 15
81 103
81 33
81 82
81 31
81 115
81 86
81 19
81 91
81 84
81 118
81 89
81 90
81 94
81 96
81 97
81 99
81 100
81 104
81 108
81 114
81 116
81 119
81 121
82 1
82 2
82 3
82 6
82 9
82 11
82 12
82 18
82 22
82 23
82 37
82 38
82 42
82 43
82 46
82 48
82 54
82 56
82 63
82 64
82 65
82 66
82 68
82 71
82 74
82 76
82 78
82 81
82 57
82 83
82 118
82 104
82 50
82 115
82 73
82 51
82 27
82 70
82 7
82 117
82 17
82 25
82 102
82 77
82 30
82 53
82 0
82 84
82 90
82 91
82 93
82 94
82 96
82 106
82 108
82 109
82 112
82 119
82 120
82 124
83 0
83 2
83 5
83 6
83 23
83 25
83 26
83 31
83 37
83 43
83 45
83 50
83 54
83 61
83 64
83 65
83 66
83 68
83 76
83 78
83 79
83 82
83 1
83 74
83 27
83 77
83 24
83 14
83 63
83 13
83 86
83 90
83 115
83 69
83 105
83 70
83 84
83 88
83 91
83 96
83 97
83 99
83 102
83 106
83 108
83 109
83 110
83 111
83 112
83 116
83 117
83 118
83 119
83 123
83 124
84 1
84 3
84 4
84 6
84 12
84 17
84 18
84 20
84 23
84 25
84 26
84 31
84 36
84 41
84 43
84 46
84 47
84 56
84 57
84 58
84 62
84 63
84 65
84 68
84 74
84 76
84 79
84 80
84 81
84 103
84 64
84 124
84 35
84 118
84 44
84 27
84 110
84 106
84 38
84 34
84 90
84 91
84 28
84 100
84 82
84 119
84 29
84 45
84 30
84 123
84 49
84 2
84 111
84 39
84 13
84 92
84 16
84 83
84 14
84 67
84 112
84 99
84 37
84 89
84 22
84 121
84 78
84 11
84 52
84 19
84 104
84 115
84 96
84 120
84 85
84 87
84 88
84 40
84 86
84 94
84 109
84 122
85 26
85 28
85 30
85 34
85 41
85 43
85 46
85 48
85 54
85 62
85 63
85 64
85 71
85 73
85 84
85 5
85 100
85 1
85 102
85 20
85 7
85 115
85 104
85 50
85 27
85 66
85 59
85 89
85 36
85 86
85 13
85 88
85 19
85 91
85 94
85 96
85 101
85 106
85 107
85 109
85 110
85 112
85 120
85 122
86 2
86 6
86 25
86 37
86 46
86 48
86 50
86 53
86 55
86 59
86 61
86 63
86 64
86 65
86 76
86 81
86 83
86 85
86 10
86 1
86 54
86 47
86 84
86 5
86 119
86 117
86 75
86 78
86 17
86 34
86 16
86 12
86 123
86 93
86 68
86 114
86 90
86 11
86 35
86 98
86 89
86 66
86 58
86 41
86 18
86 8
86 33
86 110
86 88
86 94
86 95
86 99
86 102
86 108
86 109
86 111
86 112
86 113
86 116
86 118
87 0
87 2
87 5
87 6
87 23
87 26
87 29
87 30
87 31
87 32
87 36
87 37
87 38
87 39
87 41
87 45
87 48
87 53
87 56
87 63
87 66
87 68
87 70
87 84
87 10
87 88
87 55
87 117
87 43
87 99
87 108
87 109
87 110
87 113
87 118
87 119
87 120
87 122
87 124
88 0
88 2
88 5
88 6
88 11
88 24
88 26
88 33
88 38
88 41
88 46
88 48
88 55
88 56
88 61
88 68
88 71
88 73
88 75
88 84
88 85
88 87
88 40
88 79
88 93
88 54
88 20
88 4
88 112
88 74
88 45
88 49
88 66
88 86
88 13
88 95
88 14
88 67
88 8
88 109
88 115
88 69
88 123
88 122
88 17
88 16
88 59
88 121
88 120
88 39
88 53
88 113
88 99
88 32
88 101
88 77
88 27
88 117
88 19
88 34
88 31
88 43
88 21
88 76
88 92
88 72
88 15
88 83
88 78
88 105
88 94
88 97
88 51
88 98
88 65
88 50
88 10
88 119
88 64
88 7
88 90
88 110
88 111
88 116
88 124
89 5
89 25
89 26
89 27
89 30
89 38
89 39
89 45
89 53
89 62
89 73
89 78
89 84
89 85
89 86
89 16
89 66
89 123
89 14
89 31
89 92
89 1
89 113
89 65
89 64
89 29
89 81
89 52
89 59
89 44
89 96
89 117
89 94
89 101
89 41
89 11
89 17
89 69
89 111
89 70
89 24
89 33
89 9
89 55
89 95
89 54
89 61
89 115
89 106
89 34
89 105
89 102
89 91
89 100
89 108
89 110
89 112
89 114
89 119
90 3
90 23
90 25
90 26
90 30
90 32
90 36
90 42
90 43
90 45
90 48
90 50
90 53
90 57
90 58
90 60
90 63
90 65
90 83
90 84
90 86
90 107
90 73
90 24
90 67
90 104
90 6
90 99
90 74
90 82
90 102
90 123
90 96
90 113
90 66
90 98
90 109
90 64
90 106
90 62
90 72
90 17
90 103
90 13
90 21
90 108
90 19
90 121
90 1
90 47
90 119
90 52
90 46
90 54
90 55
90 115
90 39
90 120
90 27
90 20
90 12
90 118
90 41
90 29
90 95
90 56
90 110
90 49
90 34
90 80
90 81
90 28
90 79
90 44
90 100
90 18
90 22
90 111
90 10
90 91
90 88
90 105
90 97
90 101
90 116
90 117
90 122
90 124
91 9
91 10
91 22
91 26
91 37
91 39
91 53
91 57
91 59
91 62
91 63
91 68
91 71
91 74
91 81
91 84
91 90
91 61
91 0
91 42
91 85
91 19
91 31
91 52
91 115
91 28
91 79
91 120
91 97
91 78
91 56
91 123
91 80
91 113
91 45
91 70
91 83
91 76
91 49
91 33
91 44
91 6
91 40
91 122
91 112
91 119
91 4
91 65
91 110
91 107
91 82
91 46
91 111
91 2
91 30
91 14
91 103
91 43
91 75
91 118
91 51
91 116
91 27
91 32
91 94
91 89
91 25
91 93
91 96
91 98
91 100
91 101
91 108
91 109
91 117
92 7
92 23
92 24
92 30
92 32
92 34
92 36
92 37
92 38
92 41
92 43
92 45
92 46
92 54
92 58
92 59
92 62
92 65
92 68
92 71
92 73
92 78
92 84
92 88
92 89
92 6
92 124
92 104
92 16
92 98
92 75
92 94
92 96
92 108
92 111
92 114
92 117
92 118
92 119
92 122
93 5
93 24
93 30
93 33
93 36
93 39
93 41
93 43
93 45
93 48
93 53
93 56
93 57
93 61
93 63
93 64
93 66
93 70
93 71
93 73
93 78
93 86
93 88
93 95
93 79
93 38
93 17
93 72
93 44
93 49
93 74
93 21
93 37
93 58
93 106
93 119
93 23
93 107
93 25
93 1
93 121
93 112
93 82
93 91
93 55
93 50
93 9
93 31
93 76
93 42
93 14
93 52
93 102
93 4
93 60
93 115
93 16
93 65
93 96
93 100
93 111
93 113
93 114
93 120
94 1
94 2
94 3
94 7
94 25
94 28
94 30
94 31
94 43
94 46
94 48
94 50
94 59
94 60
94 63
94 64
94 66
94 70
94 71
94 73
94 88
94 89
94 91
94 17
94 79
94 44
94 115
94 110
94 67
94 57
94 42
94 80
94 101
94 51
94 85
94 109
94 23
94 82
94 45
94 14
94 47
94 4
94 84
94 26
94 76
94 86
94 68
94 100
94 53
94 75
94 32
94 124
94 18
94 117
94 81
94 113
94 15
94 33
94 21
94 92
94 27
94 103
94 54
94 58
94 52
94 121
94 40
94 112
94 6
94 108
94 37
94 55
94 72
94 35
94 118
94 97
94 107
94 123
94 96
94 106
95 0
95 5
95 6
95 10
95 17
95 31
95 43
95 46
95 48
95 53
95 56
95 58
95 61
95 62
95 67
95 73
95 74
95 76
95 88
95 89
95 90
95 93
95 26
95 86
95 99
95 21
95 106
95 100
95 109
95 111
95 114
95 117
95 118
95 124
96 2
96 4
96 9
96 10
96 12
96 23
96 24
96 25
96 28
96 30
96 31
96 32
96 36
96 37
96 41
96 48
96 49
96 54
96 57
96 60
96 62
96 63
96 64
96 65
96 68
96 71
96 73
96 84
96 89
96 90
96 81
96 94
96 6
96 72
96 99
96 33
96 122
96 15
96 50
96 20
96 46
96 82
96 102
96 70
96 52
96 119
96 27
96 100
96 51
96 124
96 55
96 59
96 113
96 85
96 22
96 19
96 115
96 103
96 18
96 66
96 21
96 111
96 40
96 0
96 42
96 44
96 92
96 67
96 118
96 117
96 13
96 120
96 69
96 83
96 114
96 35
96 8
96 105
96 123
96 104
96 93
96 43
96 5
96 61
96 98
96 34
96 79
96 45
96 91
96 101
96 107
96 108
96 109
96 112
96 116
96 121
97 2
97 3
97 10
97 19
97 23
97 36
97 38
97 40
97 43
97 45
97 46
97 54
97 57
97 58
97 63
97 64
97 65
97 67
97 68
97 70
97 71
97 88
97 91
97 94
97 113
97 83
97 7
97 49
97 120
97 20
97 60
97 14
97 41
97 90
97 76
97 26
97 29
97 59
97 117
97 105
97 39
97 15
97 35
97 81
97 52
97 9
97 79
97 73
97 51
97 47
97 4
97 104
97 103
97 77
97 112
97 25
97 75
97 6
97 42
97 119
97 106
97 108
97 101
97 109
97 111
97 116
97 121
97 122
97 123
97 124
98 2
98 4
98 5
98 10
98 14
98 20
98 26
98 36
98 37
98 45
98 48
98 53
98 58
98 59
98 61
98 63
98 64
98 65
98 80
98 86
98 88
98 90
98 92
98 96
98 91
98 41
98 33
98 9
98 115
98 102
98 50
98 51
98 108
98 56
98 113
98 15
98 3
98 103
98 105
98 118
98 57
98 70
98 40
98 68
98 71
98 99
98 104
98 109
98 110
98 111
98 112
98 114
98 117
98 119
98 120
98 121
99 0
99 2
99 7
99 25
99 29
99 32
99 33
99 37
99 41
99 53
99 58
99 60
99 62
99 63
99 64
99 65
99 80
99 84
99 88
99 90
99 95
99 96
99 40
99 123
99 68
99 67
99 77
99 103
99 81
99 66
99 83
99 12
99 51
99 57
99 44
99 5
99 86
99 49
99 108
99 116
99 119
99 104
99 114
99 4
99 111
99 87
99 109
99 31
99 110
99 79
99 59
99 98
99 113
99 36
99 43
99 69
99 48
99 34
99 50
99 26
99 38
99 13
99 106
99 121
100 0
100 3
100 17
100 22
100 26
100 30
100 31
100 36
100 37
100 41
100 43
100 45
100 53
100 54
100 58
100 62
100 68
100 73
100 76
100 78
100 84
100 85
100 90
100 94
100 96
100 77
100 89
100 118
100 57
100 33
100 35
100 8
100 104
100 81
100 95
100 2
100 32
100 34
100 13
100 108
100 107
100 49
100 55
100 91
100 65
100 115
100 105
100 101
100 46
100 93
100 63
100 9
100 18
100 59
100 80
100 72
100 16
100 113
100 66
100 40
100 71
100 47
100 67
100 103
100 106
100 109
100 110
100 112
100 117
101 0
101 4
101 23
101 25
101 27
101 31
101 41
101 42
101 45
101 54
101 63
101 64
101 65
101 67
101 69
101 78
101 88
101 89
101 94
101 96
101 97
101 100
101 16
101 90
101 118
101 26
101 121
101 66
101 29
101 91
101 85
101 117
101 106
101 107
101 108
101 109
101 110
101 114
101 116
101 120
101 122
102 4
102 22
102 23
102 25
102 32
102 36
102 42
102 44
102 45
102 50
102 53
102 54
102 57
102 62
102 63
102 65
102 68
102 70
102 71
102 73
102 76
102 78
102 79
102 80
102 82
102 85
102 89
102 90
102 93
102 96
102 98
102 86
102 47
102 107
102 43
102 46
102 34
102 104
102 18
102 52
102 2
102 67
102 38
102 83
102 6
102 117
102 106
102 108
102 109
102 110
102 111
102 112
102 114
102 119
102 122
102 124
103 2
103 5
103 14
103 16
103 19
103 31
103 38
103 41
103 43
103 49
103 57
103 63
103 64
103 65
103 66
103 68
103 70
103 78
103 81
103 84
103 90
103 91
103 94
103 96
103 97
103 98
103 99
103 45
103 100
103 79
103 53
103 30
103 50
103 115
103 52
103 17
103 108
103 109
103 111
103 116
103 118
103 121
103 123
104 0
104 1
104 2
104 4
104 5
104 9
104 10
104 12
104 14
104 25
104 26
104 30
104 37
104 38
104 43
104 44
104 46
104 48
104 57
104 58
104 62
104 64
104 67
104 68
104 70
104 82
104 84
104 85
104 90
104 92
104 96
104 97
104 99
104 100
104 102
104 31
104 7
104 21
104 80
104 56
104 18
104 24
104 81
104 98
104 106
104 109
104 110
104 111
104 112
104 113
104 114
104 116
104 117
104 119
104 120
104 123
105 0
105 6
105 9
105 12
105 20
105 29
105 31
105 32
105 34
105 37
105 38
105 44
105 53
105 58
105 64
105 65
105 66
105 68
105 78
105 79
105 83
105 88
105 89
105 90
105 96
105 97
105 98
105 100
105 2
105 114
105 50
105 23
105 113
105 117
105 118
105 119
105 120
106 2
106 10
106 11
106 17
106 25
106 26
106 29
106 31
106 37
106 43
106 46
106 53
106 62
106 64
106 68
106 73
106 75
106 76
106 78
106 84
106 89
106 90
106 93
106 95
106 97
106 102
106 109
106 104
106 28
106 44
106 116
106 82
106 8
106 59
106 24
106 34
106 48
106 85
106 107
106 121
106 69
106 115
106 47
106 67
106 1
106 100
106 52
106 6
106 40
106 112
106 0
106 63
106 5
106 77
106 124
106 14
106 119
106 56
106 94
106 27
106 20
106 39
106 3
106 18
106 108
106 79
106 99
106 13
106 50
106 54
106 101
106 21
106 83
106 111
106 113
106 117
106 120
107 3
107 7
107 25
107 28
107 30
107 34
107 36
107 37
107 38
107 42
107 43
107 45
107 46
107 48
107 49
107 57
107 64
107 68
107 71
107 73
107 78
107 80
107 90
107 91
107 93
107 94
107 100
107 102
107 106
107 85
107 101
107 119
107 0
107 60
107 79
107 39
107 109
107 47
107 121
107 69
107 116
107 124
107 77
107 33
107 55
107 96
107 76
107 9
107 118
107 2
107 62
107 113
107 114
107 117
107 120
107 123
108 1
108 2
108 3
108 4
108 19
108 29
108 31
108 32
108 54
108 57
108 63
108 65
108 67
108 73
108 74
108 78
108 90
108 94
108 97
108 98
108 99
108 100
108 106
108 51
108 12
108 56
108 117
108 92
108 119
108 28
108 71
108 103
108 75
108 80
108 58
108 39
108 26
108 60
108 23
108 13
108 18
108 81
108 111
108 47
108 49
108 59
108 76
108 96
108 101
108 83
108 114
108 91
108 41
108 48
108 121
108 46
108 110
108 35
108 33
108 87
108 14
108 24
108 45
108 66
108 34
108 20
108 36
108 40
108 8
108 42
108 69
108 102
108 86
108 16
108 82
108 9
108 25
108 89
108 112
108 115
108 38
108 5
108 109
108 113
108 116
109 2
109 3
109 6
109 7
109 9
109 14
109 18
109 22
109 26
109 28
109 29
109 31
109 32
109 37
109 40
109 41
109 46
109 57
109 58
109 62
109 63
109 65
109 68
109 70
109 74
109 78
109 88
109 90
109 94
109 97
109 99
109 106
109 107
109 121
109 39
109 24
109 8
109 50
109 82
109 87
109 103
109 19
109 44
109 16
109 55
109 101
109 84
109 33
109 21
109 64
109 25
109 116
109 75
109 47
109 85
109 104
109 13
109 80
109 114
109 12
109 4
109 98
109 15
109 95
109 71
109 118
109 108
109 119
109 23
109 69
109 43
109 91
109 45
109 56
109 124
109 102
109 61
109 51
109 59
109 110
109 83
109 86
109 96
109 100
109 30
109 0
109 117
109 120
110 6
110 9
110 10
110 37
110 39
110 43
110 53
110 54
110 56
110 58
110 63
110 64
110 69
110 73
110 76
110 84
110 86
110 90
110 91
110 94
110 99
110 108
110 109
110 38
110 98
110 28
110 14
110 13
110 62
110 116
110 85
110 70
110 24
110 88
110 74
110 32
110 51
110 16
110 34
110 114
110 47
110 3
110 19
110 101
110 30
110 33
110 120
110 52
110 83
110 89
110 17
110 31
110 40
110 26
110 25
110 87
110 102
110 122
110 104
110 59
110 23
110 0
110 35
110 100
110 12
110 61
110 49
110 2
110 42
110 123
110 60
110 119
110 117
111 6
111 10
111 13
111 14
111 18
111 20
111 23
111 26
111 33
111 42
111 43
111 45
111 46
111 48
111 54
111 60
111 63
111 64
111 65
111 73
111 75
111 78
111 84
111 89
111 90
111 91
111 96
111 99
111 106
111 108
111 68
111 21
111 34
111 22
111 12
111 47
111 79
111 52
111 16
111 28
111 57
111 113
111 71
111 98
111 5
111 67
111 51
111 19
111 86
111 58
111 55
111 95
111 112
111 32
111 49
111 103
111 7
111 97
111 93
111 74
111 56
111 88
111 41
111 17
111 80
111 39
111 104
111 0
111 83
111 1
111 35
111 92
111 116
111 29
111 2
111 4
111 102
111 66
111 114
111 117
111 121
111 123
112 10
112 19
112 22
112 28
112 41
112 45
112 46
112 47
112 50
112 54
112 55
112 56
112 57
112 62
112 64
112 68
112 73
112 76
112 78
112 84
112 88
112 91
112 93
112 94
112 97
112 106
112 108
112 111
112 86
112 51
112 24
112 100
112 34
112 9
112 60
112 124
112 80
112 83
112 82
112 63
112 70
112 36
112 2
112 65
112 85
112 66
112 89
112 4
112 35
112 3
112 120
112 59
112 104
112 114
112 69
112 77
112 121
112 23
112 15
112 74
112 12
112 113
112 25
112 31
112 72
112 40
112 8
112 49
112 115
112 38
112 123
112 11
112 96
112 98
112 18
112 52
112 5
112 17
112 61
112 6
112 102
112 67
112 43
112 0
112 118
112 119
113 3
113 9
113 12
113 27
113 29
113 31
113 33
113 42
113 46
113 56
113 57
113 63
113 68
113 73
113 76
113 78
113 81
113 88
113 89
113 90
113 91
113 94
113 96
113 97
113 98
113 99
113 100
113 111
113 112
113 22
113 120
113 0
113 35
113 124
113 10
113 107
113 74
113 60
113 1
113 32
113 93
113 58
113 16
113 25
113 38
113 108
113 71
113 8
113 106
113 49
113 59
113 105
113 115
113 123
113 40
113 75
113 87
113 86
113 104
113 51
113 7
113 116
113 43
113 23
113 5
113 24
113 70
113 118
113 77
113 19
114 0
114 3
114 6
114 9
114 17
114 26
114 28
114 31
114 34
114 36
114 37
114 46
114 51
114 57
114 58
114 60
114 62
114 64
114 65
114 68
114 70
114 76
114 86
114 96
114 99
114 105
114 108
114 109
114 110
114 112
114 56
114 107
114 74
114 49
114 5
114 32
114 81
114 73
114 39
114 98
114 123
114 42
114 52
114 72
114 101
114 63
114 95
114 89
114 71
114 11
114 104
114 40
114 93
114 43
114 102
114 77
114 12
114 61
114 92
114 19
114 80
114 116
114 8
114 111
114 55
114 38
114 67
114 122
114 118
114 50
114 4
114 119
114 54
114 117
114 120
114 124
115 0
115 2
115 4
115 6
115 18
115 22
115 23
115 28
115 30
115 31
115 36
115 37
115 42
115 46
115 50
115 53
115 56
115 62
115 63
115 64
115 66
115 71
115 72
115 73
115 79
115 81
115 82
115 83
115 84
115 85
115 88
115 89
115 90
115 91
115 93
115 94
115 96
115 98
115 100
115 103
115 106
115 108
115 112
115 113
115 19
115 43
115 3
115 1
115 116
115 117
115 119
115 121
115 122
115 123
116 0
116 2
116 3
116 10
116 14
116 20
116 31
116 32
116 36
116 37
116 48
116 57
116 60
116 64
116 68
116 78
116 79
116 91
116 99
116 106
116 107
116 109
116 110
116 111
116 113
116 114
116 122
116 90
116 27
116 119
116 15
116 96
116 88
116 19
116 22
116 72
116 61
116 44
116 115
116 101
116 12
116 86
116 47
116 104
116 83
116 123
116 52
116 74
116 8
116 97
116 103
116 121
116 40
116 6
116 1
116 81
116 108
117 3
117 6
117 12
117 16
117 17
117 20
117 27
117 30
117 33
117 37
117 40
117 42
117 43
117 44
117 46
117 48
117 54
117 56
117 59
117 61
117 64
117 66
117 68
117 70
117 71
117 76
117 78
117 80
117 82
117 86
117 87
117 88
117 89
117 94
117 96
117 97
117 101
117 102
117 108
117 25
117 104
117 90
117 22
117 95
117 38
117 57
117 29
117 121
117 39
117 32
117 50
117 10
117 120
117 72
117 41
117 18
117 13
117 0
117 98
117 21
117 110
117 34
117 91
117 63
117 24
117 67
117 123
117 58
117 75
117 52
117 36
117 23
117 51
117 118
117 107
117 74
117 9
117 35
117 77
117 122
117 5
117 62
117 53
117 92
117 14
117 111
117 28
117 73
117 115
117 106
117 79
117 69
117 109
117 105
117 100
117 114
117 65
117 119
117 83
117 26
117 124
118 2
118 9
118 12
118 20
118 25
118 30
118 31
118 36
118 39
118 47
118 48
118 54
118 56
118 63
118 64
118 67
118 73
118 79
118 81
118 82
118 84
118 90
118 91
118 94
118 96
118 98
118 100
118 101
118 107
118 109
118 113
118 114
118 117
118 1
118 103
118 24
118 59
118 46
118 58
118 52
118 105
118 86
118 37
118 51
118 120
118 87
118 7
118 26
118 80
118 5
118 3
118 95
118 23
118 40
118 50
118 69
118 83
118 92
118 121
118 55
118 119
118 74
118 16
118 57
118 112
119 2
119 10
119 12
119 17
119 23
119 25
119 31
119 52
119 57
119 58
119 62
119 66
119 71
119 76
119 80
119 84
119 86
119 88
119 90
119 91
119 93
119 96
119 97
119 99
119 106
119 107
119 108
119 109
119 110
119 114
119 116
119 117
119 118
119 102
119 50
119 36
119 79
119 33
119 104
119 22
119 16
119 37
119 87
119 70
119 4
119 42
119 8
119 98
119 53
119 115
119 32
119 48
119 81
119 19
119 92
119 82
119 27
119 26
119 59
119 89
119 124
119 35
119 49
119 28
119 65
119 18
119 60
119 83
119 11
119 38
119 44
119 0
119 34
119 54
119 61
119 112
119 105
119 14
119 20
119 41
119 67
119 43
119 40
119 75
119 120
119 122
119 123
120 3
120 4
120 5
120 6
120 10
120 12
120 17
120 23
120 25
120 28
120 29
120 42
120 46
120 48
120 53
120 54
120 57
120 61
120 65
120 68
120 71
120 73
120 78
120 84
120 88
120 90
120 91
120 96
120 97
120 110
120 112
120 113
120 117
120 118
120 119
120 105
120 64
120 9
120 7
120 121
120 44
120 32
120 85
120 18
120 41
120 66
120 37
120 104
120 74
120 123
120 34
120 11
120 79
120 24
120 87
120 106
120 98
120 109
120 114
120 39
120 50
120 55
120 35
120 101
120 0
120 19
120 58
120 107
120 26
120 93
120 2
120 43
120 40
120 82
120 8
120 1
120 76
120 47
120 69
121 6
121 7
121 10
121 17
121 23
121 29
121 30
121 31
121 32
121 39
121 41
121 43
121 46
121 50
121 53
121 54
121 55
121 62
121 64
121 66
121 71
121 73
121 84
121 88
121 90
121 93
121 94
121 101
121 106
121 107
121 108
121 109
121 112
121 116
121 117
121 118
121 120
121 56
121 70
121 103
121 11
121 8
121 115
121 15
121 99
121 97
121 45
121 19
121 20
121 42
121 44
121 24
121 57
121 81
121 34
121 27
121 14
121 98
121 59
121 63
121 68
121 67
121 111
121 28
121 12
121 21
121 96
121 122
121 123
121 124
122 7
122 12
122 18
122 20
122 23
122 25
122 31
122 32
122 38
122 46
122 54
122 56
122 58
122 61
122 62
122 66
122 68
122 72
122 76
122 81
122 88
122 91
122 96
122 110
122 114
122 116
122 117
122 57
122 97
122 67
122 92
122 10
122 64
122 115
122 35
122 101
122 34
122 9
122 85
122 2
122 119
122 121
122 87
122 84
122 17
122 14
122 90
122 60
122 13
122 16
122 102
122 1
122 123
123 0
123 11
123 20
123 23
123 28
123 29
123 31
123 33
123 34
123 36
123 37
123 38
123 41
123 42
123 46
123 48
123 54
123 55
123 57
123 61
123 62
123 63
123 65
123 66
123 67
123 68
123 76
123 84
123 86
123 88
123 89
123 90
123 91
123 94
123 96
123 99
123 110
123 112
123 113
123 114
123 116
123 117
123 120
123 45
123 77
123 122
123 97
123 22
123 64
123 103
123 121
123 58
123 104
123 111
123 80
123 53
123 107
123 119
123 78
123 7
123 24
123 69
123 30
123 115
123 83
123 12
123 72
123 49
123 39
123 5
123 124
123 25
124 0
124 1
124 5
124 26
124 30
124 31
124 38
124 53
124 62
124 65
124 66
124 67
124 70
124 78
124 84
124 92
124 94
124 96
124 106
124 107
124 109
124 112
124 113
124 119
124 123
124 64
124 4
124 97
124 121
124 42
124 72
124 102
124 114
124 37
124 87
124 82
124 18
124 49
124 69
124 95
124 117
124 21
124 54
124 23
124 90
124 88
124 17
124 57
124 16
124 60
124 28
124 47
124 83
