75
0 51
0 72
0 66
0 48
0 65
0 46
0 42
0 62
0 70
0 53
0 16
0 2
0 15
0 63
0 60
0 25
0 73
0 11
0 26
0 44
0 4
0 20
0 14
0 1
0 6
0 8
0 10
0 12
0 22
0 23
0 29
0 30
0 31
0 38
0 39
0 50
0 56
0 67
1 43
1 0
1 56
1 51
1 8
1 71
1 52
1 10
1 30
1 72
1 48
1 36
1 37
1 64
1 27
1 58
1 28
1 55
1 53
1 47
1 67
1 49
1 13
1 34
1 21
1 61
1 33
1 4
1 19
1 69
1 73
1 31
1 60
1 54
1 65
1 5
1 6
1 9
1 22
1 23
1 24
1 26
1 35
1 66
1 70
2 0
2 10
2 61
2 38
2 32
2 14
2 68
2 28
2 53
2 19
2 44
2 37
2 42
2 31
2 66
2 64
2 16
2 43
2 55
2 24
2 4
2 5
2 6
2 9
2 13
2 21
2 22
2 23
2 26
2 27
2 30
2 48
2 52
2 63
2 69
2 72
3 58
3 15
3 37
3 57
3 4
3 6
3 7
3 20
3 21
3 24
3 31
3 40
3 43
3 52
3 64
3 65
3 69
3 72
4 0
4 1
4 61
4 30
4 41
4 45
4 36
4 63
4 32
4 35
4 64
4 58
4 20
4 27
4 69
4 18
4 70
4 3
4 29
4 13
4 43
4 7
4 37
4 16
4 2
4 68
4 52
4 10
4 22
4 23
4 24
4 33
4 39
4 42
4 44
4 46
4 53
4 57
4 60
4 67
5 68
5 35
5 42
5 26
5 65
5 72
5 55
5 22
5 13
5 1
5 59
5 44
5 51
5 14
5 30
5 49
5 2
5 29
5 27
5 16
5 12
5 39
5 40
5 37
5 24
5 20
5 11
5 47
5 43
5 10
5 31
5 32
5 41
5 52
5 63
5 66
5 70
5 71
5 74
6 2
6 29
6 27
6 46
6 19
6 3
6 41
6 42
6 44
6 73
6 24
6 53
6 40
6 71
6 56
6 52
6 31
6 65
6 58
6 1
6 61
6 57
6 25
6 8
6 48
6 0
6 64
6 63
6 67
6 28
6 59
6 32
6 45
6 22
6 49
6 10
6 15
6 18
6 34
6 35
6 43
6 62
6 69
6 70
7 4
7 8
7 3
7 51
7 57
7 67
7 13
7 10
7 11
7 17
7 22
7 26
7 29
7 30
7 34
7 35
7 42
7 43
7 47
7 49
7 55
7 56
7 61
7 70
7 71
8 1
8 6
8 7
8 61
8 43
8 30
8 22
8 65
8 27
8 0
8 42
8 11
8 19
8 24
8 29
8 31
8 35
8 36
8 37
8 44
8 47
8 48
8 52
8 55
8 59
8 62
8 63
8 66
8 68
8 69
8 73
9 45
9 25
9 26
9 33
9 40
9 2
9 59
9 64
9 39
9 22
9 20
9 11
9 57
9 29
9 44
9 1
9 72
9 43
9 68
9 10
9 12
9 27
9 32
9 46
9 52
9 56
9 60
9 63
9 66
9 67
9 70
10 1
10 2
10 4
10 21
10 49
10 6
10 18
10 26
10 50
10 7
10 48
10 63
10 29
10 15
10 0
10 24
10 44
10 66
10 5
10 61
10 46
10 35
10 30
10 14
10 42
10 59
10 31
10 64
10 37
10 9
10 23
10 56
10 47
10 62
10 67
10 36
10 11
10 22
10 27
10 33
10 38
10 39
10 40
10 69
11 0
11 5
11 9
11 16
11 74
11 19
11 33
11 71
11 39
11 73
11 10
11 22
11 26
11 55
11 49
11 61
11 7
11 15
11 8
11 69
11 24
11 52
11 57
11 31
11 70
11 17
11 12
11 13
11 18
11 21
11 23
11 37
11 46
11 59
11 60
11 63
11 65
11 72
12 5
12 0
12 21
12 11
12 42
12 27
12 26
12 18
12 9
12 13
12 31
12 37
12 41
12 45
12 46
12 51
12 53
12 55
12 59
12 63
12 67
12 70
12 73
13 1
13 4
13 5
13 7
13 71
13 53
13 23
13 32
13 56
13 12
13 52
13 34
13 2
13 41
13 25
13 40
13 65
13 60
13 16
13 72
13 35
13 73
13 49
13 44
13 69
13 14
13 51
13 11
13 45
13 55
13 28
13 67
13 43
13 37
13 19
13 66
13 59
13 17
13 18
13 20
13 24
13 29
13 47
13 48
14 0
14 2
14 5
14 10
14 13
14 51
14 26
14 22
14 29
14 30
14 32
14 34
14 36
14 39
14 41
14 42
14 47
14 53
14 59
14 61
14 63
14 70
14 73
15 0
15 3
15 10
15 11
15 65
15 30
15 6
15 57
15 39
15 32
15 24
15 25
15 74
15 46
15 64
15 17
15 22
15 26
15 29
15 34
15 36
15 42
15 52
15 56
15 58
15 60
15 63
15 66
15 69
16 0
16 2
16 4
16 5
16 11
16 13
16 50
16 58
16 21
16 34
16 73
16 33
16 66
16 72
16 40
16 69
16 42
16 54
16 27
16 17
16 23
16 24
16 26
16 29
16 31
16 35
16 46
16 47
16 52
16 53
16 55
16 56
16 59
16 62
16 68
16 70
17 11
17 68
17 50
17 13
17 62
17 16
17 69
17 28
17 47
17 32
17 36
17 63
17 65
17 7
17 70
17 23
17 45
17 15
17 74
17 53
17 31
17 46
17 56
17 18
17 26
17 27
17 30
17 37
17 41
17 44
17 52
17 55
17 59
18 4
18 10
18 12
18 32
18 64
18 46
18 54
18 44
18 60
18 65
18 39
18 74
18 50
18 66
18 41
18 37
18 21
18 70
18 35
18 68
18 23
18 55
18 11
18 43
18 17
18 29
18 6
18 33
18 45
18 30
18 13
18 19
18 26
18 27
18 31
18 34
18 36
18 51
18 56
18 58
18 59
18 69
18 72
19 1
19 2
19 6
19 11
19 13
19 57
19 53
19 71
19 29
19 18
19 51
19 68
19 41
19 44
19 8
19 62
19 58
19 38
19 25
19 46
19 61
19 33
19 34
19 37
19 40
19 47
19 52
19 55
19 56
19 69
19 73
20 0
20 4
20 5
20 9
20 30
20 13
20 37
20 42
20 57
20 3
20 40
20 36
20 69
20 21
20 22
20 23
20 27
20 29
20 35
20 43
20 44
20 46
20 47
20 49
20 50
20 51
20 52
20 56
20 59
20 65
20 67
20 68
20 70
20 71
20 73
21 1
21 10
21 12
21 16
21 18
21 61
21 3
21 20
21 65
21 27
21 24
21 34
21 11
21 30
21 56
21 57
21 40
21 63
21 74
21 42
21 52
21 2
21 51
21 41
21 22
21 23
21 26
21 29
21 35
21 38
21 44
21 46
21 64
21 66
21 68
21 69
21 70
21 71
21 73
22 5
22 6
22 8
22 9
22 11
22 29
22 2
22 66
22 0
22 10
22 27
22 47
22 23
22 58
22 21
22 68
22 7
22 4
22 46
22 1
22 14
22 44
22 36
22 37
22 73
22 67
22 28
22 34
22 20
22 52
22 31
22 63
22 70
22 62
22 15
22 71
22 32
22 35
22 38
22 39
22 41
22 42
22 53
22 57
22 59
23 10
23 13
23 17
23 18
23 22
23 44
23 2
23 35
23 0
23 67
23 29
23 55
23 27
23 50
23 11
23 16
23 71
23 64
23 26
23 34
23 46
23 1
23 37
23 4
23 20
23 51
23 30
23 74
23 21
23 61
23 57
23 52
23 33
23 41
23 42
23 43
23 47
23 48
23 59
23 63
24 2
24 5
24 6
24 10
24 11
24 15
24 21
24 68
24 55
24 33
24 13
24 65
24 3
24 67
24 26
24 34
24 29
24 56
24 71
24 16
24 38
24 66
24 4
24 30
24 48
24 44
24 62
24 8
24 1
24 31
24 35
24 37
24 51
24 52
24 58
24 63
24 69
25 0
25 6
25 9
25 13
25 15
25 19
25 63
25 65
25 26
25 29
25 35
25 44
25 46
25 51
25 53
25 55
25 56
25 58
25 59
25 61
25 66
25 72
26 0
26 5
26 9
26 10
26 11
26 12
26 14
26 23
26 24
26 65
26 60
26 33
26 7
26 31
26 69
26 63
26 55
26 46
26 34
26 67
26 36
26 59
26 30
26 17
26 49
26 28
26 70
26 66
26 56
26 72
26 21
26 54
26 15
26 74
26 2
26 25
26 16
26 18
26 52
26 1
26 51
26 37
26 64
26 53
26 27
26 39
26 40
26 43
26 71
27 1
27 4
27 5
27 6
27 8
27 12
27 16
27 21
27 22
27 23
27 26
27 20
27 56
27 61
27 32
27 62
27 60
27 53
27 2
27 35
27 51
27 9
27 33
27 57
27 68
27 70
27 50
27 63
27 43
27 46
27 18
27 58
27 10
27 67
27 45
27 17
27 64
27 31
27 36
27 37
27 48
27 55
27 59
27 69
27 71
27 72
27 73
28 1
28 2
28 6
28 13
28 17
28 22
28 26
28 41
28 61
28 59
28 45
28 32
28 68
28 29
28 31
28 35
28 37
28 40
28 47
28 49
28 50
28 63
28 69
28 70
29 4
29 5
29 6
29 9
29 10
29 18
29 19
29 22
29 23
29 24
29 7
29 40
29 62
29 20
29 68
29 73
29 61
29 45
29 42
29 67
29 63
29 43
29 25
29 16
29 60
29 28
29 39
29 33
29 36
29 38
29 15
29 72
29 21
29 13
29 0
29 32
29 59
29 8
29 46
29 48
29 55
29 14
29 70
29 35
29 31
29 47
29 56
29 66
29 71
30 1
30 4
30 5
30 8
30 10
30 15
30 18
30 20
30 21
30 23
30 24
30 26
30 58
30 45
30 0
30 64
30 41
30 53
30 69
30 14
30 39
30 17
30 47
30 7
30 2
30 31
30 36
30 46
30 51
30 54
30 55
30 61
30 63
30 66
30 70
30 72
31 1
31 2
31 6
31 10
31 11
31 17
31 22
31 26
31 27
31 48
31 59
31 32
31 37
31 70
31 52
31 50
31 16
31 72
31 45
31 57
31 58
31 64
31 28
31 30
31 33
31 71
31 44
31 53
31 29
31 56
31 5
31 24
31 73
31 18
31 60
31 38
31 8
31 0
31 12
31 3
31 36
31 39
31 42
31 55
31 63
31 68
32 2
32 4
32 6
32 13
32 15
32 17
32 18
32 27
32 28
32 29
32 31
32 63
32 14
32 22
32 34
32 64
32 67
32 44
32 42
32 9
32 5
32 47
32 37
32 53
32 54
32 55
32 60
32 61
32 65
32 70
32 71
32 73
33 1
33 9
33 11
33 16
33 18
33 24
33 26
33 27
33 29
33 31
33 35
33 36
33 19
33 43
33 10
33 61
33 45
33 23
33 38
33 53
33 4
33 34
33 42
33 52
33 56
33 59
33 67
33 70
33 71
33 72
33 73
34 1
34 13
34 16
34 21
34 22
34 23
34 24
34 26
34 32
34 64
34 54
34 7
34 15
34 59
34 19
34 61
34 37
34 33
34 14
34 58
34 63
34 69
34 66
34 18
34 41
34 6
34 42
34 65
34 71
34 38
34 40
34 36
34 39
34 46
34 53
34 56
34 60
34 67
34 70
34 73
35 4
35 5
35 10
35 13
35 18
35 23
35 27
35 29
35 33
35 21
35 7
35 72
35 65
35 64
35 47
35 63
35 60
35 16
35 68
35 44
35 48
35 55
35 70
35 50
35 6
35 39
35 40
35 46
35 73
35 20
35 42
35 28
35 24
35 8
35 38
35 22
35 36
35 25
35 45
35 52
35 67
35 41
35 57
35 1
35 37
35 43
35 51
35 53
35 58
35 59
35 66
36 1
36 4
36 10
36 17
36 20
36 22
36 26
36 29
36 33
36 35
36 41
36 34
36 30
36 31
36 48
36 66
36 42
36 70
36 8
36 27
36 18
36 69
36 14
36 15
36 37
36 38
36 44
36 46
36 51
36 52
36 56
36 58
36 59
36 60
36 65
36 67
36 71
37 1
37 2
37 3
37 4
37 5
37 10
37 13
37 18
37 20
37 22
37 23
37 26
37 31
37 34
37 19
37 71
37 40
37 24
37 17
37 44
37 42
37 56
37 70
37 67
37 28
37 43
37 36
37 50
37 65
37 57
37 12
37 11
37 64
37 54
37 45
37 27
37 74
37 66
37 60
37 52
37 49
37 61
37 62
37 32
37 46
37 48
37 58
37 73
37 35
37 8
37 41
37 53
37 63
37 68
37 69
38 2
38 19
38 24
38 29
38 31
38 33
38 34
38 35
38 22
38 36
38 49
38 21
38 39
38 0
38 10
38 42
38 44
38 47
38 59
38 63
38 64
38 66
38 69
38 70
39 5
39 9
39 11
39 15
39 18
39 29
39 30
39 35
39 38
39 42
39 68
39 53
39 34
39 22
39 44
39 26
39 57
39 60
39 71
39 58
39 43
39 54
39 31
39 10
39 0
39 14
39 74
39 4
39 50
39 46
39 47
39 52
39 56
39 63
39 65
39 66
39 72
40 5
40 6
40 9
40 13
40 16
40 20
40 21
40 29
40 34
40 35
40 37
40 70
40 3
40 59
40 63
40 49
40 28
40 10
40 26
40 44
40 19
40 58
40 74
40 41
40 47
40 51
40 54
40 55
40 65
40 69
40 72
41 4
41 6
41 13
41 18
41 19
41 21
41 28
41 30
41 34
41 35
41 36
41 37
41 40
41 12
41 22
41 14
41 23
41 17
41 5
41 57
41 66
41 46
41 47
41 52
41 56
41 59
41 60
41 63
41 64
41 71
42 0
42 2
42 5
42 6
42 8
42 10
42 12
42 16
42 20
42 21
42 29
42 32
42 34
42 35
42 36
42 37
42 39
42 14
42 50
42 44
42 56
42 59
42 67
42 65
42 62
42 61
42 23
42 57
42 38
42 73
42 52
42 31
42 7
42 33
42 46
42 58
42 22
42 4
42 53
42 43
42 15
42 47
42 55
42 63
42 64
42 71
43 1
43 2
43 4
43 5
43 8
43 9
43 13
43 18
43 27
43 29
43 33
43 37
43 39
43 42
43 35
43 7
43 3
43 47
43 58
43 56
43 26
43 23
43 6
43 20
43 74
43 64
43 46
43 51
43 55
43 60
43 62
43 65
43 66
43 68
43 69
43 70
43 73
44 0
44 2
44 5
44 6
44 9
44 10
44 13
44 18
44 19
44 22
44 23
44 24
44 31
44 32
44 35
44 37
44 39
44 40
44 42
44 8
44 55
44 20
44 66
44 48
44 21
44 38
44 17
44 62
44 36
44 49
44 46
44 4
44 25
44 51
44 53
44 65
44 70
44 71
44 72
44 73
44 74
45 4
45 6
45 9
45 13
45 17
45 18
45 27
45 28
45 29
45 30
45 31
45 33
45 35
45 37
45 61
45 57
45 50
45 12
45 47
45 55
45 56
45 59
45 66
45 69
45 70
45 72
45 73
46 0
46 6
46 10
46 15
46 17
46 18
46 19
46 22
46 23
46 26
46 27
46 29
46 35
46 37
46 42
46 44
46 21
46 61
46 36
46 49
46 12
46 25
46 34
46 68
46 52
46 60
46 16
46 20
46 11
46 69
46 43
46 30
46 4
46 67
46 48
46 9
46 62
46 41
46 39
46 47
46 74
46 64
46 53
46 51
46 56
46 59
46 63
46 72
46 73
47 1
47 5
47 10
47 17
47 22
47 30
47 32
47 35
47 43
47 46
47 39
47 41
47 28
47 23
47 53
47 38
47 7
47 40
47 13
47 59
47 50
47 20
47 42
47 19
47 67
47 72
47 48
47 8
47 14
47 45
47 52
47 57
47 58
47 63
47 65
47 16
47 29
47 55
47 56
47 69
47 70
48 0
48 1
48 6
48 10
48 24
48 29
48 31
48 35
48 36
48 37
48 44
48 46
48 47
48 2
48 27
48 23
48 13
48 69
48 8
48 70
48 52
48 55
48 58
48 59
48 61
48 71
48 72
49 1
49 5
49 6
49 10
49 11
49 13
49 26
49 37
49 38
49 40
49 44
49 46
49 20
49 55
49 67
49 53
49 73
49 7
49 28
49 50
49 56
49 59
49 65
49 69
50 10
50 16
50 17
50 18
50 23
50 27
50 31
50 35
50 37
50 39
50 42
50 45
50 47
50 49
50 28
50 20
50 0
50 53
50 52
50 54
50 58
50 59
50 63
50 65
50 66
50 68
50 69
50 70
50 71
51 0
51 1
51 5
51 7
51 13
51 14
51 19
51 21
51 23
51 26
51 27
51 44
51 46
51 18
51 30
51 24
51 43
51 25
51 36
51 74
51 73
51 35
51 71
51 56
51 68
51 12
51 67
51 20
51 40
51 53
51 54
51 55
51 59
51 60
51 63
51 66
51 69
51 70
52 1
52 4
52 6
52 11
52 13
52 21
52 22
52 23
52 26
52 31
52 35
52 37
52 42
52 46
52 47
52 70
52 48
52 17
52 61
52 2
52 9
52 41
52 3
52 68
52 15
52 57
52 33
52 62
52 8
52 50
52 67
52 58
52 53
52 24
52 36
52 74
52 20
52 60
52 5
52 39
52 19
52 16
52 55
52 56
52 66
52 73
53 0
53 1
53 2
53 6
53 13
53 17
53 19
53 26
53 27
53 30
53 31
53 33
53 39
53 42
53 46
53 47
53 49
53 50
53 52
53 64
53 22
53 51
53 71
53 12
53 58
53 59
53 16
53 34
53 57
53 37
53 44
53 62
53 60
53 25
53 32
53 4
53 68
53 35
53 14
53 56
53 66
53 70
53 73
53 74
54 1
54 16
54 18
54 26
54 34
54 37
54 39
54 51
54 66
54 30
54 61
54 50
54 40
54 69
54 60
54 32
54 56
54 59
54 63
54 67
54 68
54 70
54 72
55 1
55 2
55 5
55 11
55 13
55 18
55 23
55 24
55 26
55 29
55 35
55 44
55 49
55 52
55 42
55 19
55 7
55 60
55 58
55 27
55 48
55 16
55 69
55 17
55 45
55 65
55 51
55 32
55 43
55 47
55 66
55 30
55 70
55 61
55 8
55 31
55 25
55 40
55 12
55 56
55 59
55 63
55 64
55 67
55 73
56 1
56 6
56 10
56 13
56 17
56 21
56 24
56 26
56 27
56 31
56 37
56 42
56 43
56 51
56 60
56 46
56 15
56 25
56 61
56 54
56 53
56 73
56 41
56 0
56 52
56 36
56 39
56 16
56 49
56 57
56 69
56 34
56 55
56 7
56 45
56 33
56 20
56 29
56 59
56 19
56 9
56 18
56 47
56 67
56 63
56 70
57 3
57 6
57 7
57 9
57 11
57 15
57 19
57 20
57 21
57 23
57 27
57 31
57 35
57 37
57 39
57 41
57 42
57 45
57 47
57 52
57 53
57 56
57 22
57 4
57 70
58 1
58 3
58 4
58 6
58 16
58 19
58 22
58 27
58 30
58 31
58 34
58 37
58 39
58 40
58 42
58 43
58 47
58 52
58 53
58 55
58 65
58 35
58 73
58 24
58 15
58 25
58 59
58 48
58 36
58 50
58 18
58 63
58 68
58 69
58 70
58 74
59 5
59 6
59 9
59 10
59 13
59 26
59 28
59 29
59 31
59 34
59 40
59 42
59 47
59 53
59 56
59 58
59 12
59 63
59 68
59 38
59 17
59 48
59 20
59 54
59 67
59 33
59 27
59 11
59 61
59 22
59 16
59 55
59 49
59 23
59 36
59 65
59 8
59 41
59 25
59 51
59 45
59 35
59 14
59 73
59 64
59 70
59 74
59 50
59 46
59 18
59 66
59 72
60 0
60 1
60 13
60 18
60 26
60 27
60 29
60 31
60 35
60 37
60 39
60 46
60 52
60 53
60 54
60 55
60 56
60 4
60 51
60 15
60 36
60 9
60 43
60 41
60 69
60 32
60 34
60 68
60 11
60 67
60 61
60 63
61 1
61 2
61 4
61 6
61 8
61 10
61 11
61 19
61 21
61 23
61 27
61 28
61 29
61 33
61 34
61 37
61 42
61 45
61 46
61 52
61 54
61 55
61 56
61 59
61 32
61 14
61 66
61 67
61 60
61 48
61 30
61 69
61 25
61 7
61 72
61 70
61 73
62 0
62 10
62 17
62 19
62 22
62 24
62 27
62 29
62 37
62 42
62 44
62 46
62 52
62 53
62 6
62 43
62 8
62 16
62 73
62 68
62 69
63 0
63 4
63 6
63 10
63 17
63 21
63 22
63 25
63 26
63 27
63 29
63 32
63 34
63 35
63 40
63 47
63 59
63 2
63 60
63 46
63 9
63 30
63 37
63 15
63 31
63 42
63 51
63 41
63 71
63 39
63 54
63 70
63 14
63 11
63 38
63 28
63 12
63 56
63 23
63 50
63 58
63 24
63 55
63 74
63 72
63 8
63 5
63 65
63 67
63 69
63 73
64 1
64 2
64 4
64 6
64 9
64 10
64 15
64 18
64 23
64 26
64 27
64 30
64 31
64 32
64 34
64 35
64 37
64 43
64 46
64 53
64 59
64 55
64 42
64 41
64 3
64 68
64 21
64 38
64 65
64 66
64 74
65 0
65 1
65 5
65 6
65 8
65 13
65 15
65 17
65 18
65 21
65 24
65 25
65 26
65 34
65 35
65 37
65 42
65 47
65 55
65 58
65 59
65 67
65 36
65 39
65 49
65 73
65 50
65 20
65 64
65 44
65 43
65 3
65 70
65 40
65 63
65 11
65 32
65 69
66 0
66 2
66 10
66 13
66 16
66 18
66 22
66 24
66 26
66 34
66 36
66 37
66 41
66 44
66 54
66 55
66 61
66 39
66 38
66 8
66 53
66 67
66 1
66 5
66 29
66 43
66 69
66 59
66 64
66 52
66 73
66 35
66 51
66 30
66 21
66 50
66 25
66 45
66 9
66 68
66 15
67 1
67 6
67 7
67 10
67 13
67 22
67 23
67 24
67 26
67 27
67 29
67 32
67 35
67 37
67 42
67 46
67 47
67 49
67 51
67 52
67 56
67 59
67 60
67 61
67 65
67 66
67 9
67 70
67 12
67 63
67 36
67 20
67 72
67 34
67 54
67 4
67 0
67 55
67 33
67 73
68 2
68 4
68 5
68 9
68 17
68 18
68 19
68 22
68 24
68 27
68 28
68 29
68 35
68 39
68 46
68 51
68 52
68 53
68 59
68 60
68 64
68 66
68 50
68 43
68 8
68 37
68 16
68 31
68 62
68 54
68 58
68 20
68 21
68 69
69 1
69 4
69 11
69 13
69 16
69 17
69 20
69 26
69 30
69 34
69 36
69 46
69 48
69 54
69 55
69 56
69 60
69 61
69 66
69 70
69 68
69 8
69 63
69 45
69 38
69 18
69 43
69 74
69 50
69 21
69 65
69 27
69 47
69 49
69 51
69 28
69 40
69 6
69 37
69 58
69 15
69 71
69 2
69 10
69 62
69 3
69 72
69 24
69 19
70 0
70 4
70 11
70 17
70 18
70 22
70 26
70 27
70 29
70 31
70 35
70 36
70 37
70 40
70 48
70 52
70 55
70 59
70 63
70 65
70 67
70 69
70 28
70 45
70 21
70 6
70 58
70 50
70 38
70 32
70 20
70 1
70 33
70 43
70 72
70 34
70 51
70 14
70 61
70 53
70 12
70 5
70 16
70 56
70 57
70 74
70 44
70 9
70 30
70 7
70 54
70 47
71 1
71 6
71 11
71 13
71 19
71 22
71 23
71 24
71 31
71 34
71 37
71 39
71 51
71 53
71 63
71 69
71 27
71 33
71 26
71 41
71 29
71 20
71 73
71 5
71 7
71 21
71 50
71 42
71 72
71 48
71 74
71 32
71 44
71 36
72 0
72 1
72 5
72 9
72 13
72 16
72 26
72 29
72 31
72 35
72 47
72 61
72 63
72 67
72 69
72 70
72 71
72 33
72 11
72 18
72 39
72 45
72 44
72 48
72 2
72 40
72 46
72 27
72 54
72 30
72 3
72 59
72 25
72 74
72 73
73 0
73 1
73 6
73 11
73 13
73 16
73 22
73 29
73 31
73 35
73 37
73 42
73 49
73 51
73 56
73 58
73 59
73 62
73 65
73 66
73 71
73 8
73 44
73 53
73 19
73 45
73 32
73 61
73 12
73 34
73 67
73 55
73 74
73 52
73 46
73 21
73 27
73 33
73 63
73 14
73 43
73 72
73 20
74 11
74 15
74 17
74 18
74 21
74 23
74 26
74 37
74 39
74 40
74 43
74 46
74 51
74 52
74 59
74 63
74 69
74 70
74 71
74 72
74 73
74 44
74 5
74 58
74 64
74 53
