175
0 106
0 7
0 10
0 52
0 117
0 160
0 159
0 122
0 32
0 84
0 78
0 50
0 149
0 48
0 2
0 64
0 44
0 99
0 89
0 70
0 134
0 108
0 88
0 62
0 21
0 80
0 132
0 102
0 29
0 27
0 136
0 43
0 113
0 105
0 164
0 23
0 97
0 12
0 119
0 82
0 9
0 141
0 87
0 3
0 30
0 91
0 118
0 72
0 151
0 47
0 76
0 71
0 67
0 63
0 14
0 39
0 81
0 65
0 1
0 18
0 19
0 22
0 33
0 38
0 45
0 46
0 49
0 51
0 60
0 90
0 96
0 100
0 101
0 116
0 121
0 123
0 124
0 127
0 129
0 130
0 139
0 140
0 144
0 145
0 150
0 152
0 162
0 168
0 171
0 173
1 61
1 7
1 139
1 161
1 146
1 53
1 149
1 19
1 5
1 169
1 45
1 0
1 110
1 50
1 136
1 60
1 95
1 76
1 39
1 158
1 121
1 138
1 114
1 15
1 67
1 122
1 157
1 128
1 28
1 11
1 93
1 4
1 54
1 108
1 12
1 155
1 18
1 33
1 164
1 168
1 119
1 171
1 162
1 31
1 35
1 127
1 124
1 118
1 41
1 46
1 17
1 34
1 14
1 20
1 22
1 24
1 25
1 44
1 48
1 49
1 51
1 65
1 70
1 74
1 78
1 81
1 84
1 96
1 98
1 100
1 104
1 126
1 129
1 132
1 141
1 142
1 144
1 148
1 150
1 151
1 153
1 154
1 156
1 172
1 174
2 0
2 92
2 163
2 72
2 32
2 120
2 95
2 147
2 164
2 102
2 99
2 85
2 7
2 9
2 12
2 15
2 18
2 19
2 21
2 22
2 25
2 27
2 29
2 33
2 36
2 38
2 44
2 48
2 53
2 56
2 61
2 65
2 68
2 70
2 71
2 74
2 78
2 84
2 90
2 93
2 100
2 111
2 113
2 114
2 117
2 126
2 127
2 136
2 138
2 139
2 142
2 144
2 146
2 149
2 150
2 152
2 153
2 156
2 159
2 160
2 162
2 167
2 168
2 169
2 171
2 172
3 0
3 135
3 4
3 7
3 8
3 9
3 16
3 19
3 22
3 23
3 25
3 27
3 29
3 33
3 38
3 41
3 48
3 53
3 55
3 58
3 60
3 61
3 62
3 65
3 67
3 71
3 73
3 74
3 76
3 84
3 96
3 97
3 101
3 108
3 110
3 111
3 112
3 113
3 117
3 123
3 126
3 129
3 132
3 138
3 139
3 142
3 144
3 145
3 151
3 153
3 158
3 164
3 171
3 174
4 1
4 133
4 141
4 149
4 115
4 169
4 41
4 14
4 122
4 34
4 3
4 80
4 157
4 23
4 9
4 165
4 130
4 8
4 13
4 18
4 19
4 20
4 25
4 27
4 29
4 39
4 40
4 46
4 51
4 53
4 61
4 65
4 73
4 74
4 78
4 83
4 90
4 93
4 100
4 104
4 108
4 111
4 112
4 113
4 116
4 120
4 124
4 126
4 138
4 139
4 142
4 143
4 144
4 146
4 152
4 153
4 158
4 159
4 173
4 174
5 1
5 158
5 153
5 167
5 53
5 9
5 107
5 12
5 106
5 76
5 38
5 6
5 171
5 156
5 15
5 19
5 22
5 23
5 33
5 39
5 40
5 46
5 55
5 60
5 61
5 67
5 70
5 72
5 75
5 84
5 85
5 90
5 95
5 96
5 97
5 98
5 100
5 108
5 117
5 122
5 124
5 126
5 128
5 129
5 134
5 135
5 138
5 140
5 142
5 146
5 150
5 154
5 168
5 172
5 173
6 5
6 66
6 161
6 11
6 38
6 127
6 133
6 9
6 20
6 23
6 25
6 26
6 28
6 33
6 36
6 40
6 43
6 44
6 46
6 47
6 48
6 51
6 53
6 55
6 59
6 60
6 70
6 71
6 72
6 74
6 78
6 81
6 86
6 90
6 93
6 95
6 96
6 99
6 104
6 108
6 110
6 112
6 115
6 117
6 118
6 119
6 120
6 121
6 122
6 126
6 135
6 139
6 140
6 141
6 142
6 144
6 148
6 150
6 151
6 156
6 160
6 162
6 172
6 174
7 0
7 1
7 9
7 83
7 174
7 102
7 36
7 126
7 11
7 22
7 3
7 100
7 40
7 157
7 61
7 114
7 154
7 138
7 104
7 99
7 158
7 15
7 29
7 39
7 69
7 14
7 123
7 87
7 2
7 107
7 131
7 38
7 110
7 108
7 153
7 98
7 48
7 145
7 63
7 27
7 74
7 51
7 16
7 20
7 23
7 25
7 43
7 44
7 46
7 56
7 58
7 60
7 67
7 70
7 71
7 72
7 76
7 80
7 84
7 86
7 88
7 93
7 95
7 101
7 106
7 111
7 112
7 113
7 119
7 122
7 124
7 130
7 132
7 135
7 136
7 139
7 141
7 142
7 146
7 151
7 156
7 160
7 165
7 169
7 172
8 17
8 14
8 78
8 143
8 124
8 148
8 140
8 12
8 71
8 40
8 3
8 105
8 42
8 168
8 98
8 37
8 139
8 88
8 39
8 13
8 107
8 43
8 25
8 100
8 33
8 72
8 113
8 125
8 53
8 171
8 45
8 163
8 48
8 136
8 127
8 44
8 144
8 126
8 129
8 130
8 103
8 128
8 157
8 62
8 174
8 34
8 165
8 155
8 116
8 52
8 114
8 123
8 115
8 135
8 36
8 134
8 108
8 74
8 132
8 70
8 20
8 146
8 87
8 149
8 57
8 28
8 76
8 102
8 67
8 110
8 80
8 119
8 4
8 68
8 152
8 133
8 9
8 16
8 22
8 38
8 46
8 55
8 61
8 77
8 83
8 86
8 89
8 90
8 93
8 95
8 96
8 97
8 104
8 112
8 117
8 121
8 122
8 138
8 142
8 145
8 151
8 153
8 159
8 160
8 161
8 173
9 0
9 4
9 5
9 7
9 3
9 120
9 174
9 97
9 138
9 59
9 133
9 160
9 124
9 171
9 162
9 153
9 84
9 126
9 98
9 147
9 142
9 172
9 76
9 12
9 117
9 77
9 15
9 115
9 69
9 152
9 2
9 92
9 11
9 136
9 61
9 118
9 8
9 145
9 150
9 62
9 100
9 6
9 149
9 90
9 24
9 30
9 35
9 158
9 123
9 99
9 20
9 21
9 22
9 27
9 29
9 36
9 37
9 41
9 43
9 44
9 46
9 48
9 51
9 53
9 55
9 56
9 58
9 65
9 70
9 73
9 78
9 82
9 95
9 101
9 104
9 107
9 108
9 112
9 122
9 125
9 128
9 130
9 140
9 141
9 143
9 148
9 156
9 168
9 169
10 0
10 169
10 69
10 37
10 51
10 15
10 94
10 50
10 114
10 14
10 18
10 21
10 25
10 28
10 29
10 33
10 42
10 46
10 54
10 55
10 57
10 67
10 68
10 74
10 75
10 76
10 84
10 85
10 93
10 96
10 98
10 99
10 102
10 103
10 108
10 110
10 112
10 113
10 117
10 119
10 120
10 122
10 126
10 131
10 134
10 138
10 139
10 142
10 144
10 145
10 151
10 152
10 153
10 156
10 160
10 165
10 170
10 172
10 173
11 1
11 6
11 7
11 9
11 41
11 126
11 131
11 62
11 20
11 21
11 25
11 36
11 39
11 43
11 44
11 60
11 65
11 67
11 74
11 82
11 86
11 88
11 92
11 93
11 95
11 96
11 102
11 107
11 108
11 117
11 121
11 124
11 130
11 134
11 135
11 145
11 149
11 151
11 152
11 153
11 158
11 159
11 169
11 172
12 0
12 1
12 5
12 8
12 9
12 148
12 102
12 65
12 82
12 99
12 42
12 36
12 106
12 170
12 108
12 13
12 156
12 87
12 15
12 2
12 154
12 141
12 19
12 16
12 22
12 24
12 26
12 28
12 31
12 37
12 39
12 53
12 55
12 59
12 62
12 70
12 71
12 72
12 74
12 76
12 77
12 84
12 90
12 96
12 98
12 100
12 101
12 104
12 110
12 113
12 114
12 117
12 119
12 124
12 126
12 127
12 128
12 132
12 134
12 138
12 139
12 142
12 149
12 152
12 153
12 159
12 164
12 165
12 169
12 171
12 172
13 8
13 12
13 135
13 154
13 109
13 114
13 132
13 120
13 51
13 165
13 151
13 80
13 43
13 18
13 26
13 174
13 83
13 130
13 119
13 57
13 131
13 160
13 72
13 150
13 76
13 70
13 98
13 169
13 100
13 142
13 156
13 4
13 99
13 146
13 143
13 65
13 82
13 38
13 139
13 20
13 22
13 23
13 25
13 36
13 37
13 42
13 44
13 46
13 55
13 58
13 60
13 67
13 71
13 73
13 74
13 81
13 95
13 96
13 101
13 103
13 104
13 105
13 107
13 108
13 112
13 113
13 115
13 121
13 123
13 124
13 127
13 136
13 140
13 144
13 145
13 149
13 152
13 171
13 172
14 0
14 4
14 7
14 8
14 71
14 65
14 10
14 54
14 79
14 1
14 78
14 24
14 93
14 110
14 101
14 144
14 92
14 123
14 18
14 22
14 39
14 46
14 57
14 61
14 68
14 70
14 74
14 82
14 86
14 95
14 104
14 108
14 111
14 113
14 118
14 119
14 122
14 126
14 130
14 134
14 138
14 141
14 146
14 150
14 154
14 156
14 159
14 160
14 171
14 174
15 1
15 7
15 9
15 10
15 12
15 35
15 68
15 136
15 99
15 57
15 71
15 128
15 58
15 41
15 61
15 144
15 105
15 48
15 29
15 122
15 116
15 131
15 43
15 5
15 85
15 120
15 2
15 76
15 167
15 163
15 75
15 87
15 168
15 16
15 28
15 72
15 155
15 79
15 20
15 22
15 26
15 27
15 36
15 37
15 39
15 44
15 47
15 51
15 55
15 65
15 67
15 77
15 82
15 84
15 95
15 96
15 98
15 101
15 107
15 111
15 112
15 115
15 117
15 123
15 127
15 130
15 132
15 134
15 135
15 138
15 145
15 152
15 153
15 154
15 160
15 162
15 171
15 172
15 173
16 15
16 142
16 102
16 32
16 98
16 75
16 41
16 172
16 137
16 143
16 97
16 74
16 8
16 159
16 65
16 126
16 3
16 12
16 90
16 63
16 7
16 28
16 40
16 101
16 134
16 162
16 49
16 94
16 35
16 20
16 25
16 36
16 39
16 43
16 48
16 58
16 62
16 67
16 70
16 72
16 82
16 83
16 86
16 95
16 103
16 111
16 112
16 117
16 122
16 123
16 125
16 127
16 129
16 138
16 139
16 140
16 141
16 146
16 153
16 154
16 156
16 160
16 166
16 169
16 171
17 1
17 8
17 95
17 72
17 54
17 124
17 97
17 61
17 107
17 31
17 79
17 159
17 149
17 59
17 155
17 18
17 20
17 21
17 25
17 29
17 33
17 34
17 47
17 53
17 55
17 56
17 57
17 58
17 74
17 75
17 76
17 77
17 100
17 101
17 108
17 110
17 112
17 121
17 123
17 125
17 126
17 127
17 130
17 134
17 135
17 136
17 138
17 150
17 151
17 156
17 158
17 162
17 163
17 169
17 170
17 172
18 1
18 13
18 101
18 54
18 17
18 83
18 123
18 133
18 160
18 28
18 2
18 80
18 25
18 60
18 46
18 10
18 14
18 72
18 95
18 33
18 4
18 82
18 22
18 35
18 48
18 81
18 150
18 0
18 99
18 76
18 143
18 71
18 42
18 40
18 66
18 173
18 20
18 38
18 47
18 49
18 51
18 53
18 64
18 65
18 67
18 68
18 69
18 77
18 86
18 89
18 93
18 104
18 108
18 112
18 113
18 115
18 120
18 121
18 124
18 135
18 138
18 139
18 140
18 142
18 144
18 145
18 151
18 154
18 167
18 170
18 171
19 1
19 12
19 61
19 132
19 57
19 127
19 129
19 65
19 106
19 157
19 124
19 133
19 136
19 148
19 92
19 98
19 107
19 48
19 125
19 73
19 162
19 27
19 118
19 70
19 58
19 63
19 0
19 122
19 33
19 72
19 114
19 29
19 68
19 41
19 168
19 94
19 40
19 158
19 149
19 5
19 130
19 131
19 69
19 3
19 2
19 155
19 153
19 119
19 110
19 4
19 93
19 152
19 39
19 53
19 67
19 81
19 24
19 116
19 20
19 21
19 22
19 25
19 26
19 37
19 45
19 46
19 49
19 64
19 71
19 74
19 77
19 82
19 84
19 86
19 89
19 91
19 95
19 96
19 100
19 101
19 112
19 113
19 115
19 117
19 121
19 139
19 140
19 142
19 144
19 150
19 151
19 154
19 160
19 161
19 164
19 166
19 170
19 171
19 172
20 8
20 116
20 38
20 64
20 71
20 125
20 131
20 19
20 83
20 60
20 7
20 98
20 79
20 160
20 18
20 74
20 9
20 96
20 130
20 133
20 17
20 4
20 158
20 92
20 30
20 47
20 140
20 106
20 153
20 136
20 13
20 24
20 127
20 166
20 111
20 69
20 156
20 157
20 144
20 91
20 154
20 138
20 104
20 170
20 159
20 174
20 87
20 135
20 16
20 11
20 141
20 15
20 119
20 21
20 81
20 56
20 76
20 6
20 51
20 63
20 122
20 155
20 146
20 27
20 102
20 100
20 1
20 143
20 128
20 82
20 52
20 105
20 28
20 29
20 39
20 40
20 42
20 46
20 65
20 67
20 84
20 86
20 90
20 93
20 94
20 95
20 103
20 110
20 112
20 113
20 117
20 121
20 126
20 129
20 137
20 139
20 148
20 150
20 162
20 163
20 165
20 167
20 169
20 172
21 0
21 20
21 103
21 2
21 92
21 49
21 121
21 81
21 84
21 159
21 99
21 41
21 117
21 34
21 131
21 108
21 114
21 10
21 91
21 136
21 22
21 100
21 11
21 156
21 57
21 46
21 104
21 31
21 142
21 64
21 23
21 150
21 19
21 154
21 43
21 9
21 166
21 30
21 107
21 55
21 52
21 118
21 78
21 113
21 119
21 167
21 29
21 17
21 90
21 25
21 75
21 80
21 93
21 110
21 164
21 134
21 145
21 151
21 70
21 106
21 173
21 69
21 96
21 111
21 28
21 33
21 37
21 38
21 40
21 42
21 47
21 48
21 59
21 62
21 65
21 67
21 68
21 72
21 79
21 95
21 98
21 116
21 122
21 124
21 126
21 130
21 135
21 137
21 139
21 140
21 141
21 148
21 153
21 158
21 162
21 165
21 169
21 172
22 7
22 18
22 21
22 152
22 87
22 129
22 124
22 77
22 170
22 141
22 14
22 97
22 78
22 105
22 157
22 8
22 30
22 69
22 5
22 134
22 143
22 62
22 110
22 3
22 47
22 155
22 45
22 73
22 13
22 0
22 145
22 28
22 12
22 34
22 52
22 38
22 50
22 139
22 119
22 36
22 104
22 172
22 29
22 88
22 89
22 61
22 82
22 2
22 131
22 58
22 121
22 37
22 93
22 81
22 44
22 26
22 111
22 133
22 127
22 46
22 85
22 115
22 122
22 118
22 128
22 173
22 70
22 156
22 92
22 123
22 1
22 43
22 40
22 19
22 163
22 140
22 31
22 39
22 63
22 68
22 142
22 9
22 66
22 174
22 86
22 148
22 57
22 15
22 25
22 48
22 49
22 51
22 60
22 65
22 74
22 83
22 95
22 96
22 100
22 101
22 107
22 108
22 112
22 126
22 150
22 158
22 159
22 165
22 171
23 0
23 4
23 21
23 7
23 78
23 49
23 13
23 74
23 96
23 164
23 81
23 165
23 47
23 5
23 109
23 104
23 157
23 150
23 95
23 169
23 146
23 3
23 24
23 112
23 32
23 116
23 163
23 6
23 125
23 64
23 102
23 145
23 127
23 149
23 119
23 92
23 115
23 58
23 76
23 35
23 57
23 62
23 37
23 43
23 41
23 33
23 36
23 38
23 39
23 45
23 46
23 71
23 82
23 84
23 90
23 91
23 97
23 101
23 113
23 124
23 130
23 134
23 135
23 139
23 141
23 142
23 144
23 156
23 158
23 159
23 162
23 172
24 9
24 14
24 19
24 20
24 23
24 65
24 68
24 162
24 34
24 62
24 134
24 158
24 111
24 119
24 170
24 137
24 136
24 78
24 45
24 172
24 151
24 77
24 120
24 104
24 29
24 12
24 1
24 66
24 166
24 38
24 26
24 27
24 33
24 51
24 53
24 55
24 56
24 60
24 61
24 64
24 67
24 70
24 72
24 74
24 82
24 83
24 92
24 93
24 108
24 113
24 116
24 122
24 124
24 125
24 130
24 131
24 138
24 150
24 152
24 153
24 154
24 169
25 8
25 18
25 21
25 124
25 87
25 163
25 1
25 4
25 38
25 134
25 118
25 110
25 113
25 136
25 128
25 54
25 76
25 170
25 41
25 146
25 2
25 173
25 60
25 72
25 109
25 122
25 98
25 74
25 100
25 33
25 31
25 158
25 162
25 126
25 40
25 159
25 44
25 66
25 64
25 32
25 106
25 143
25 147
25 123
25 93
25 161
25 49
25 10
25 119
25 22
25 13
25 26
25 91
25 105
25 86
25 19
25 172
25 167
25 108
25 157
25 7
25 50
25 6
25 107
25 37
25 174
25 45
25 62
25 104
25 47
25 27
25 35
25 138
25 156
25 130
25 151
25 148
25 63
25 171
25 51
25 133
25 16
25 3
25 17
25 11
25 153
25 79
25 29
25 36
25 43
25 55
25 68
25 70
25 71
25 75
25 77
25 81
25 84
25 90
25 95
25 96
25 97
25 101
25 103
25 116
25 117
25 121
25 131
25 132
25 140
25 144
25 145
25 164
25 169
26 13
26 22
26 25
26 85
26 63
26 162
26 27
26 19
26 57
26 15
26 98
26 126
26 111
26 123
26 130
26 112
26 41
26 6
26 24
26 12
26 152
26 154
26 35
26 149
26 96
26 44
26 31
26 89
26 34
26 75
26 28
26 33
26 36
26 38
26 40
26 46
26 67
26 71
26 74
26 84
26 86
26 95
26 103
26 104
26 105
26 108
26 113
26 120
26 121
26 127
26 129
26 132
26 135
26 138
26 139
26 142
26 145
26 146
26 156
26 160
26 170
26 172
27 0
27 7
27 19
27 20
27 25
27 26
27 61
27 127
27 3
27 66
27 9
27 4
27 121
27 46
27 55
27 15
27 24
27 64
27 132
27 2
27 122
27 97
27 98
27 35
27 104
27 45
27 29
27 33
27 38
27 43
27 48
27 49
27 56
27 65
27 67
27 84
27 90
27 92
27 100
27 111
27 123
27 126
27 130
27 135
27 136
27 138
27 140
27 141
27 144
27 145
27 146
27 150
27 153
27 154
27 156
27 158
27 159
27 163
27 164
27 169
27 171
27 172
28 1
28 8
28 15
28 16
28 18
28 22
28 115
28 10
28 38
28 45
28 109
28 6
28 12
28 153
28 137
28 145
28 77
28 33
28 108
28 128
28 125
28 169
28 149
28 100
28 21
28 37
28 26
28 20
28 49
28 40
28 48
28 52
28 55
28 60
28 61
28 64
28 70
28 72
28 76
28 82
28 83
28 84
28 86
28 89
28 90
28 93
28 95
28 107
28 110
28 112
28 113
28 121
28 126
28 130
28 134
28 135
28 142
28 146
28 150
28 156
28 158
28 160
28 161
28 163
28 171
28 172
28 173
29 0
29 7
29 15
29 19
29 21
29 22
29 24
29 82
29 64
29 162
29 127
29 120
29 126
29 103
29 20
29 67
29 163
29 164
29 167
29 71
29 158
29 2
29 108
29 161
29 61
29 53
29 10
29 72
29 138
29 46
29 41
29 63
29 123
29 111
29 101
29 77
29 48
29 17
29 159
29 125
29 35
29 147
29 70
29 9
29 56
29 32
29 99
29 145
29 142
29 132
29 112
29 3
29 155
29 152
29 95
29 130
29 30
29 94
29 27
29 60
29 66
29 118
29 84
29 96
29 80
29 4
29 86
29 122
29 166
29 98
29 91
29 136
29 78
29 115
29 170
29 128
29 124
29 149
29 110
29 47
29 151
29 25
29 153
29 154
29 172
29 89
29 69
29 50
29 43
29 133
29 157
29 139
29 33
29 36
29 37
29 44
29 49
29 51
29 73
29 74
29 81
29 90
29 104
29 106
29 117
29 129
29 135
29 141
29 144
29 146
29 150
29 156
29 160
29 169
30 0
30 9
30 20
30 21
30 22
30 29
30 75
30 74
30 124
30 109
30 38
30 39
30 44
30 45
30 46
30 55
30 56
30 63
30 64
30 65
30 67
30 68
30 71
30 72
30 77
30 82
30 84
30 89
30 90
30 95
30 97
30 98
30 104
30 108
30 110
30 115
30 117
30 120
30 121
30 130
30 132
30 135
30 139
30 140
30 141
30 149
30 150
30 155
30 158
30 159
30 171
31 1
31 17
31 21
31 22
31 25
31 26
31 134
31 104
31 82
31 12
31 37
31 40
31 46
31 51
31 55
31 68
31 71
31 73
31 74
31 75
31 77
31 90
31 93
31 96
31 101
31 103
31 120
31 121
31 122
31 123
31 124
31 126
31 127
31 129
31 132
31 139
31 140
31 142
31 143
31 145
31 148
31 150
31 156
31 158
31 162
31 164
31 167
32 0
32 2
32 16
32 23
32 25
32 29
32 34
32 171
32 33
32 38
32 40
32 43
32 44
32 48
32 55
32 56
32 58
32 68
32 70
32 71
32 74
32 75
32 76
32 83
32 95
32 96
32 98
32 101
32 102
32 104
32 114
32 115
32 120
32 121
32 126
32 129
32 132
32 135
32 139
32 142
32 148
32 152
32 158
32 159
32 160
32 170
32 172
32 174
33 1
33 8
33 18
33 19
33 25
33 28
33 52
33 82
33 159
33 92
33 27
33 142
33 151
33 72
33 81
33 32
33 2
33 47
33 63
33 172
33 106
33 42
33 145
33 119
33 76
33 98
33 130
33 121
33 68
33 75
33 84
33 80
33 29
33 129
33 0
33 146
33 171
33 135
33 114
33 3
33 46
33 62
33 104
33 24
33 17
33 44
33 102
33 64
33 101
33 169
33 170
33 78
33 69
33 133
33 23
33 161
33 100
33 70
33 21
33 88
33 157
33 48
33 113
33 164
33 74
33 117
33 153
33 85
33 109
33 54
33 107
33 6
33 40
33 127
33 5
33 73
33 111
33 66
33 59
33 103
33 38
33 97
33 79
33 10
33 165
33 53
33 158
33 139
33 26
33 156
33 39
33 51
33 57
33 65
33 87
33 89
33 96
33 105
33 108
33 120
33 122
33 124
33 128
33 132
33 136
33 138
33 173
34 1
34 4
34 8
34 21
34 22
34 24
34 26
34 32
34 151
34 120
34 81
34 17
34 125
34 52
34 165
34 35
34 36
34 38
34 43
34 46
34 49
34 51
34 55
34 57
34 67
34 74
34 86
34 90
34 96
34 101
34 110
34 112
34 113
34 116
34 117
34 122
34 123
34 124
34 136
34 138
34 139
34 140
34 141
34 144
34 145
34 150
34 152
34 154
34 158
34 159
34 160
34 162
34 169
34 172
34 173
34 174
35 1
35 9
35 15
35 16
35 18
35 23
35 25
35 26
35 27
35 29
35 36
35 120
35 172
35 129
35 174
35 72
35 48
35 34
35 140
35 73
35 139
35 110
35 142
35 37
35 81
35 94
35 46
35 173
35 62
35 99
35 53
35 161
35 149
35 38
35 39
35 41
35 55
35 58
35 61
35 70
35 71
35 74
35 82
35 84
35 86
35 91
35 98
35 100
35 104
35 107
35 108
35 111
35 112
35 117
35 122
35 124
35 134
35 135
35 138
35 155
35 156
35 158
35 159
35 160
35 162
35 164
35 167
35 169
35 171
36 7
36 8
36 12
36 22
36 35
36 164
36 173
36 80
36 141
36 115
36 132
36 6
36 156
36 129
36 108
36 72
36 15
36 40
36 46
36 102
36 75
36 13
36 23
36 64
36 74
36 67
36 9
36 151
36 123
36 124
36 73
36 93
36 56
36 79
36 63
36 101
36 168
36 83
36 2
36 169
36 165
36 38
36 100
36 39
36 50
36 170
36 66
36 106
36 53
36 112
36 97
36 25
36 142
36 55
36 116
36 107
36 143
36 85
36 119
36 150
36 104
36 96
36 87
36 103
36 26
36 16
36 161
36 90
36 99
36 130
36 118
36 136
36 41
36 149
36 134
36 47
36 29
36 34
36 57
36 54
36 95
36 11
36 37
36 48
36 84
36 98
36 111
36 120
36 121
36 122
36 126
36 127
36 135
36 139
36 144
36 146
36 148
36 154
36 155
36 159
36 172
37 8
37 10
37 22
37 23
37 25
37 28
37 35
37 95
37 153
37 110
37 36
37 141
37 52
37 106
37 69
37 109
37 90
37 31
37 125
37 82
37 112
37 124
37 96
37 119
37 15
37 98
37 19
37 159
37 143
37 94
37 86
37 173
37 162
37 65
37 46
37 171
37 29
37 165
37 9
37 21
37 172
37 78
37 12
37 89
37 75
37 135
37 13
37 73
37 101
37 71
37 164
37 43
37 51
37 55
37 57
37 63
37 70
37 74
37 76
37 84
37 97
37 100
37 104
37 107
37 108
37 117
37 120
37 129
37 131
37 132
37 138
37 142
37 144
37 149
37 150
37 152
37 155
37 156
37 169
38 5
38 6
38 7
38 13
38 20
38 22
38 24
38 25
38 28
38 33
38 36
38 172
38 42
38 86
38 89
38 27
38 66
38 35
38 3
38 30
38 113
38 34
38 85
38 0
38 127
38 50
38 87
38 43
38 44
38 79
38 138
38 106
38 67
38 18
38 63
38 46
38 88
38 26
38 8
38 105
38 162
38 55
38 168
38 174
38 23
38 80
38 73
38 96
38 56
38 101
38 21
38 135
38 144
38 53
38 52
38 123
38 164
38 47
38 156
38 116
38 32
38 136
38 2
38 83
38 157
38 75
38 161
38 137
38 150
38 134
38 151
38 82
38 167
38 154
38 70
38 65
38 74
38 78
38 84
38 104
38 107
38 111
38 112
38 115
38 119
38 120
38 121
38 122
38 124
38 132
38 140
38 141
38 142
38 143
38 148
38 152
38 159
38 169
38 173
39 0
39 1
39 7
39 8
39 19
39 22
39 36
39 33
39 95
39 128
39 54
39 76
39 123
39 71
39 141
39 113
39 165
39 91
39 158
39 120
39 16
39 133
39 82
39 110
39 11
39 118
39 116
39 12
39 127
39 73
39 4
39 80
39 66
39 169
39 112
39 140
39 131
39 72
39 154
39 69
39 173
39 147
39 97
39 67
39 64
39 35
39 100
39 15
39 124
39 108
39 90
39 138
39 148
39 79
39 20
39 157
39 156
39 136
39 109
39 171
39 52
39 23
39 89
39 59
39 46
39 65
39 122
39 107
39 153
39 14
39 30
39 102
39 57
39 172
39 43
39 145
39 5
39 44
39 61
39 130
39 106
39 166
39 40
39 103
39 75
39 161
39 85
39 45
39 134
39 63
39 47
39 48
39 53
39 62
39 68
39 84
39 93
39 98
39 101
39 117
39 129
39 132
39 139
39 144
39 152
39 159
39 162
40 7
40 8
40 16
40 18
40 19
40 22
40 25
40 33
40 36
40 39
40 51
40 26
40 132
40 156
40 64
40 99
40 140
40 44
40 70
40 46
40 144
40 79
40 170
40 164
40 142
40 28
40 120
40 5
40 158
40 118
40 62
40 114
40 86
40 6
40 69
40 82
40 41
40 112
40 45
40 75
40 107
40 159
40 54
40 153
40 32
40 162
40 117
40 85
40 31
40 104
40 53
40 91
40 165
40 121
40 49
40 135
40 90
40 136
40 47
40 73
40 139
40 143
40 89
40 127
40 116
40 101
40 87
40 172
40 174
40 146
40 20
40 93
40 137
40 141
40 126
40 4
40 138
40 21
40 148
40 43
40 55
40 56
40 74
40 95
40 98
40 103
40 109
40 113
40 119
40 122
40 124
40 131
40 134
40 150
40 151
41 1
41 4
41 11
41 15
41 16
41 19
41 21
41 23
41 25
41 26
41 29
41 36
41 40
41 9
41 64
41 72
41 43
41 146
41 148
41 118
41 35
41 147
41 98
41 159
41 57
41 84
41 173
41 135
41 154
41 153
41 3
41 80
41 109
41 96
41 161
41 45
41 143
41 89
41 152
41 145
41 157
41 174
41 46
41 51
41 53
41 58
41 65
41 81
41 82
41 86
41 90
41 92
41 93
41 95
41 101
41 108
41 113
41 114
41 115
41 122
41 123
41 126
41 127
41 134
41 136
41 139
41 140
41 171
42 8
42 12
42 18
42 33
42 38
42 43
42 49
42 21
42 20
42 119
42 171
42 111
42 130
42 13
42 142
42 10
42 167
42 158
42 62
42 122
42 110
42 44
42 48
42 61
42 64
42 71
42 72
42 74
42 75
42 76
42 80
42 95
42 100
42 101
42 103
42 104
42 114
42 120
42 124
42 126
42 128
42 129
42 132
42 134
42 135
42 136
42 146
42 150
42 151
42 153
42 159
42 162
42 169
43 0
43 8
43 13
43 15
43 21
43 22
43 23
43 29
43 38
43 39
43 41
43 42
43 113
43 49
43 108
43 85
43 6
43 86
43 97
43 73
43 126
43 74
43 57
43 60
43 133
43 167
43 45
43 25
43 75
43 16
43 127
43 101
43 118
43 123
43 40
43 115
43 48
43 63
43 173
43 27
43 84
43 79
43 104
43 34
43 32
43 7
43 83
43 37
43 163
43 77
43 11
43 110
43 138
43 99
43 94
43 9
43 88
43 54
43 62
43 67
43 71
43 72
43 90
43 91
43 95
43 96
43 112
43 119
43 121
43 124
43 129
43 130
43 132
43 134
43 139
43 141
43 142
43 144
43 150
43 152
43 153
43 157
43 159
43 161
43 162
43 169
44 0
44 8
44 22
44 25
44 26
44 33
44 38
44 39
44 40
44 158
44 113
44 103
44 83
44 46
44 111
44 29
44 85
44 115
44 84
44 71
44 67
44 93
44 51
44 11
44 101
44 134
44 107
44 148
44 72
44 48
44 9
44 2
44 90
44 74
44 6
44 157
44 163
44 138
44 124
44 52
44 56
44 129
44 136
44 128
44 155
44 47
44 92
44 15
44 32
44 140
44 127
44 166
44 50
44 45
44 170
44 1
44 156
44 7
44 13
44 137
44 58
44 104
44 30
44 65
44 173
44 174
44 152
44 172
44 131
44 42
44 165
44 132
44 53
44 61
44 68
44 73
44 81
44 82
44 95
44 98
44 99
44 108
44 110
44 112
44 117
44 121
44 149
44 159
44 162
44 164
44 169
45 1
45 8
45 22
45 24
45 25
45 27
45 28
45 39
45 40
45 41
45 43
45 44
45 121
45 80
45 155
45 113
45 128
45 119
45 165
45 159
45 162
45 82
45 0
45 89
45 23
45 30
45 115
45 47
45 154
45 151
45 92
45 104
45 19
45 70
45 48
45 53
45 57
45 58
45 59
45 60
45 62
45 65
45 71
45 72
45 74
45 76
45 77
45 84
45 91
45 95
45 96
45 99
45 100
45 116
45 117
45 120
45 124
45 129
45 132
45 138
45 139
45 140
45 141
45 143
45 144
45 145
45 146
45 153
45 158
45 168
45 169
45 172
46 1
46 18
46 21
46 22
46 27
46 29
46 33
46 35
46 36
46 37
46 38
46 39
46 40
46 44
46 7
46 159
46 13
46 108
46 100
46 31
46 60
46 9
46 109
46 4
46 20
46 138
46 47
46 106
46 50
46 75
46 51
46 71
46 85
46 115
46 14
46 163
46 143
46 166
46 82
46 130
46 88
46 132
46 116
46 52
46 73
46 102
46 127
46 168
46 142
46 150
46 117
46 8
46 167
46 34
46 154
46 139
46 26
46 77
46 72
46 55
46 67
46 68
46 133
46 172
46 131
46 61
46 5
46 145
46 0
46 160
46 152
46 135
46 95
46 64
46 84
46 41
46 137
46 30
46 10
46 124
46 23
46 66
46 49
46 6
46 19
46 62
46 48
46 57
46 86
46 89
46 93
46 101
46 104
46 107
46 122
46 123
46 126
46 128
46 140
46 141
46 146
46 151
46 153
46 156
46 161
46 162
46 169
46 171
47 0
47 20
47 22
47 23
47 25
47 29
47 33
47 36
47 38
47 40
47 44
47 45
47 46
47 150
47 39
47 167
47 117
47 74
47 140
47 166
47 147
47 108
47 83
47 128
47 137
47 15
47 97
47 88
47 164
47 144
47 17
47 6
47 107
47 62
47 112
47 113
47 146
47 21
47 157
47 71
47 116
47 171
47 119
47 18
47 69
47 169
47 51
47 52
47 54
47 55
47 56
47 57
47 60
47 65
47 72
47 76
47 86
47 91
47 93
47 101
47 102
47 104
47 105
47 110
47 111
47 120
47 122
47 124
47 126
47 130
47 138
47 139
47 141
47 142
47 148
47 149
47 152
47 153
47 154
47 158
47 159
47 168
47 173
47 174
48 0
48 7
48 8
48 15
48 18
48 19
48 29
48 33
48 35
48 43
48 44
48 76
48 100
48 49
48 75
48 131
48 65
48 82
48 108
48 154
48 61
48 164
48 9
48 6
48 101
48 91
48 110
48 141
48 67
48 32
48 3
48 151
48 55
48 153
48 105
48 22
48 72
48 99
48 2
48 28
48 109
48 98
48 138
48 92
48 86
48 42
48 46
48 36
48 45
48 128
48 80
48 111
48 163
48 27
48 96
48 50
48 84
48 69
48 174
48 133
48 152
48 16
48 56
48 1
48 145
48 102
48 104
48 125
48 39
48 53
48 54
48 21
48 119
48 60
48 70
48 77
48 79
48 81
48 83
48 93
48 97
48 113
48 122
48 123
48 124
48 129
48 132
48 142
48 144
48 146
48 150
48 156
48 158
48 159
48 161
48 162
48 167
48 171
48 172
48 173
49 16
49 21
49 23
49 25
49 28
49 40
49 42
49 43
49 46
49 48
49 34
49 160
49 145
49 1
49 19
49 90
49 62
49 75
49 56
49 134
49 110
49 115
49 173
49 78
49 149
49 0
49 18
49 22
49 73
49 29
49 131
49 51
49 161
49 95
49 27
49 138
49 58
49 61
49 67
49 68
49 70
49 72
49 77
49 79
49 82
49 84
49 87
49 93
49 98
49 99
49 106
49 107
49 108
49 112
49 113
49 116
49 117
49 119
49 123
49 126
49 129
49 130
49 135
49 139
49 140
49 141
49 146
49 154
49 158
49 159
49 162
49 164
49 165
49 171
49 174
50 0
50 1
50 10
50 22
50 25
50 29
50 36
50 38
50 44
50 46
50 48
50 64
50 95
50 86
50 51
50 53
50 57
50 60
50 67
50 70
50 74
50 76
50 83
50 84
50 96
50 104
50 112
50 115
50 116
50 117
50 121
50 122
50 126
50 128
50 132
50 139
50 140
50 144
50 146
50 149
50 150
50 151
50 153
50 158
50 164
50 169
50 172
50 173
51 7
51 10
51 13
51 20
51 25
51 40
51 44
51 46
51 49
51 29
51 71
51 47
51 6
51 174
51 110
51 111
51 0
51 34
51 133
51 41
51 167
51 138
51 50
51 104
51 63
51 166
51 101
51 168
51 37
51 77
51 109
51 55
51 153
51 9
51 173
51 18
51 76
51 139
51 78
51 1
51 31
51 33
51 67
51 93
51 165
51 126
51 161
51 99
51 82
51 15
51 4
51 22
51 122
51 145
51 164
51 130
51 114
51 24
51 158
51 131
51 66
51 154
51 62
51 65
51 70
51 74
51 83
51 96
51 97
51 98
51 103
51 107
51 108
51 112
51 117
51 118
51 121
51 123
51 124
51 129
51 134
51 141
51 142
51 149
51 151
51 159
51 160
51 163
51 169
51 171
51 172
52 0
52 8
52 20
52 21
52 22
52 33
52 34
52 37
52 38
52 39
52 44
52 46
52 85
52 126
52 122
52 98
52 47
52 97
52 149
52 28
52 168
52 134
52 56
52 68
52 70
52 71
52 72
52 73
52 74
52 75
52 76
52 81
52 82
52 84
52 86
52 95
52 101
52 107
52 113
52 116
52 117
52 119
52 121
52 124
52 127
52 128
52 130
52 132
52 135
52 136
52 139
52 145
52 146
52 150
52 158
52 159
52 160
52 161
52 167
52 169
52 170
52 172
53 1
53 5
53 8
53 19
53 29
53 33
53 35
53 36
53 38
53 40
53 48
53 91
53 24
53 99
53 135
53 115
53 56
53 39
53 59
53 96
53 66
53 18
53 125
53 141
53 130
53 72
53 102
53 90
53 121
53 60
53 127
53 50
53 44
53 101
53 9
53 164
53 64
53 105
53 71
53 61
53 155
53 93
53 123
53 45
53 6
53 67
53 73
53 152
53 17
53 77
53 70
53 76
53 140
53 88
53 117
53 97
53 171
53 161
53 2
53 116
53 3
53 4
53 107
53 41
53 132
53 12
53 109
53 55
53 65
53 78
53 82
53 84
53 86
53 98
53 104
53 124
53 126
53 134
53 136
53 139
53 142
53 149
53 150
53 158
53 159
53 162
53 166
53 168
53 169
53 172
54 1
54 14
54 17
54 18
54 25
54 33
54 36
54 39
54 40
54 43
54 48
54 174
54 84
54 10
54 80
54 109
54 88
54 63
54 47
54 155
54 55
54 58
54 62
54 67
54 68
54 70
54 71
54 76
54 82
54 95
54 96
54 98
54 104
54 113
54 117
54 121
54 122
54 124
54 126
54 129
54 130
54 140
54 146
54 149
54 150
54 151
54 154
54 156
54 159
54 163
54 164
54 165
54 169
54 172
55 21
55 27
55 36
55 38
55 46
55 48
55 51
55 171
55 133
55 5
55 98
55 173
55 129
55 162
55 85
55 134
55 35
55 28
55 78
55 135
55 113
55 139
55 174
55 152
55 87
55 154
55 13
55 68
55 37
55 9
55 24
55 12
55 72
55 25
55 153
55 148
55 119
55 157
55 3
55 6
55 53
55 123
55 163
55 31
55 15
55 17
55 112
55 54
55 116
55 61
55 34
55 74
55 67
55 66
55 10
55 30
55 125
55 90
55 40
55 60
55 47
55 96
55 100
55 32
55 109
55 88
55 69
55 86
55 149
55 57
55 8
55 124
55 107
55 56
55 62
55 65
55 73
55 82
55 84
55 108
55 110
55 117
55 118
55 120
55 121
55 130
55 136
55 142
55 144
55 146
55 158
55 160
55 164
55 169
56 20
56 29
56 36
56 38
56 44
56 48
56 49
56 53
56 119
56 174
56 40
56 17
56 168
56 63
56 141
56 122
56 55
56 127
56 171
56 99
56 101
56 104
56 70
56 155
56 169
56 9
56 2
56 47
56 154
56 72
56 135
56 7
56 120
56 82
56 30
56 24
56 52
56 114
56 27
56 62
56 93
56 92
56 142
56 73
56 32
56 91
56 61
56 172
56 58
56 65
56 67
56 71
56 74
56 108
56 110
56 112
56 113
56 116
56 121
56 132
56 133
56 134
56 137
56 144
56 145
56 146
56 148
56 150
56 151
56 153
56 158
56 160
56 165
56 173
57 8
57 13
57 15
57 19
57 21
57 22
57 23
57 26
57 36
57 39
57 41
57 43
57 55
57 150
57 144
57 14
57 102
57 148
57 59
57 33
57 90
57 146
57 138
57 174
57 75
57 100
57 96
57 104
57 84
57 109
57 64
57 89
57 47
57 155
57 50
57 134
57 37
57 160
57 137
57 34
57 98
57 77
57 151
57 93
57 169
57 46
57 71
57 72
57 85
57 142
57 162
57 10
57 45
57 68
57 153
57 113
57 161
57 122
57 76
57 110
57 107
57 17
57 88
57 62
57 65
57 67
57 78
57 95
57 97
57 105
57 111
57 112
57 114
57 115
57 116
57 117
57 119
57 121
57 123
57 124
57 136
57 139
57 149
57 156
57 165
57 166
57 171
57 172
58 15
58 19
58 22
58 23
58 44
58 62
58 82
58 45
58 99
58 125
58 3
58 84
58 64
58 149
58 70
58 16
58 161
58 172
58 54
58 113
58 140
58 128
58 106
58 59
58 74
58 75
58 159
58 118
58 136
58 157
58 141
58 88
58 13
58 56
58 49
58 32
58 81
58 133
58 153
58 17
58 9
58 95
58 138
58 89
58 102
58 7
58 85
58 168
58 77
58 35
58 41
58 60
58 65
58 68
58 76
58 78
58 86
58 96
58 104
58 110
58 112
58 116
58 119
58 122
58 123
58 124
58 126
58 134
58 139
58 146
58 150
58 152
58 154
58 162
58 164
58 166
58 171
58 174
59 9
59 17
59 33
59 39
59 53
59 57
59 58
59 93
59 174
59 146
59 102
59 158
59 165
59 45
59 114
59 115
59 65
59 77
59 6
59 12
59 71
59 21
59 78
59 61
59 67
59 81
59 82
59 84
59 87
59 90
59 96
59 104
59 108
59 117
59 119
59 121
59 122
59 124
59 126
59 138
59 139
59 141
59 145
59 150
59 156
59 159
59 169
59 172
60 1
60 18
60 20
60 25
60 29
60 43
60 46
60 53
60 55
60 130
60 50
60 24
60 63
60 67
60 141
60 28
60 133
60 160
60 122
60 165
60 113
60 45
60 137
60 91
60 116
60 7
60 167
60 92
60 159
60 64
60 47
60 70
60 68
60 3
60 129
60 90
60 121
60 72
60 66
60 6
60 76
60 13
60 124
60 128
60 48
60 22
60 163
60 158
60 149
60 144
60 0
60 5
60 101
60 131
60 87
60 132
60 11
60 65
60 126
60 114
60 157
60 89
60 58
60 94
60 118
60 96
60 78
60 119
60 138
60 95
60 135
60 146
60 107
60 61
60 71
60 74
60 75
60 82
60 98
60 110
60 115
60 123
60 139
60 142
60 145
60 151
60 154
60 156
60 169
61 1
61 7
61 9
61 15
61 17
61 19
61 22
61 27
61 29
61 39
61 46
61 48
61 53
61 55
61 56
61 121
61 24
61 4
61 28
61 117
61 128
61 49
61 153
61 83
61 172
61 8
61 136
61 104
61 59
61 89
61 143
61 147
61 68
61 5
61 70
61 42
61 154
61 60
61 2
61 95
61 102
61 35
61 110
61 72
61 3
61 74
61 94
61 97
61 14
61 65
61 90
61 100
61 44
61 118
61 82
61 138
61 126
61 69
61 124
61 166
61 114
61 91
61 73
61 86
61 99
61 101
61 108
61 113
61 115
61 127
61 134
61 135
61 139
61 151
61 156
61 159
61 164
61 169
61 171
61 173
62 0
62 8
62 9
62 11
62 22
62 23
62 24
62 25
62 33
62 35
62 40
62 42
62 46
62 47
62 49
62 56
62 58
62 85
62 21
62 76
62 86
62 45
62 121
62 57
62 157
62 82
62 51
62 168
62 70
62 55
62 142
62 114
62 120
62 12
62 150
62 3
62 117
62 106
62 115
62 139
62 54
62 171
62 43
62 134
62 113
62 164
62 91
62 16
62 79
62 84
62 140
62 93
62 111
62 39
62 167
62 110
62 163
62 96
62 74
62 67
62 80
62 65
62 68
62 72
62 73
62 81
62 95
62 100
62 104
62 107
62 108
62 122
62 128
62 135
62 144
62 146
62 152
62 153
62 154
62 159
62 165
62 169
62 172
62 173
63 0
63 7
63 16
63 19
63 20
63 22
63 25
63 26
63 29
63 33
63 36
63 38
63 39
63 43
63 51
63 54
63 56
63 60
63 37
63 120
63 105
63 139
63 96
63 116
63 147
63 88
63 115
63 121
63 64
63 97
63 155
63 70
63 158
63 30
63 136
63 168
63 69
63 165
63 65
63 67
63 68
63 71
63 75
63 78
63 81
63 84
63 86
63 92
63 101
63 104
63 107
63 108
63 111
63 112
63 117
63 119
63 130
63 134
63 140
63 141
63 149
63 150
63 151
63 152
63 153
63 156
63 172
64 0
64 20
64 21
64 23
64 25
64 27
64 29
64 33
64 36
64 39
64 40
64 41
64 46
64 50
64 53
64 57
64 58
64 60
64 63
64 98
64 119
64 129
64 153
64 78
64 69
64 28
64 152
64 30
64 18
64 159
64 24
64 72
64 42
64 145
64 19
64 148
64 93
64 90
64 163
64 65
64 67
64 70
64 74
64 82
64 95
64 103
64 111
64 112
64 117
64 121
64 123
64 124
64 132
64 135
64 136
64 140
64 144
64 151
64 158
64 166
64 172
64 173
64 174
65 0
65 12
65 13
65 14
65 16
65 19
65 24
65 37
65 39
65 44
65 48
65 59
65 60
65 61
65 122
65 27
65 62
65 21
65 124
65 138
65 120
65 85
65 145
65 116
65 91
65 155
65 139
65 113
65 153
65 166
65 95
65 119
65 18
65 110
65 57
65 38
65 1
65 4
65 123
65 140
65 94
65 118
65 146
65 47
65 11
65 98
65 41
65 134
65 151
65 157
65 135
65 63
65 58
65 105
65 9
65 154
65 163
65 2
65 101
65 111
65 22
65 147
65 126
65 127
65 125
65 156
65 130
65 170
65 20
65 144
65 33
65 15
65 167
65 30
65 70
65 174
65 51
65 148
65 55
65 160
65 99
65 56
65 112
65 97
65 89
65 169
65 45
65 103
65 53
65 87
65 64
65 79
65 3
65 117
65 84
65 67
65 71
65 76
65 82
65 83
65 96
65 107
65 108
65 129
65 141
65 142
65 152
65 165
65 171
65 172
66 6
66 18
66 22
66 24
66 25
66 27
66 29
66 33
66 36
66 38
66 39
66 46
66 51
66 53
66 55
66 60
66 130
66 140
66 166
66 102
66 72
66 73
66 74
66 76
66 77
66 96
66 99
66 111
66 112
66 113
66 119
66 121
66 124
66 126
66 129
66 134
66 138
66 139
66 141
66 145
66 146
66 153
66 156
66 158
66 160
66 168
66 169
66 172
67 0
67 1
67 8
67 19
67 29
67 36
67 38
67 39
67 44
67 46
67 48
67 51
67 53
67 55
67 60
67 62
67 100
67 90
67 173
67 102
67 18
67 3
67 20
67 88
67 170
67 59
67 16
67 49
67 149
67 43
67 76
67 10
67 15
67 124
67 85
67 108
67 159
67 167
67 86
67 83
67 65
67 26
67 174
67 95
67 135
67 82
67 147
67 116
67 121
67 24
67 98
67 81
67 164
67 75
67 136
67 27
67 161
67 141
67 56
67 13
67 72
67 110
67 109
67 148
67 50
67 140
67 57
67 7
67 166
67 89
67 106
67 143
67 11
67 172
67 103
67 157
67 74
67 21
67 63
67 70
67 171
67 34
67 54
67 30
67 5
67 128
67 104
67 139
67 91
67 131
67 64
67 151
67 84
67 71
67 93
67 96
67 101
67 113
67 117
67 126
67 138
67 142
67 144
67 146
67 152
67 153
67 154
67 158
67 160
67 169
68 8
68 15
68 19
68 22
68 24
68 33
68 46
68 55
68 57
68 60
68 61
68 30
68 154
68 18
68 2
68 10
68 173
68 32
68 62
68 144
68 74
68 117
68 78
68 90
68 82
68 169
68 145
68 72
68 158
68 136
68 83
68 88
68 75
68 162
68 77
68 155
68 58
68 97
68 31
68 25
68 81
68 49
68 39
68 21
68 172
68 143
68 149
68 142
68 135
68 98
68 95
68 93
68 100
68 92
68 123
68 101
68 113
68 121
68 168
68 44
68 63
68 54
68 14
68 52
68 166
68 152
68 71
68 76
68 84
68 89
68 112
68 115
68 116
68 119
68 124
68 134
68 138
68 139
68 141
68 146
68 153
68 156
68 159
68 160
68 164
68 171
68 174
69 7
69 9
69 10
69 19
69 20
69 21
69 22
69 29
69 33
69 37
69 39
69 40
69 47
69 48
69 55
69 61
69 63
69 64
69 18
69 71
69 78
69 80
69 84
69 95
69 106
69 107
69 110
69 112
69 113
69 116
69 120
69 121
69 123
69 126
69 134
69 139
69 144
69 148
69 150
69 152
69 153
69 156
69 165
69 172
70 0
70 8
70 13
70 19
70 21
70 22
70 29
70 33
70 38
70 40
70 45
70 53
70 56
70 58
70 60
70 61
70 62
70 63
70 65
70 67
70 126
70 14
70 141
70 168
70 28
70 169
70 82
70 166
70 32
70 102
70 98
70 90
70 100
70 16
70 115
70 134
70 25
70 75
70 125
70 105
70 1
70 37
70 35
70 9
70 12
70 50
70 85
70 107
70 112
70 147
70 52
70 49
70 167
70 89
70 5
70 164
70 114
70 144
70 138
70 139
70 160
70 83
70 84
70 96
70 79
70 99
70 6
70 116
70 122
70 48
70 86
70 51
70 120
70 155
70 7
70 71
70 104
70 152
70 77
70 133
70 137
70 103
70 142
70 132
70 117
70 64
70 54
70 2
70 150
70 24
70 110
70 101
70 151
70 74
70 78
70 93
70 121
70 123
70 124
70 128
70 129
70 130
70 140
70 149
70 153
70 154
70 156
70 158
70 159
70 162
70 170
70 173
71 0
71 8
71 14
71 15
71 18
71 20
71 29
71 37
71 39
71 44
71 46
71 47
71 51
71 53
71 57
71 59
71 70
71 155
71 45
71 60
71 7
71 146
71 69
71 98
71 128
71 6
71 106
71 96
71 161
71 52
71 93
71 170
71 132
71 151
71 153
71 120
71 116
71 12
71 111
71 164
71 174
71 140
71 26
71 138
71 107
71 95
71 137
71 135
71 43
71 35
71 171
71 25
71 75
71 131
71 3
71 67
71 2
71 63
71 23
71 42
71 103
71 150
71 31
71 101
71 56
71 126
71 32
71 144
71 141
71 147
71 130
71 19
71 65
71 76
71 139
71 154
71 94
71 122
71 142
71 83
71 30
71 13
71 72
71 68
71 100
71 54
71 149
71 73
71 82
71 102
71 108
71 112
71 117
71 124
71 152
71 158
71 162
71 165
71 169
71 172
72 0
72 2
72 8
72 13
72 15
72 17
72 18
72 19
72 25
72 29
72 33
72 35
72 36
72 39
72 41
72 44
72 46
72 48
72 53
72 55
72 56
72 57
72 60
72 61
72 64
72 67
72 68
72 71
72 88
72 7
72 120
72 97
72 101
72 76
72 82
72 159
72 73
72 93
72 167
72 74
72 43
72 156
72 113
72 52
72 116
72 132
72 6
72 30
72 106
72 126
72 21
72 123
72 78
72 80
72 137
72 151
72 136
72 111
72 108
72 162
72 169
72 47
72 155
72 90
72 157
72 49
72 28
72 16
72 166
72 45
72 12
72 124
72 110
72 24
72 5
72 149
72 144
72 86
72 42
72 77
72 66
72 160
72 133
72 62
72 105
72 83
72 84
72 87
72 95
72 98
72 99
72 112
72 115
72 117
72 118
72 121
72 122
72 130
72 134
72 139
72 140
72 141
72 146
72 150
72 154
72 158
72 171
73 19
73 22
73 33
73 35
73 36
73 37
73 38
73 39
73 40
73 43
73 46
73 49
73 53
73 56
73 61
73 72
73 131
73 126
73 147
73 166
73 152
73 108
73 148
73 167
73 85
73 29
73 91
73 135
73 119
73 4
73 109
73 13
73 44
73 117
73 84
73 107
73 55
73 71
73 31
73 62
73 122
73 66
73 121
73 123
73 136
73 124
73 9
73 3
73 151
73 120
73 164
73 52
73 74
73 82
73 96
73 100
73 104
73 112
73 113
73 115
73 127
73 132
73 139
73 145
73 146
73 149
73 150
73 153
73 154
73 156
73 158
73 159
73 170
73 171
74 7
74 8
74 16
74 20
74 23
74 25
74 30
74 33
74 36
74 43
74 44
74 47
74 55
74 58
74 61
74 62
74 67
74 68
74 72
74 149
74 147
74 158
74 78
74 1
74 155
74 153
74 88
74 31
74 22
74 112
74 3
74 102
74 135
74 51
74 42
74 14
74 10
74 148
74 64
74 80
74 124
74 56
74 170
74 12
74 161
74 116
74 38
74 24
74 32
74 117
74 29
74 137
74 115
74 90
74 60
74 89
74 173
74 120
74 144
74 34
74 76
74 17
74 166
74 13
74 150
74 101
74 146
74 70
74 94
74 82
74 128
74 35
74 93
74 45
74 121
74 73
74 107
74 50
74 11
74 142
74 163
74 172
74 66
74 131
74 4
74 126
74 52
74 162
74 37
74 141
74 19
74 167
74 136
74 122
74 84
74 2
74 132
74 40
74 113
74 114
74 6
74 145
74 26
74 83
74 174
74 77
74 97
74 100
74 108
74 111
74 130
74 139
74 140
74 151
74 164
75 15
75 16
75 21
75 26
75 30
75 33
75 36
75 37
75 38
75 39
75 40
75 43
75 46
75 48
75 49
75 57
75 58
75 67
75 68
75 70
75 71
75 88
75 97
75 123
75 77
75 81
75 148
75 158
75 105
75 110
75 52
75 86
75 90
75 130
75 144
75 17
75 63
75 5
75 32
75 116
75 31
75 42
75 10
75 60
75 93
75 122
75 171
75 106
75 170
75 102
75 124
75 140
75 25
75 169
75 103
75 132
75 82
75 83
75 84
75 100
75 107
75 113
75 117
75 121
75 129
75 131
75 135
75 146
75 149
75 151
75 156
75 157
75 159
75 160
75 164
75 172
75 174
76 0
76 1
76 5
76 8
76 9
76 13
76 15
76 18
76 20
76 23
76 25
76 33
76 39
76 48
76 51
76 53
76 57
76 60
76 62
76 67
76 71
76 72
76 74
76 54
76 91
76 81
76 133
76 97
76 160
76 138
76 161
76 95
76 134
76 42
76 147
76 157
76 151
76 154
76 159
76 107
76 158
76 145
76 28
76 50
76 89
76 101
76 32
76 52
76 65
76 153
76 7
76 167
76 130
76 68
76 165
76 12
76 131
76 66
76 47
76 10
76 137
76 37
76 17
76 164
76 45
76 58
76 156
76 3
76 149
76 77
76 82
76 90
76 104
76 112
76 113
76 115
76 117
76 118
76 119
76 122
76 124
76 132
76 136
76 139
76 141
76 142
76 162
76 171
77 9
77 22
77 24
77 28
77 29
77 43
77 46
77 51
77 53
77 57
77 58
77 59
77 68
77 70
77 72
77 75
77 49
77 15
77 154
77 94
77 17
77 120
77 99
77 80
77 163
77 76
77 153
77 112
77 132
77 123
77 149
77 25
77 128
77 164
77 74
77 18
77 133
77 111
77 92
77 19
77 136
77 30
77 144
77 12
77 117
77 48
77 97
77 8
77 161
77 160
77 124
77 78
77 45
77 167
77 31
77 66
77 96
77 146
77 82
77 93
77 95
77 101
77 113
77 121
77 126
77 135
77 137
77 139
77 141
77 142
77 145
77 148
77 159
77 165
77 169
77 172
77 174
78 0
78 8
78 14
78 21
78 22
78 23
78 24
78 29
78 33
78 37
78 49
78 51
78 55
78 59
78 60
78 64
78 68
78 72
78 74
78 77
78 63
78 109
78 156
78 133
78 119
78 160
78 117
78 136
78 161
78 172
78 53
78 134
78 139
78 98
78 127
78 142
78 167
78 144
78 147
78 121
78 1
78 58
78 69
78 2
78 166
78 111
78 4
78 85
78 107
78 173
78 38
78 124
78 6
78 87
78 9
78 97
78 96
78 131
78 122
78 140
78 57
78 90
78 70
78 81
78 82
78 84
78 93
78 95
78 100
78 108
78 110
78 112
78 115
78 128
78 141
78 150
78 151
78 153
78 158
78 159
78 164
78 169
78 171
78 174
79 14
79 15
79 17
79 20
79 25
79 33
79 36
79 38
79 39
79 40
79 43
79 62
79 65
79 70
79 21
79 49
79 82
79 99
79 96
79 48
79 86
79 93
79 101
79 104
79 108
79 110
79 111
79 121
79 135
79 139
79 140
79 141
79 145
79 148
79 149
79 150
79 151
79 158
79 162
79 169
79 171
79 172
79 173
80 0
80 4
80 8
80 13
80 18
80 21
80 29
80 33
80 36
80 38
80 39
80 41
80 45
80 48
80 54
80 62
80 72
80 74
80 77
80 123
80 42
80 122
80 69
80 92
80 91
80 172
80 7
80 153
80 101
80 160
80 155
80 115
80 143
80 111
80 82
80 95
80 99
80 100
80 104
80 107
80 108
80 112
80 117
80 121
80 126
80 127
80 130
80 132
80 135
80 139
80 144
80 145
80 150
80 151
80 154
80 161
80 164
80 169
80 171
81 0
81 18
81 19
81 20
81 21
81 22
81 23
81 33
81 34
81 35
81 58
81 67
81 68
81 75
81 76
81 126
81 159
81 110
81 97
81 131
81 133
81 118
81 99
81 136
81 117
81 25
81 145
81 139
81 152
81 168
81 29
81 142
81 105
81 132
81 6
81 102
81 173
81 48
81 62
81 1
81 147
81 78
81 52
81 96
81 164
81 172
81 59
81 156
81 63
81 87
81 13
81 108
81 44
81 91
81 41
81 93
81 98
81 101
81 103
81 107
81 115
81 120
81 121
81 124
81 130
81 134
81 138
81 153
81 165
81 169
81 170
82 0
82 12
82 13
82 18
82 20
82 22
82 29
82 31
82 33
82 37
82 38
82 39
82 40
82 45
82 46
82 48
82 51
82 56
82 58
82 61
82 62
82 67
82 68
82 70
82 72
82 74
82 79
82 135
82 54
82 163
82 121
82 16
82 11
82 24
82 150
82 30
82 88
82 172
82 90
82 28
82 138
82 169
82 154
82 9
82 71
82 92
82 84
82 134
82 53
82 153
82 113
82 52
82 149
82 170
82 109
82 95
82 80
82 49
82 118
82 115
82 111
82 100
82 136
82 73
82 143
82 122
82 64
82 140
82 76
82 161
82 142
82 19
82 23
82 164
82 93
82 15
82 119
82 102
82 77
82 155
82 157
82 129
82 151
82 117
82 14
82 137
82 107
82 148
82 65
82 55
82 97
82 167
82 59
82 128
82 158
82 60
82 78
82 41
82 105
82 114
82 35
82 44
82 126
82 156
82 101
82 152
82 87
82 75
82 160
82 139
82 85
82 146
82 86
82 89
82 91
82 108
82 112
82 116
82 120
82 124
82 130
82 131
82 141
82 144
82 159
83 7
83 13
83 18
83 20
83 36
83 38
83 43
83 44
83 47
83 61
83 67
83 68
83 70
83 71
83 74
83 87
83 115
83 142
83 50
83 139
83 24
83 132
83 105
83 167
83 72
83 171
83 123
83 141
83 48
83 4
83 131
83 51
83 174
83 143
83 16
83 28
83 32
83 8
83 75
83 93
83 146
83 104
83 165
83 22
83 118
83 65
83 84
83 95
83 98
83 101
83 108
83 112
83 117
83 120
83 124
83 126
83 138
83 140
83 144
83 152
83 156
83 158
83 173
84 0
84 9
84 21
84 29
84 33
84 41
84 43
84 44
84 46
84 48
84 54
84 57
84 58
84 62
84 65
84 67
84 70
84 73
84 74
84 82
84 75
84 39
84 146
84 110
84 53
84 161
84 131
84 100
84 128
84 165
84 156
84 149
84 155
84 133
84 127
84 89
84 99
84 94
84 15
84 50
84 36
84 1
84 124
84 52
84 19
84 132
84 130
84 45
84 139
84 111
84 59
84 2
84 120
84 12
84 104
84 119
84 55
84 105
84 72
84 68
84 23
84 38
84 123
84 150
84 25
84 69
84 153
84 85
84 138
84 113
84 135
84 173
84 106
84 27
84 171
84 3
84 30
84 126
84 83
84 5
84 37
84 28
84 86
84 20
84 26
84 7
84 148
84 109
84 121
84 136
84 144
84 95
84 151
84 117
84 63
84 157
84 10
84 35
84 167
84 78
84 49
84 162
84 122
84 93
84 98
84 101
84 112
84 134
84 140
84 141
84 145
84 164
84 169
84 172
85 2
85 15
85 22
85 26
85 33
85 36
85 38
85 39
85 40
85 43
85 44
85 46
85 52
85 55
85 57
85 58
85 62
85 65
85 67
85 70
85 73
85 78
85 82
85 84
85 151
85 5
85 165
85 10
85 90
85 97
85 104
85 112
85 113
85 115
85 117
85 119
85 121
85 124
85 126
85 129
85 132
85 135
85 138
85 140
85 144
85 145
85 150
85 152
85 153
85 158
85 160
85 161
85 163
85 172
85 174
86 22
86 25
86 29
86 37
86 38
86 40
86 43
86 48
86 50
86 55
86 62
86 67
86 70
86 72
86 75
86 84
86 107
86 109
86 172
86 87
86 114
86 152
86 160
86 158
86 155
86 52
86 8
86 151
86 41
86 16
86 18
86 133
86 11
86 134
86 79
86 162
86 145
86 20
86 123
86 53
86 140
86 100
86 6
86 98
86 136
86 135
86 170
86 166
86 63
86 108
86 7
86 14
86 61
86 34
86 58
86 19
86 28
86 46
86 47
86 164
86 92
86 82
86 35
86 106
86 26
86 167
86 90
86 93
86 95
86 96
86 101
86 105
86 110
86 112
86 113
86 117
86 121
86 124
86 126
86 129
86 132
86 138
86 139
86 142
86 148
86 149
86 150
86 154
86 161
87 0
87 7
87 8
87 12
87 15
87 20
87 22
87 25
87 36
87 38
87 40
87 55
87 60
87 65
87 78
87 81
87 82
87 83
87 86
87 49
87 33
87 113
87 59
87 72
87 110
87 89
87 90
87 93
87 95
87 98
87 100
87 101
87 105
87 117
87 121
87 122
87 126
87 132
87 134
87 138
87 139
87 142
87 144
87 145
87 148
87 151
87 153
87 156
87 160
87 165
87 166
87 168
87 169
87 170
88 0
88 8
88 22
88 33
88 38
88 43
88 46
88 47
88 53
88 54
88 55
88 57
88 58
88 63
88 67
88 68
88 72
88 74
88 75
88 82
88 11
88 7
88 143
88 89
88 90
88 91
88 107
88 115
88 117
88 119
88 123
88 132
88 134
88 137
88 140
88 142
88 146
88 151
88 154
88 159
88 164
88 168
88 169
89 0
89 22
89 26
89 29
89 37
89 38
89 39
89 40
89 41
89 45
89 57
89 58
89 60
89 61
89 65
89 67
89 70
89 74
89 76
89 84
89 87
89 143
89 8
89 68
89 28
89 95
89 166
89 19
89 129
89 117
89 46
89 121
89 18
89 82
89 124
89 139
89 126
89 136
89 171
89 33
89 132
89 114
89 30
89 153
89 88
89 159
89 130
89 96
89 98
89 100
89 101
89 104
89 107
89 108
89 111
89 112
89 118
89 120
89 122
89 123
89 140
89 141
89 142
89 144
89 145
89 146
89 150
89 152
89 158
89 162
89 164
89 165
89 167
89 174
90 9
90 16
90 21
90 36
90 37
90 39
90 40
90 44
90 49
90 53
90 55
90 57
90 60
90 61
90 64
90 67
90 68
90 70
90 72
90 74
90 75
90 78
90 82
90 112
90 172
90 6
90 87
90 88
90 108
90 123
90 76
90 143
90 166
90 131
90 161
90 122
90 91
90 23
90 116
90 97
90 164
90 28
90 0
90 136
90 118
90 95
90 158
90 86
90 8
90 30
90 132
90 29
90 130
90 109
90 137
90 146
90 154
90 104
90 85
90 4
90 93
90 125
90 157
90 159
90 173
90 121
90 27
90 2
90 31
90 128
90 43
90 59
90 165
90 169
90 115
90 110
90 12
90 117
90 34
90 20
90 5
90 101
90 25
90 41
90 96
90 99
90 134
90 135
90 142
90 144
90 151
90 153
90 155
90 156
90 160
90 167
90 171
91 0
91 20
91 21
91 25
91 29
91 39
91 40
91 48
91 53
91 56
91 60
91 61
91 62
91 65
91 67
91 73
91 76
91 80
91 81
91 90
91 139
91 161
91 82
91 169
91 88
91 45
91 43
91 47
91 156
91 19
91 143
91 35
91 127
91 23
91 95
91 104
91 112
91 113
91 119
91 122
91 123
91 124
91 126
91 129
91 134
91 142
91 146
91 150
91 152
91 154
91 158
91 164
91 167
91 173
92 2
92 9
92 14
92 19
92 20
92 21
92 22
92 23
92 33
92 44
92 45
92 48
92 56
92 60
92 68
92 77
92 80
92 82
92 86
92 96
92 125
92 143
92 116
92 139
92 63
92 11
92 41
92 126
92 24
92 114
92 121
92 27
92 169
92 93
92 95
92 98
92 101
92 103
92 104
92 108
92 113
92 120
92 122
92 124
92 130
92 135
92 138
92 146
92 149
92 151
92 152
92 154
92 159
92 162
92 168
92 171
92 172
92 173
93 1
93 14
93 19
93 21
93 22
93 25
93 36
93 40
93 44
93 51
93 53
93 56
93 57
93 59
93 62
93 64
93 68
93 71
93 72
93 74
93 75
93 82
93 83
93 90
93 86
93 4
93 8
93 7
93 105
93 109
93 114
93 144
93 47
93 119
93 156
93 128
93 126
93 24
93 166
93 125
93 84
93 2
93 41
93 46
93 157
93 67
93 121
93 77
93 130
93 18
93 161
93 110
93 113
93 122
93 39
93 10
93 136
93 79
93 31
93 163
93 20
93 11
93 170
93 162
93 153
93 87
93 6
93 106
93 49
93 70
93 48
93 149
93 169
93 92
93 132
93 96
93 138
93 78
93 131
93 81
93 28
93 147
93 115
93 95
93 98
93 100
93 101
93 103
93 104
93 107
93 117
93 123
93 124
93 134
93 140
93 141
93 142
93 145
93 148
93 150
93 151
93 152
93 158
93 168
93 171
93 172
94 10
94 16
94 19
94 29
94 35
94 37
94 43
94 60
94 61
94 65
94 71
94 74
94 77
94 84
94 20
94 95
94 96
94 100
94 101
94 104
94 108
94 110
94 111
94 114
94 115
94 118
94 124
94 126
94 129
94 132
94 135
94 137
94 138
94 139
94 140
94 141
94 145
94 146
94 152
94 156
94 158
94 160
94 162
94 164
94 169
94 171
94 172
95 1
95 2
95 17
95 18
95 23
95 29
95 36
95 37
95 39
95 46
95 49
95 50
95 58
95 60
95 61
95 65
95 67
95 68
95 71
95 76
95 82
95 84
95 89
95 90
95 86
95 52
95 142
95 113
95 161
95 148
95 92
95 170
95 132
95 77
95 129
95 15
95 111
95 164
95 159
95 137
95 138
95 9
95 57
95 44
95 174
95 136
95 154
95 41
95 172
95 165
95 146
95 131
95 28
95 121
95 26
95 6
95 42
95 103
95 91
95 128
95 105
95 119
95 62
95 21
95 171
95 14
95 45
95 8
95 22
95 160
95 43
95 114
95 54
95 141
95 72
95 5
95 64
95 11
95 134
95 118
95 25
95 152
95 145
95 69
95 158
95 101
95 19
95 40
95 32
95 140
95 93
95 109
95 162
95 80
95 98
95 127
95 125
95 167
95 13
95 117
95 7
95 20
95 16
95 78
95 147
95 94
95 87
95 83
95 30
95 96
95 102
95 104
95 106
95 107
95 108
95 115
95 123
95 126
95 130
95 139
95 144
95 150
95 151
95 156
95 168
96 20
96 21
96 23
96 26
96 29
96 36
96 37
96 38
96 41
96 48
96 53
96 55
96 57
96 60
96 62
96 63
96 70
96 71
96 77
96 78
96 79
96 81
96 90
96 92
96 93
96 165
96 67
96 59
96 133
96 50
96 120
96 147
96 45
96 54
96 58
96 12
96 100
96 125
96 3
96 1
96 13
96 95
96 166
96 113
96 119
96 107
96 15
96 153
96 159
96 161
96 8
96 118
96 43
96 122
96 142
96 65
96 11
96 116
96 172
96 149
96 144
96 34
96 157
96 156
96 5
96 124
96 158
96 66
96 31
96 25
96 10
96 170
96 33
96 89
96 135
96 145
96 105
96 94
96 151
96 0
96 32
96 22
96 19
96 51
96 86
96 137
96 73
96 6
96 114
96 167
96 101
96 106
96 111
96 112
96 121
96 126
96 127
96 132
96 150
96 169
96 171
96 173
97 0
97 9
97 16
97 17
97 22
97 27
97 33
97 36
97 39
97 43
97 47
97 52
97 53
97 61
97 63
97 65
97 68
97 72
97 75
97 76
97 77
97 78
97 81
97 82
97 90
97 160
97 57
97 23
97 123
97 3
97 30
97 171
97 114
97 25
97 122
97 108
97 98
97 142
97 51
97 141
97 5
97 48
97 139
97 8
97 124
97 159
97 107
97 37
97 85
97 74
97 100
97 102
97 104
97 110
97 112
97 113
97 135
97 144
97 152
97 156
97 158
97 165
97 169
97 172
98 7
98 8
98 9
98 13
98 16
98 19
98 20
98 25
98 26
98 27
98 29
98 33
98 37
98 41
98 48
98 52
98 55
98 57
98 64
98 65
98 67
98 68
98 70
98 71
98 78
98 86
98 95
98 97
98 139
98 36
98 40
98 81
98 128
98 125
98 155
98 150
98 141
98 126
98 173
98 12
98 108
98 154
98 87
98 129
98 92
98 1
98 15
98 53
98 163
98 30
98 51
98 107
98 167
98 165
98 54
98 122
98 115
98 93
98 10
98 133
98 32
98 21
98 49
98 166
98 171
98 142
98 144
98 39
98 84
98 109
98 83
98 123
98 89
98 112
98 131
98 60
98 172
98 72
98 35
98 44
98 5
98 101
98 110
98 113
98 120
98 132
98 135
98 138
98 145
98 156
98 158
98 162
98 169
99 0
99 2
99 7
99 9
99 12
99 13
99 15
99 18
99 21
99 29
99 35
99 36
99 40
99 43
99 48
99 51
99 53
99 56
99 58
99 65
99 70
99 77
99 79
99 81
99 84
99 44
99 80
99 104
99 72
99 132
99 156
99 103
99 124
99 139
99 159
99 171
99 116
99 45
99 111
99 61
99 66
99 10
99 90
99 6
99 49
99 135
99 100
99 101
99 105
99 107
99 112
99 117
99 118
99 122
99 128
99 129
99 140
99 141
99 147
99 152
99 160
99 169
99 172
99 173
100 7
100 8
100 9
100 13
100 20
100 21
100 25
100 28
100 33
100 36
100 39
100 46
100 48
100 55
100 57
100 61
100 67
100 68
100 70
100 71
100 82
100 84
100 86
100 96
100 135
100 1
100 155
100 129
100 17
100 75
100 94
100 73
100 5
100 123
100 19
100 151
100 109
100 101
100 111
100 128
100 143
100 168
100 130
100 35
100 4
100 89
100 93
100 74
100 22
100 80
100 37
100 136
100 99
100 27
100 97
100 107
100 42
100 2
100 87
100 137
100 104
100 78
100 62
100 12
100 45
100 0
100 108
100 110
100 113
100 115
100 117
100 118
100 120
100 122
100 124
100 126
100 138
100 141
100 142
100 149
100 150
100 152
100 154
100 158
100 161
100 162
100 169
101 14
101 16
101 18
101 29
101 33
101 36
101 37
101 38
101 40
101 43
101 44
101 48
101 51
101 53
101 56
101 60
101 65
101 68
101 70
101 71
101 72
101 74
101 76
101 80
101 82
101 90
101 95
101 100
101 123
101 25
101 94
101 81
101 160
101 83
101 79
101 13
101 159
101 137
101 9
101 7
101 127
101 0
101 155
101 39
101 84
101 41
101 86
101 46
101 19
101 105
101 92
101 146
101 136
101 93
101 119
101 77
101 145
101 117
101 166
101 109
101 124
101 171
101 149
101 132
101 106
101 61
101 87
101 98
101 63
101 110
101 135
101 121
101 157
101 47
101 31
101 15
101 96
101 118
101 23
101 34
101 17
101 32
101 89
101 42
101 3
101 152
101 22
101 154
101 67
101 99
101 52
101 12
101 112
101 114
101 108
101 113
101 129
101 158
101 162
101 172
101 174
102 0
102 2
102 7
102 8
102 12
102 16
102 20
102 23
102 33
102 36
102 39
102 46
102 48
102 53
102 57
102 58
102 59
102 61
102 66
102 67
102 70
102 74
102 75
102 81
102 82
102 139
102 97
102 113
102 32
102 164
102 10
102 95
102 123
102 129
102 11
102 165
102 71
102 47
102 107
102 114
102 115
102 117
102 121
102 122
102 124
102 131
102 138
102 141
102 142
102 150
102 151
102 156
102 158
102 160
102 170
102 172
103 8
103 21
103 29
103 33
103 36
103 39
103 44
103 65
103 67
103 70
103 71
103 75
103 95
103 99
103 149
103 93
103 166
103 130
103 20
103 152
103 144
103 108
103 16
103 163
103 92
103 127
103 40
103 10
103 31
103 42
103 13
103 64
103 81
103 25
103 51
103 26
103 107
103 111
103 112
103 113
103 115
103 122
103 123
103 124
103 125
103 128
103 129
103 138
103 140
103 145
103 150
103 153
103 158
103 162
103 168
103 171
103 172
104 7
104 20
104 21
104 22
104 23
104 24
104 25
104 27
104 31
104 33
104 36
104 40
104 43
104 44
104 45
104 48
104 51
104 56
104 57
104 61
104 67
104 70
104 83
104 84
104 90
104 99
104 100
104 154
104 58
104 50
104 122
104 32
104 156
104 14
104 170
104 38
104 127
104 1
104 165
104 114
104 124
104 9
104 4
104 63
104 167
104 13
104 148
104 129
104 6
104 163
104 153
104 8
104 54
104 169
104 76
104 125
104 107
104 18
104 53
104 161
104 47
104 94
104 97
104 130
104 137
104 93
104 89
104 46
104 35
104 91
104 162
104 160
104 79
104 113
104 59
104 150
104 73
104 37
104 173
104 92
104 85
104 140
104 128
104 42
104 158
104 12
104 108
104 26
104 109
104 95
104 144
104 30
104 29
104 152
104 147
104 119
104 174
104 171
104 80
104 62
104 112
104 115
104 121
104 126
104 139
104 141
104 142
104 146
104 149
104 159
104 172
105 0
105 8
105 15
105 20
105 22
105 25
105 38
105 48
105 53
105 63
105 65
105 70
105 72
105 75
105 81
105 82
105 83
105 84
105 93
105 95
105 96
105 101
105 130
105 171
105 141
105 124
105 13
105 47
105 153
105 57
105 87
105 26
105 99
105 148
105 33
105 169
105 86
105 108
105 115
105 117
105 118
105 120
105 135
105 138
105 139
105 142
105 145
105 146
105 149
105 151
105 158
105 160
105 166
105 173
105 174
106 0
106 5
106 12
106 19
106 20
106 21
106 25
106 33
106 36
106 37
106 38
106 39
106 46
106 58
106 62
106 67
106 71
106 72
106 75
106 84
106 86
106 93
106 101
106 7
106 157
106 29
106 69
106 107
106 49
106 96
106 95
106 108
106 111
106 112
106 121
106 122
106 123
106 124
106 126
106 130
106 135
106 145
106 150
106 152
106 156
106 159
106 162
106 163
106 169
106 172
106 173
107 5
107 7
107 8
107 17
107 19
107 21
107 25
107 33
107 36
107 39
107 40
107 44
107 47
107 53
107 55
107 57
107 60
107 70
107 71
107 73
107 74
107 76
107 78
107 82
107 86
107 96
107 97
107 98
107 100
107 104
107 106
107 135
107 157
107 89
107 103
107 15
107 99
107 22
107 28
107 51
107 125
107 38
107 161
107 142
107 46
107 81
107 115
107 160
107 35
107 69
107 137
107 88
107 62
107 63
107 93
107 9
107 95
107 102
107 121
107 80
107 75
107 37
107 164
107 65
107 11
107 162
107 123
107 153
107 49
107 52
107 13
107 111
107 112
107 126
107 130
107 138
107 140
107 141
107 144
107 146
107 150
107 151
107 152
107 154
107 158
107 159
107 165
107 169
107 172
107 174
108 0
108 1
108 7
108 8
108 12
108 21
108 25
108 28
108 29
108 36
108 39
108 43
108 46
108 47
108 48
108 67
108 72
108 73
108 81
108 86
108 90
108 97
108 98
108 103
108 104
108 117
108 119
108 11
108 162
108 17
108 55
108 49
108 33
108 166
108 143
108 128
108 167
108 169
108 59
108 155
108 118
108 35
108 80
108 129
108 24
108 74
108 127
108 10
108 22
108 14
108 137
108 18
108 164
108 71
108 147
108 82
108 171
108 142
108 4
108 110
108 116
108 105
108 125
108 13
108 106
108 56
108 61
108 172
108 95
108 78
108 150
108 37
108 161
108 79
108 65
108 168
108 165
108 146
108 112
108 63
108 111
108 94
108 156
108 3
108 62
108 51
108 44
108 30
108 134
108 89
108 101
108 92
108 152
108 26
108 100
108 41
108 133
108 83
108 130
108 5
108 136
108 9
108 153
108 6
108 109
108 113
108 114
108 115
108 121
108 122
108 124
108 126
108 135
108 138
108 148
108 151
108 154
108 159
108 174
109 13
109 23
109 25
109 28
109 30
109 33
109 37
109 39
109 41
109 46
109 48
109 51
109 53
109 54
109 55
109 57
109 67
109 73
109 78
109 82
109 84
109 86
109 90
109 93
109 95
109 98
109 100
109 101
109 104
109 108
109 40
109 115
109 116
109 120
109 122
109 123
109 124
109 126
109 128
109 129
109 130
109 132
109 135
109 138
109 139
109 140
109 141
109 150
109 153
109 154
109 156
109 158
109 159
109 169
109 172
110 1
110 7
110 8
110 14
110 19
110 21
110 22
110 25
110 29
110 35
110 37
110 39
110 42
110 43
110 48
110 49
110 51
110 57
110 61
110 62
110 65
110 67
110 70
110 72
110 75
110 81
110 84
110 87
110 90
110 93
110 101
110 108
110 69
110 86
110 30
110 100
110 17
110 163
110 12
110 146
110 168
110 3
110 169
110 10
110 47
110 97
110 155
110 34
110 98
110 20
110 113
110 6
110 122
110 55
110 79
110 132
110 121
110 94
110 137
110 78
110 166
110 58
110 139
110 56
110 133
110 28
110 174
110 44
110 117
110 159
110 60
110 136
110 114
110 119
110 124
110 126
110 130
110 135
110 138
110 140
110 144
110 153
110 158
110 164
110 171
111 20
111 21
111 22
111 24
111 26
111 29
111 33
111 42
111 44
111 48
111 51
111 62
111 65
111 71
111 72
111 77
111 78
111 80
111 82
111 84
111 95
111 99
111 100
111 108
111 122
111 173
111 142
111 16
111 64
111 57
111 168
111 107
111 38
111 3
111 63
111 7
111 156
111 2
111 96
111 14
111 94
111 160
111 4
111 66
111 136
111 74
111 144
111 36
111 27
111 103
111 169
111 35
111 106
111 47
111 139
111 116
111 79
111 112
111 124
111 15
111 89
111 113
111 114
111 117
111 118
111 119
111 121
111 130
111 138
111 145
111 146
111 150
111 151
111 153
111 154
111 158
111 161
111 164
111 165
112 23
112 26
112 29
112 36
112 37
112 39
112 40
112 47
112 55
112 65
112 70
112 74
112 77
112 90
112 98
112 101
112 108
112 111
112 56
112 73
112 158
112 121
112 170
112 10
112 124
112 17
112 51
112 72
112 140
112 9
112 168
112 6
112 150
112 113
112 16
112 84
112 117
112 18
112 22
112 99
112 96
112 8
112 153
112 162
112 49
112 130
112 69
112 28
112 165
112 76
112 135
112 78
112 139
112 71
112 15
112 44
112 80
112 82
112 157
112 160
112 34
112 91
112 131
112 57
112 4
112 89
112 66
112 43
112 122
112 85
112 103
112 63
112 35
112 58
112 132
112 152
112 64
112 20
112 107
112 86
112 148
112 50
112 7
112 68
112 134
112 97
112 38
112 136
112 83
112 3
112 106
112 146
112 143
112 104
112 19
112 156
112 13
112 123
112 159
112 116
112 115
112 118
112 119
112 126
112 127
112 138
112 141
112 145
112 151
112 164
113 0
113 8
113 21
113 25
113 33
113 38
113 39
113 43
113 44
113 45
113 47
113 55
113 57
113 58
113 60
113 62
113 65
113 68
113 72
113 74
113 82
113 84
113 87
113 93
113 95
113 96
113 102
113 104
113 110
113 112
113 151
113 2
113 164
113 139
113 26
113 170
113 108
113 4
113 34
113 76
113 146
113 101
113 24
113 100
113 145
113 19
113 111
113 56
113 132
113 138
113 23
113 128
113 158
113 137
113 140
113 142
113 161
113 85
113 69
113 114
113 20
113 152
113 149
113 124
113 156
113 118
113 54
113 92
113 135
113 12
113 73
113 86
113 48
113 91
113 18
113 13
113 49
113 120
113 66
113 150
113 119
113 157
113 154
113 67
113 159
113 98
113 52
113 143
113 77
113 103
113 133
113 97
113 3
113 75
113 10
113 148
113 127
113 41
113 14
113 40
113 7
113 61
113 28
113 116
113 121
113 126
113 130
113 134
113 136
113 144
113 171
113 172
114 1
114 7
114 8
114 10
114 13
114 19
114 21
114 33
114 40
114 51
114 56
114 59
114 60
114 61
114 62
114 70
114 74
114 82
114 86
114 89
114 92
114 93
114 95
114 96
114 97
114 101
114 104
114 113
114 32
114 12
114 110
114 2
114 108
114 111
114 57
114 128
114 139
114 154
114 166
114 173
114 102
114 42
114 41
114 144
114 94
114 122
114 123
114 124
114 131
114 132
114 138
114 140
114 141
114 145
114 146
114 147
114 149
114 150
114 151
114 161
114 164
114 167
114 170
114 171
115 4
115 8
115 9
115 22
115 23
115 28
115 29
115 36
115 43
115 44
115 45
115 46
115 49
115 53
115 59
115 62
115 63
115 70
115 74
115 80
115 82
115 83
115 90
115 93
115 98
115 107
115 81
115 164
115 57
115 109
115 112
115 19
115 41
115 32
115 50
115 78
115 104
115 172
115 155
115 73
115 76
115 30
115 121
115 13
115 18
115 102
115 160
115 108
115 140
115 15
115 173
115 94
115 68
115 61
115 150
115 125
115 88
115 105
115 130
115 85
115 157
115 116
115 95
115 6
115 168
115 100
115 72
115 38
115 133
115 60
115 117
115 103
115 123
115 119
115 120
115 124
115 127
115 128
115 129
115 132
115 135
115 136
115 138
115 141
115 144
115 151
115 152
115 153
115 158
115 162
115 170
115 171
116 8
116 15
116 19
116 20
116 23
116 36
116 38
116 39
116 40
116 46
116 47
116 53
116 55
116 60
116 63
116 65
116 67
116 70
116 71
116 72
116 74
116 75
116 90
116 92
116 96
116 99
116 108
116 111
116 112
116 115
116 69
116 154
116 25
116 82
116 0
116 57
116 24
116 50
116 52
116 150
116 121
116 128
116 58
116 157
116 21
116 4
116 113
116 49
116 163
116 56
116 117
116 129
116 135
116 143
116 45
116 109
116 68
116 34
116 133
116 142
116 118
116 122
116 123
116 138
116 140
116 146
116 152
116 162
116 166
116 172
117 0
117 9
117 21
117 33
117 40
117 46
117 47
117 53
117 61
117 62
117 65
117 68
117 70
117 73
117 74
117 77
117 78
117 81
117 82
117 84
117 89
117 90
117 95
117 101
117 108
117 110
117 112
117 115
117 116
117 118
117 163
117 76
117 169
117 6
117 174
117 167
117 105
117 88
117 35
117 49
117 11
117 138
117 134
117 55
117 166
117 59
117 80
117 19
117 25
117 5
117 10
117 143
117 45
117 85
117 8
117 165
117 160
117 93
117 125
117 153
117 64
117 20
117 34
117 128
117 2
117 148
117 136
117 150
117 39
117 44
117 30
117 3
117 57
117 126
117 132
117 139
117 156
117 122
117 67
117 161
117 152
117 127
117 142
117 72
117 129
117 135
117 51
117 151
117 133
117 100
117 63
117 170
117 29
117 111
117 16
117 15
117 120
117 99
117 86
117 83
117 54
117 121
117 144
117 12
117 137
117 87
117 50
117 37
117 102
117 52
117 71
117 172
117 75
117 164
117 123
117 141
117 145
117 146
117 154
117 158
117 159
117 162
118 0
118 1
118 9
118 19
118 21
118 22
118 25
118 29
118 36
118 39
118 40
118 41
118 43
118 58
118 60
118 61
118 65
118 81
118 82
118 83
118 90
118 95
118 96
118 101
118 108
118 113
118 117
118 55
118 94
118 112
118 99
118 119
118 158
118 76
118 137
118 14
118 6
118 153
118 111
118 170
118 165
118 105
118 89
118 51
118 116
118 156
118 100
118 72
118 122
118 123
118 124
118 126
118 140
118 141
118 142
118 146
118 151
118 159
118 172
118 174
119 0
119 1
119 8
119 13
119 19
119 20
119 21
119 22
119 23
119 24
119 25
119 33
119 36
119 37
119 42
119 45
119 47
119 48
119 55
119 56
119 60
119 64
119 65
119 73
119 78
119 82
119 84
119 93
119 95
119 96
119 101
119 104
119 108
119 113
119 118
119 85
119 143
119 136
119 165
119 112
119 7
119 58
119 111
119 124
119 110
119 38
119 135
119 168
119 88
119 173
119 49
119 59
119 140
119 91
119 159
119 76
119 6
119 57
119 10
119 141
119 147
119 52
119 139
119 66
119 43
119 40
119 14
119 63
119 68
119 115
119 12
119 120
119 123
119 126
119 127
119 128
119 130
119 132
119 148
119 152
119 153
119 154
119 158
119 162
119 166
119 169
120 2
120 9
120 13
120 15
120 24
120 29
120 34
120 35
120 39
120 40
120 56
120 62
120 63
120 65
120 70
120 71
120 72
120 73
120 74
120 77
120 84
120 96
120 113
120 117
120 83
120 119
120 159
120 37
120 162
120 45
120 69
120 115
120 33
120 109
120 132
120 154
120 18
120 92
120 155
120 38
120 166
120 150
120 6
120 30
120 26
120 89
120 36
120 121
120 100
120 140
120 47
120 4
120 98
120 10
120 31
120 163
120 81
120 144
120 170
120 82
120 32
120 55
120 105
120 42
120 122
120 123
120 124
120 134
120 139
120 142
120 145
120 149
120 152
120 153
120 165
120 169
120 171
120 172
121 1
121 21
121 22
121 27
121 33
121 40
121 45
121 53
121 60
121 61
121 62
121 63
121 67
121 68
121 73
121 74
121 78
121 82
121 84
121 89
121 90
121 92
121 93
121 95
121 101
121 107
121 110
121 112
121 115
121 116
121 117
121 120
121 150
121 131
121 147
121 174
121 106
121 170
121 72
121 85
121 80
121 171
121 96
121 164
121 77
121 25
121 28
121 50
121 104
121 11
121 26
121 144
121 30
121 66
121 111
121 156
121 20
121 36
121 157
121 143
121 86
121 18
121 169
121 128
121 138
121 51
121 173
121 165
121 38
121 125
121 113
121 75
121 149
121 132
121 31
121 133
121 70
121 159
121 126
121 130
121 134
121 19
121 163
121 145
121 79
121 17
121 137
121 64
121 32
121 166
121 167
121 142
121 81
121 43
121 6
121 108
121 55
121 57
121 148
121 44
121 0
121 87
121 8
121 54
121 59
121 56
121 129
121 102
121 69
121 122
121 13
121 52
121 155
121 123
121 135
121 139
121 141
121 146
121 152
121 154
121 160
121 162
122 0
122 1
122 4
122 15
122 19
122 20
122 22
122 25
122 27
122 29
122 39
122 42
122 51
122 52
122 56
122 57
122 60
122 65
122 70
122 71
122 73
122 74
122 75
122 78
122 80
122 82
122 84
122 90
122 93
122 96
122 97
122 98
122 104
122 110
122 111
122 112
122 117
122 121
122 125
122 114
122 129
122 62
122 124
122 100
122 91
122 135
122 34
122 174
122 161
122 72
122 16
122 154
122 168
122 21
122 108
122 131
122 31
122 9
122 136
122 103
122 162
122 24
122 118
122 120
122 169
122 59
122 5
122 139
122 142
122 33
122 41
122 58
122 92
122 99
122 14
122 38
122 35
122 36
122 48
122 46
122 116
122 54
122 76
122 6
122 141
122 158
122 102
122 10
122 50
122 8
122 160
122 166
122 109
122 145
122 87
122 7
122 47
122 106
122 153
122 138
122 40
122 89
122 126
122 137
122 123
122 130
122 144
122 146
122 149
122 152
122 159
122 164
122 165
122 171
122 172
122 173
123 7
123 8
123 9
123 14
123 18
123 22
123 25
123 26
123 29
123 36
123 38
123 39
123 43
123 53
123 55
123 65
123 68
123 72
123 73
123 75
123 77
123 80
123 83
123 84
123 86
123 90
123 97
123 98
123 100
123 101
123 102
123 107
123 112
123 115
123 17
123 27
123 93
123 95
123 147
123 140
123 70
123 15
123 91
123 89
123 49
123 174
123 106
123 148
123 156
123 159
123 154
123 116
123 88
123 173
123 57
123 119
123 51
123 135
123 122
123 160
123 58
123 163
123 120
123 125
123 132
123 34
123 117
123 162
123 121
123 16
123 164
123 69
123 64
123 114
123 3
123 109
123 0
123 41
123 145
123 118
123 31
123 149
123 48
123 165
123 46
123 13
123 103
123 60
123 124
123 126
123 129
123 130
123 138
123 139
123 141
123 144
123 152
123 158
123 161
124 1
124 8
124 9
124 17
124 19
124 22
124 25
124 29
124 30
124 36
124 37
124 39
124 44
124 46
124 55
124 60
124 61
124 65
124 67
124 72
124 73
124 74
124 75
124 77
124 78
124 84
124 89
124 96
124 97
124 99
124 101
124 104
124 105
124 111
124 112
124 113
124 119
124 122
124 42
124 106
124 118
124 120
124 31
124 70
124 59
124 136
124 150
124 128
124 38
124 11
124 109
124 5
124 57
124 76
124 7
124 142
124 43
124 40
124 115
124 86
124 165
124 68
124 170
124 130
124 153
124 127
124 138
124 131
124 139
124 47
124 21
124 110
124 24
124 34
124 45
124 0
124 53
124 91
124 151
124 48
124 54
124 83
124 114
124 23
124 81
124 162
124 156
124 140
124 92
124 52
124 33
124 103
124 123
124 135
124 100
124 93
124 51
124 108
124 174
124 35
124 145
124 102
124 58
124 132
124 13
124 94
124 66
124 85
124 4
124 71
124 82
124 144
124 12
124 167
124 133
124 147
124 161
124 173
124 18
124 171
124 64
124 126
124 146
124 158
124 159
124 164
124 169
125 8
125 19
125 20
125 23
125 28
125 29
125 34
125 37
125 48
125 53
125 55
125 58
125 65
125 70
125 90
125 92
125 93
125 95
125 96
125 98
125 104
125 107
125 108
125 115
125 117
125 121
125 122
125 123
125 17
125 24
125 103
125 16
125 159
125 9
125 169
125 126
125 132
125 134
125 136
125 138
125 139
125 141
125 148
125 150
125 151
125 152
125 153
125 155
125 162
125 172
126 7
126 8
126 9
126 11
126 16
126 25
126 26
126 29
126 40
126 43
126 51
126 52
126 60
126 61
126 65
126 70
126 71
126 72
126 73
126 74
126 81
126 82
126 84
126 89
126 92
126 93
126 98
126 117
126 121
126 122
126 5
126 151
126 49
126 137
126 47
126 162
126 129
126 4
126 139
126 170
126 94
126 83
126 112
126 152
126 21
126 42
126 123
126 53
126 172
126 20
126 143
126 85
126 155
126 113
126 10
126 95
126 130
126 164
126 96
126 50
126 110
126 138
126 54
126 87
126 127
126 58
126 109
126 28
126 1
126 80
126 41
126 69
126 145
126 106
126 22
126 133
126 32
126 156
126 128
126 174
126 59
126 77
126 134
126 104
126 12
126 86
126 163
126 125
126 171
126 67
126 119
126 136
126 27
126 2
126 14
126 108
126 141
126 140
126 6
126 46
126 118
126 144
126 107
126 149
126 3
126 31
126 100
126 66
126 168
126 124
126 36
126 91
126 17
126 146
126 148
126 153
126 154
126 158
126 160
126 169
127 1
127 6
127 8
127 19
127 20
127 22
127 23
127 27
127 29
127 33
127 38
127 39
127 40
127 43
127 44
127 46
127 53
127 56
127 65
127 78
127 84
127 91
127 95
127 101
127 103
127 104
127 108
127 113
127 117
127 124
127 126
127 80
127 73
127 16
127 150
127 119
127 146
127 31
127 12
127 0
127 112
127 2
127 160
127 115
127 26
127 15
127 17
127 61
127 154
127 96
127 52
127 161
127 36
127 41
127 13
127 163
127 169
127 132
127 135
127 139
127 149
127 151
127 159
127 162
127 164
127 172
127 174
128 1
128 8
128 15
128 20
128 22
128 25
128 28
128 29
128 39
128 44
128 45
128 47
128 48
128 58
128 60
128 61
128 67
128 71
128 74
128 77
128 82
128 84
128 90
128 93
128 95
128 98
128 100
128 104
128 108
128 113
128 114
128 116
128 117
128 121
128 124
128 126
128 78
128 109
128 99
128 160
128 46
128 115
128 12
128 33
128 161
128 149
128 137
128 52
128 62
128 50
128 5
128 42
128 153
128 70
128 9
128 155
128 148
128 103
128 119
128 132
128 135
128 140
128 141
128 145
128 150
128 151
128 156
128 158
128 174
129 8
129 19
129 22
129 33
129 35
129 36
129 44
129 55
129 60
129 64
129 82
129 89
129 95
129 98
129 100
129 102
129 104
129 108
129 116
129 117
129 121
129 122
129 126
129 37
129 29
129 149
129 39
129 173
129 160
129 131
129 54
129 136
129 65
129 159
129 16
129 86
129 137
129 1
129 101
129 3
129 94
129 133
129 32
129 70
129 123
129 142
129 75
129 91
129 85
129 163
129 103
129 43
129 45
129 115
129 5
129 26
129 164
129 0
129 162
129 51
129 48
129 66
129 134
129 138
129 20
129 49
129 31
129 154
129 99
129 42
129 171
129 109
129 139
129 146
129 151
129 152
129 167
129 172
130 4
130 8
130 13
130 19
130 20
130 25
130 26
130 29
130 33
130 36
130 39
130 42
130 46
130 51
130 53
130 60
130 65
130 66
130 71
130 75
130 76
130 84
130 89
130 90
130 93
130 100
130 103
130 104
130 105
130 108
130 112
130 115
130 121
130 124
130 126
130 109
130 82
130 28
130 154
130 81
130 161
130 23
130 123
130 122
130 7
130 146
130 135
130 157
130 111
130 55
130 80
130 110
130 52
130 14
130 21
130 15
130 54
130 27
130 140
130 0
130 95
130 74
130 47
130 162
130 134
130 49
130 43
130 9
130 137
130 119
130 24
130 107
130 11
130 169
130 92
130 164
130 70
130 63
130 30
130 72
130 147
130 113
130 17
130 106
130 136
130 139
130 156
130 158
130 167
131 7
131 11
131 13
131 15
131 19
131 20
131 21
131 22
131 39
131 44
131 46
131 48
131 49
131 51
131 60
131 67
131 71
131 73
131 74
131 76
131 78
131 81
131 83
131 84
131 90
131 93
131 95
131 98
131 112
131 121
131 122
131 124
131 129
131 158
131 163
131 37
131 147
131 25
131 10
131 114
131 102
131 40
131 168
131 166
131 75
131 82
131 24
131 136
131 142
131 149
131 150
131 151
131 156
131 164
131 165
131 169
131 172
132 0
132 8
132 13
132 19
132 27
132 29
132 36
132 40
132 44
132 46
132 53
132 60
132 70
132 71
132 72
132 74
132 75
132 77
132 81
132 83
132 84
132 89
132 90
132 93
132 95
132 99
132 101
132 110
132 112
132 113
132 117
132 120
132 121
132 123
132 124
132 48
132 154
132 3
132 30
132 76
132 64
132 39
132 87
132 125
132 1
132 31
132 88
132 80
132 85
132 127
132 50
132 94
132 12
132 15
132 152
132 139
132 52
132 42
132 33
132 119
132 114
132 128
132 32
132 86
132 37
132 25
132 56
132 96
132 26
132 109
132 115
132 98
132 43
132 38
132 167
132 165
132 73
132 158
132 172
132 7
132 45
132 140
132 142
132 145
132 150
132 151
132 159
132 169
133 4
133 6
133 8
133 9
133 18
133 19
133 20
133 22
133 25
133 29
133 33
133 39
133 43
133 46
133 48
133 51
133 55
133 58
133 60
133 70
133 72
133 76
133 77
133 78
133 81
133 84
133 86
133 96
133 98
133 108
133 110
133 113
133 115
133 116
133 117
133 121
133 124
133 126
133 129
133 56
133 134
133 139
133 140
133 141
133 142
133 158
133 160
133 162
133 171
133 172
134 0
134 8
134 16
134 21
134 22
134 24
134 25
134 31
134 36
134 38
134 39
134 44
134 49
134 52
134 55
134 57
134 62
134 65
134 70
134 76
134 78
134 82
134 86
134 95
134 108
134 112
134 117
134 121
134 126
134 129
134 130
134 165
134 145
134 125
134 167
134 173
134 15
134 53
134 84
134 143
134 160
134 41
134 133
134 90
134 87
134 161
134 137
134 14
134 136
134 17
134 23
134 28
134 40
134 56
134 138
134 10
134 5
134 58
134 113
134 146
134 42
134 43
134 51
134 68
134 11
134 91
134 69
134 63
134 72
134 93
134 120
134 12
134 142
134 35
134 159
134 61
134 81
134 88
134 66
134 151
134 135
134 139
134 140
134 141
134 149
134 150
134 162
134 166
134 168
134 172
135 3
135 8
135 13
135 20
135 33
135 37
135 38
135 40
135 41
135 46
135 53
135 55
135 56
135 60
135 65
135 67
135 68
135 71
135 73
135 74
135 82
135 84
135 86
135 96
135 99
135 100
135 101
135 107
135 112
135 113
135 116
135 117
135 119
135 122
135 123
135 124
135 130
135 156
135 35
135 137
135 26
135 142
135 21
135 105
135 11
135 27
135 109
135 77
135 52
135 30
135 108
135 5
135 90
135 42
135 17
135 152
135 29
135 98
135 85
135 160
135 128
135 121
135 49
135 61
135 115
135 94
135 36
135 18
135 106
135 159
135 165
135 15
135 173
135 28
135 79
135 127
135 141
135 80
135 172
135 32
135 155
135 110
135 7
135 163
135 64
135 150
135 97
135 75
135 134
135 92
135 23
135 62
135 138
135 174
135 6
135 139
135 146
135 151
135 158
135 162
135 164
135 168
135 169
136 0
136 1
136 8
136 9
136 15
136 19
136 20
136 21
136 24
136 25
136 29
136 36
136 38
136 39
136 40
136 44
136 58
136 61
136 63
136 67
136 68
136 72
136 73
136 74
136 77
136 78
136 81
136 82
136 84
136 86
136 89
136 90
136 93
136 95
136 100
136 101
136 108
136 110
136 111
136 112
136 117
136 119
136 122
136 124
136 126
136 129
136 130
136 134
136 7
136 131
136 33
136 113
136 154
136 115
136 173
136 141
136 160
136 167
136 164
136 150
136 76
136 34
136 2
136 158
136 13
136 170
136 57
136 53
136 139
136 41
136 125
136 147
136 27
136 42
136 55
136 17
136 137
136 64
136 52
136 159
136 156
136 162
136 169
136 174
137 16
137 24
137 28
137 38
137 40
137 44
137 46
137 47
137 57
137 60
137 70
137 71
137 72
137 74
137 76
137 82
137 90
137 95
137 96
137 100
137 101
137 104
137 107
137 108
137 110
137 113
137 117
137 118
137 121
137 122
137 126
137 128
137 129
137 130
137 134
137 135
137 136
137 165
137 159
137 56
137 149
137 21
137 157
137 94
137 88
137 142
137 77
137 20
137 138
137 141
137 143
137 151
137 152
137 156
137 158
137 160
137 164
137 171
138 1
138 7
138 9
138 20
138 25
138 29
138 38
138 39
138 40
138 43
138 44
138 46
138 48
138 49
138 51
138 57
138 58
138 60
138 61
138 65
138 70
138 71
138 76
138 82
138 84
138 93
138 95
138 113
138 117
138 121
138 122
138 124
138 126
138 129
138 134
138 135
138 147
138 10
138 125
138 144
138 35
138 158
138 86
138 34
138 27
138 16
138 5
138 83
138 115
138 12
138 15
138 24
138 172
138 102
138 37
138 111
138 100
138 33
138 108
138 173
138 164
138 162
138 47
138 4
138 17
138 3
138 159
138 170
138 140
138 161
138 112
138 166
138 110
138 137
138 67
138 2
138 92
138 85
138 18
138 81
138 26
138 123
138 109
138 66
138 105
138 45
138 103
138 107
138 8
138 114
138 94
138 146
138 68
138 152
138 163
138 151
138 87
138 167
138 14
138 157
138 155
138 168
138 171
138 145
138 98
138 116
138 59
138 154
138 142
138 139
138 156
139 1
139 8
139 13
139 22
139 29
139 33
139 35
139 40
139 46
139 51
139 55
139 62
139 63
139 65
139 67
139 70
139 71
139 78
139 81
139 82
139 83
139 84
139 89
139 91
139 92
139 97
139 98
139 99
139 102
139 110
139 111
139 112
139 113
139 114
139 117
139 119
139 122
139 124
139 126
139 132
139 136
139 2
139 66
139 167
139 161
139 123
139 18
139 164
139 135
139 50
139 133
139 12
139 74
139 134
139 86
139 4
139 6
139 52
139 159
139 105
139 129
139 20
139 151
139 39
139 36
139 68
139 168
139 43
139 0
139 60
139 3
139 154
139 30
139 87
139 152
139 47
139 23
139 45
139 77
139 7
139 16
139 10
139 127
139 95
139 53
139 41
139 170
139 104
139 80
139 73
139 94
139 120
139 32
139 121
139 72
139 143
139 31
139 76
139 49
139 26
139 58
139 150
139 130
139 158
139 109
139 173
139 125
139 21
139 140
139 165
139 138
139 163
139 160
139 34
139 59
139 57
139 79
139 61
139 157
139 141
139 69
139 147
139 19
139 145
139 153
139 171
140 8
140 20
140 22
140 35
140 39
140 40
140 44
140 47
140 53
140 58
140 62
140 65
140 66
140 67
140 71
140 75
140 78
140 82
140 86
140 95
140 104
140 112
140 113
140 115
140 119
140 120
140 123
140 124
140 126
140 130
140 138
140 139
140 79
140 132
140 64
140 142
140 163
140 94
140 169
140 89
140 128
140 151
140 6
140 18
140 84
140 21
140 103
140 54
140 16
140 134
140 85
140 34
140 13
140 114
140 31
140 159
140 41
140 0
140 46
140 141
140 118
140 154
140 63
140 38
140 50
140 25
140 27
140 109
140 5
140 173
140 70
140 110
140 156
140 93
140 145
140 74
140 88
140 83
140 168
140 45
140 160
140 153
140 9
140 72
140 19
140 30
140 99
140 107
140 49
140 167
140 133
140 116
140 144
140 148
140 150
140 161
140 162
141 0
141 4
141 12
141 20
141 22
141 36
141 37
141 39
141 40
141 48
141 53
141 56
141 58
141 60
141 67
141 70
141 71
141 74
141 83
141 95
141 97
141 98
141 105
141 119
141 122
141 126
141 135
141 136
141 139
141 140
141 21
141 59
141 125
141 16
141 154
141 134
141 147
141 34
141 27
141 100
141 7
141 172
141 104
141 158
141 118
141 72
141 137
141 121
141 76
141 161
141 65
141 1
141 117
141 163
141 79
141 49
141 68
141 133
141 29
141 152
141 170
141 51
141 166
141 63
141 153
141 94
141 173
141 169
141 102
141 45
141 47
141 115
141 38
141 46
141 109
141 84
141 89
141 43
141 78
141 9
141 107
141 167
141 168
141 99
141 82
141 174
141 6
141 114
141 23
141 145
141 93
141 128
141 156
141 66
141 14
141 123
141 30
141 77
141 112
141 162
141 164
141 165
141 171
142 9
142 13
142 16
142 21
142 22
142 29
142 33
142 35
142 36
142 40
142 42
142 46
142 56
142 57
142 62
142 68
142 70
142 71
142 74
142 78
142 81
142 82
142 83
142 95
142 96
142 97
142 98
142 107
142 108
142 111
142 113
142 116
142 117
142 121
142 122
142 124
142 129
142 134
142 135
142 137
142 138
142 140
142 47
142 60
142 3
142 87
142 162
142 133
142 155
142 76
142 67
142 18
142 65
142 28
142 156
142 38
142 48
142 118
142 8
142 160
142 12
142 53
142 100
142 91
142 31
142 89
142 93
142 90
142 104
142 2
142 154
142 26
142 23
142 43
142 166
142 105
142 159
142 19
142 102
142 10
142 51
142 172
142 120
142 168
142 86
142 169
142 131
142 88
142 5
142 55
142 4
142 6
142 77
142 37
142 32
142 132
142 7
142 1
142 144
142 146
142 148
142 149
142 152
142 164
142 171
142 174
143 8
143 13
143 16
143 18
143 20
143 22
143 25
143 36
143 37
143 40
143 41
143 46
143 61
143 67
143 68
143 80
143 82
143 83
143 88
143 89
143 90
143 91
143 92
143 100
143 108
143 112
143 113
143 116
143 117
143 119
143 121
143 126
143 134
143 139
143 45
143 31
143 9
143 137
143 38
143 4
143 146
143 148
143 149
143 151
143 153
143 154
143 158
143 159
143 160
143 164
143 167
144 8
144 14
144 15
144 20
144 38
144 40
144 47
144 57
144 60
144 65
144 68
144 70
144 71
144 72
144 74
144 75
144 77
144 78
144 84
144 93
144 96
144 98
144 103
144 104
144 111
144 114
144 117
144 120
144 121
144 124
144 126
144 138
144 123
144 95
144 110
144 19
144 156
144 150
144 90
144 10
144 159
144 3
144 13
144 4
144 45
144 85
144 62
144 39
144 115
144 142
144 89
144 152
144 158
144 171
144 122
144 34
144 6
144 18
144 37
144 55
144 140
144 151
144 43
144 36
144 1
144 169
144 87
144 25
144 27
144 0
144 172
144 64
144 23
144 50
144 2
144 29
144 160
144 56
144 83
144 113
144 173
144 48
144 161
144 67
144 107
144 69
144 80
144 147
144 167
144 82
144 97
144 153
144 164
144 174
145 7
145 9
145 21
145 22
145 23
145 28
145 29
145 33
145 39
145 41
145 46
145 48
145 49
145 51
145 64
145 65
145 68
145 74
145 76
145 81
145 86
145 95
145 96
145 101
145 113
145 121
145 122
145 123
145 124
145 126
145 134
145 138
145 140
145 141
145 117
145 120
145 26
145 80
145 59
145 152
145 13
145 77
145 139
145 18
145 106
145 103
145 172
145 112
145 3
145 25
145 66
145 15
145 89
145 167
145 155
145 132
145 128
145 84
145 85
145 98
145 56
145 160
145 114
145 149
145 73
145 87
145 10
145 60
145 170
145 166
145 111
145 45
145 0
145 31
145 8
145 105
145 27
145 79
145 93
145 11
145 52
145 34
145 94
145 154
145 162
145 174
146 1
146 8
146 13
146 20
146 23
146 25
146 33
146 40
146 41
146 47
146 57
146 59
146 60
146 65
146 71
146 74
146 77
146 82
146 83
146 84
146 90
146 95
146 101
146 108
146 110
146 112
146 113
146 127
146 130
146 134
146 138
146 118
146 73
146 165
146 56
146 107
146 159
146 142
146 91
146 151
146 174
146 143
146 72
146 158
146 45
146 116
146 135
146 147
146 129
146 117
146 153
146 66
146 27
146 104
146 111
146 42
146 49
146 5
146 14
146 58
146 68
146 92
146 88
146 154
146 94
146 16
146 169
146 46
146 121
146 173
146 52
146 157
146 126
146 75
146 7
146 162
146 50
146 48
146 26
146 62
146 155
146 105
146 124
146 168
146 55
146 2
146 29
146 4
146 89
146 122
146 148
146 36
146 28
146 114
146 54
146 160
146 67
146 166
146 171
146 172
147 2
147 9
147 25
147 29
147 39
147 41
147 47
147 61
147 63
147 65
147 67
147 70
147 71
147 73
147 74
147 76
147 78
147 81
147 93
147 95
147 96
147 104
147 108
147 119
147 121
147 123
147 124
147 130
147 131
147 136
147 138
147 139
147 141
147 144
147 146
147 114
147 99
147 150
147 154
147 159
147 160
147 162
147 163
147 168
147 172
147 173
148 8
148 12
148 19
148 22
148 25
148 39
148 40
148 41
148 44
148 55
148 57
148 64
148 65
148 67
148 73
148 74
148 75
148 82
148 84
148 95
148 104
148 105
148 112
148 113
148 117
148 121
148 123
148 128
148 146
148 154
148 77
148 142
148 173
148 56
148 86
148 172
148 32
148 140
148 143
148 38
148 9
148 119
148 161
148 156
148 157
148 6
148 167
148 108
148 21
148 1
148 162
148 31
148 87
148 20
148 36
148 93
148 125
148 47
148 126
148 79
148 69
148 159
148 160
148 169
149 0
149 1
149 4
149 8
149 9
149 17
149 19
149 23
149 26
149 28
149 29
149 35
149 36
149 49
149 52
149 55
149 58
149 60
149 67
149 68
149 71
149 72
149 74
149 76
149 77
149 82
149 84
149 93
149 96
149 101
149 103
149 113
149 121
149 123
149 126
149 128
149 129
149 137
149 145
149 172
149 142
149 2
149 131
149 12
149 104
149 120
149 170
149 13
149 127
149 70
149 63
149 105
149 154
149 163
149 100
149 151
149 54
149 162
149 47
149 156
149 50
149 86
149 75
149 73
149 92
149 30
149 44
149 122
149 11
149 79
149 143
149 51
149 57
149 157
149 173
149 160
149 114
149 53
149 37
149 134
149 153
149 161
149 169
150 9
150 13
150 18
150 21
150 23
150 36
150 38
150 46
150 47
150 57
150 62
150 70
150 71
150 74
150 82
150 84
150 98
150 104
150 108
150 112
150 113
150 115
150 116
150 117
150 120
150 121
150 124
150 127
150 135
150 136
150 139
150 144
150 31
150 96
150 56
150 156
150 78
150 140
150 54
150 155
150 163
150 91
150 22
150 132
150 152
150 109
150 85
150 162
150 73
150 42
150 125
150 160
150 43
150 169
150 107
150 102
150 128
150 79
150 30
150 93
150 89
150 80
150 2
150 134
150 106
150 28
150 69
150 52
150 34
150 100
150 0
150 161
150 131
150 63
150 20
150 37
150 111
150 151
150 103
150 19
150 165
150 167
150 5
150 24
150 172
150 29
150 17
150 86
150 153
150 72
150 6
150 1
150 48
150 59
150 53
150 50
150 58
150 95
150 114
150 40
150 14
150 147
150 27
150 159
150 168
151 0
151 13
151 21
151 24
151 25
151 29
151 33
151 34
151 36
151 38
151 45
151 48
151 57
151 65
151 67
151 70
151 71
151 72
151 73
151 76
151 82
151 84
151 85
151 86
151 96
151 100
151 113
151 117
151 124
151 126
151 134
151 138
151 139
151 140
151 144
151 146
151 149
151 150
151 111
151 17
151 163
151 87
151 143
151 92
151 115
151 105
151 159
151 156
151 132
151 79
151 90
151 18
151 95
151 50
151 63
151 60
151 128
151 137
151 7
151 54
151 80
151 161
151 118
151 154
151 10
151 8
151 42
151 61
151 131
151 78
151 74
151 108
151 171
151 40
151 125
151 51
151 93
151 129
151 114
151 1
151 102
151 46
151 6
151 75
151 56
151 3
151 174
151 19
151 127
151 107
151 135
151 112
151 64
151 11
151 88
151 153
151 158
151 169
151 170
152 8
152 9
152 19
152 22
152 26
152 29
152 41
152 44
152 46
152 48
152 53
152 55
152 64
152 68
152 70
152 73
152 81
152 82
152 86
152 95
152 101
152 103
152 104
152 108
152 112
152 113
152 117
152 126
152 132
152 135
152 138
152 139
152 141
152 144
152 145
152 150
152 171
152 99
152 115
152 93
152 11
152 0
152 58
152 106
152 2
152 92
152 69
152 62
152 67
152 4
152 65
152 122
152 142
152 100
152 123
152 129
152 32
152 83
152 154
152 125
152 107
152 137
152 120
152 47
152 121
152 167
152 12
152 94
152 63
152 37
152 38
152 119
152 91
152 89
152 34
152 85
152 71
152 116
152 97
152 168
152 15
152 159
152 43
152 13
152 158
152 174
152 10
152 24
152 39
152 153
152 162
152 169
152 170
153 5
153 7
153 9
153 19
153 20
153 25
153 28
153 29
153 33
153 37
153 39
153 40
153 41
153 48
153 51
153 55
153 57
153 58
153 61
153 64
153 65
153 71
153 74
153 76
153 77
153 80
153 82
153 84
153 89
153 93
153 96
153 104
153 105
153 107
153 108
153 112
153 117
153 118
153 122
153 124
153 128
153 140
153 141
153 146
153 150
153 171
153 109
153 119
153 8
153 160
153 4
153 115
153 149
153 15
153 154
153 87
153 78
153 46
153 67
153 90
153 174
153 1
153 126
153 42
153 11
153 143
153 10
153 166
153 66
153 63
153 12
153 151
153 45
153 103
153 172
153 50
153 152
153 144
153 120
153 139
153 68
153 21
153 56
153 27
153 170
153 3
153 2
153 85
153 81
153 69
153 73
153 70
153 43
153 111
153 125
153 47
153 164
153 110
153 24
153 62
153 16
153 158
153 162
153 165
153 169
154 7
154 12
154 13
154 20
154 21
154 26
154 29
154 38
154 39
154 41
154 45
154 46
154 48
154 51
154 55
154 56
154 61
154 65
154 68
154 71
154 76
154 77
154 82
154 90
154 95
154 98
154 101
154 104
154 113
154 114
154 116
154 120
154 122
154 123
154 127
154 129
154 130
154 132
154 136
154 138
154 139
154 140
154 141
154 142
154 146
154 148
154 149
154 151
154 152
154 153
154 67
154 72
154 14
154 62
154 5
154 147
154 80
154 49
154 109
154 145
154 73
154 100
154 108
154 36
154 143
154 60
154 107
154 16
154 18
154 24
154 58
154 158
154 119
154 1
154 173
154 168
154 70
154 27
154 15
154 19
154 157
154 86
154 126
154 88
154 117
154 54
154 162
154 34
154 111
154 91
154 92
154 47
154 121
154 174
154 156
154 159
154 160
154 171
155 1
155 8
155 15
155 17
155 19
155 20
155 22
155 29
155 44
155 45
155 53
155 54
155 56
155 57
155 63
155 65
155 68
155 70
155 71
155 72
155 74
155 80
155 82
155 84
155 86
155 98
155 100
155 101
155 108
155 110
155 115
155 120
155 121
155 126
155 128
155 135
155 138
155 142
155 145
155 146
155 150
155 36
155 125
155 37
155 90
155 30
155 35
155 158
155 159
155 160
155 165
155 169
155 173
156 5
156 12
156 13
156 20
156 21
156 22
156 25
156 33
156 36
156 38
156 39
156 40
156 44
156 65
156 72
156 76
156 78
156 81
156 82
156 84
156 91
156 93
156 96
156 99
156 104
156 108
156 111
156 112
156 113
156 117
156 118
156 121
156 123
156 124
156 126
156 135
156 140
156 141
156 142
156 144
156 148
156 149
156 150
156 151
156 95
156 7
156 6
156 87
156 14
156 97
156 2
156 171
156 70
156 174
156 68
156 106
156 37
156 46
156 69
156 130
156 59
156 57
156 66
156 83
156 17
156 98
156 109
156 138
156 26
156 16
156 60
156 73
156 154
156 102
156 28
156 137
156 31
156 54
156 165
156 75
156 168
156 136
156 27
156 48
156 166
156 167
156 29
156 63
156 23
156 1
156 9
156 90
156 128
156 35
156 61
156 94
156 131
156 10
156 160
156 161
156 164
156 172
157 1
157 4
157 7
157 8
157 19
157 20
157 22
157 23
157 25
157 29
157 33
157 38
157 39
157 41
157 44
157 47
157 55
157 58
157 60
157 62
157 65
157 67
157 72
157 76
157 82
157 84
157 90
157 93
157 96
157 101
157 106
157 107
157 112
157 113
157 115
157 116
157 121
157 130
157 137
157 138
157 139
157 146
157 148
157 149
157 154
157 43
157 75
157 159
157 160
157 161
157 164
157 166
157 171
157 172
158 1
158 5
158 7
158 9
158 19
158 20
158 24
158 25
158 29
158 33
158 39
158 40
158 42
158 44
158 51
158 59
158 60
158 63
158 68
158 74
158 75
158 76
158 82
158 86
158 90
158 95
158 96
158 104
158 112
158 113
158 118
158 122
158 131
158 132
158 136
158 138
158 139
158 141
158 144
158 146
158 152
158 154
158 32
158 66
158 110
158 119
158 11
158 167
158 161
158 130
158 107
158 45
158 123
158 28
158 103
158 52
158 67
158 111
158 109
158 173
158 72
158 164
158 124
158 50
158 94
158 17
158 83
158 79
158 93
158 49
158 168
158 89
158 3
158 153
158 55
158 105
158 100
158 30
158 85
158 143
158 171
158 97
158 137
158 47
158 23
158 31
158 160
158 170
158 115
158 135
158 56
158 91
158 64
158 71
158 73
158 70
158 21
158 126
158 78
158 102
158 128
158 4
158 34
158 133
158 117
158 48
158 35
158 53
158 151
158 155
158 172
158 27
158 101
158 22
158 98
159 0
159 16
159 17
159 20
159 21
159 25
159 29
159 33
159 37
159 40
159 41
159 45
159 46
159 58
159 60
159 64
159 67
159 72
159 76
159 81
159 89
159 90
159 95
159 96
159 97
159 99
159 101
159 110
159 112
159 113
159 119
159 120
159 121
159 123
159 125
159 129
159 134
159 135
159 136
159 137
159 138
159 139
159 140
159 142
159 144
159 146
159 151
159 152
159 52
159 157
159 124
159 27
159 166
159 143
159 127
159 118
159 162
159 169
159 68
159 78
159 107
159 106
159 36
159 77
159 44
159 167
159 155
159 4
159 14
159 43
159 32
159 88
159 109
159 147
159 62
159 39
159 122
159 8
159 35
159 49
159 73
159 12
159 38
159 132
159 54
159 148
159 51
159 61
159 150
159 53
159 174
159 82
159 2
159 42
159 172
159 23
159 11
159 47
159 161
159 48
159 117
159 30
159 22
159 70
159 104
159 59
159 108
159 34
159 92
159 154
159 75
159 164
160 0
160 9
160 13
160 18
160 20
160 46
160 49
160 57
160 60
160 65
160 70
160 72
160 76
160 77
160 78
160 80
160 82
160 86
160 95
160 97
160 101
160 104
160 107
160 111
160 112
160 115
160 117
160 122
160 123
160 127
160 128
160 129
160 134
160 135
160 136
160 139
160 140
160 142
160 144
160 145
160 146
160 149
160 150
160 153
160 158
160 157
160 133
160 102
160 165
160 156
160 28
160 148
160 90
160 2
160 137
160 170
160 154
160 19
160 147
160 7
160 87
160 155
160 26
160 94
160 32
160 162
160 8
160 75
160 126
160 56
160 14
160 6
160 99
160 52
160 55
160 105
160 16
160 85
160 68
160 35
160 51
160 66
160 29
160 10
160 67
160 172
160 143
160 34
160 121
160 15
160 171
161 1
161 6
161 25
161 29
161 33
161 35
161 36
161 38
161 39
161 41
161 49
161 51
161 53
161 57
161 58
161 67
161 71
161 74
161 76
161 77
161 78
161 82
161 84
161 90
161 91
161 93
161 95
161 96
161 104
161 107
161 108
161 113
161 117
161 122
161 124
161 127
161 128
161 130
161 134
161 138
161 139
161 141
161 144
161 148
161 150
161 151
161 158
161 159
161 163
161 100
161 168
161 80
161 28
161 166
161 140
161 174
161 86
161 52
161 156
161 123
161 149
161 157
161 171
161 85
161 8
161 111
161 43
161 48
161 46
161 114
161 19
161 162
161 172
161 173
162 1
162 9
162 16
162 19
162 24
162 25
162 26
162 29
162 37
162 38
162 40
162 45
162 55
162 57
162 68
162 72
162 74
162 84
162 86
162 93
162 95
162 104
162 107
162 108
162 112
162 120
162 122
162 123
162 124
162 126
162 129
162 130
162 138
162 142
162 146
162 148
162 149
162 150
162 154
162 159
162 160
162 145
162 70
162 49
162 173
162 98
162 92
162 133
162 119
162 94
162 2
162 170
162 15
162 140
162 117
162 43
162 34
162 44
162 141
162 39
162 116
162 53
162 42
162 31
162 121
162 17
162 106
162 103
162 23
162 171
162 165
162 152
162 58
162 101
162 174
162 168
162 135
162 79
162 0
162 161
162 46
162 134
162 21
162 127
162 35
162 89
162 153
162 76
162 125
162 100
162 147
162 20
162 115
162 6
162 169
162 71
162 48
162 136
162 167
162 172
163 2
163 8
163 15
163 22
163 23
163 25
163 29
163 43
163 44
163 46
163 48
163 55
163 60
163 62
163 64
163 65
163 74
163 77
163 82
163 93
163 98
163 103
163 104
163 110
163 116
163 117
163 120
163 121
163 123
163 126
163 127
163 129
163 131
163 135
163 138
163 139
163 140
163 141
163 149
163 150
163 151
163 161
163 147
163 27
163 106
163 51
163 28
163 54
163 85
163 171
163 17
163 20
163 164
163 170
163 172
164 0
164 1
164 2
164 21
164 23
164 29
164 33
164 36
164 37
164 38
164 40
164 47
164 48
164 51
164 53
164 62
164 67
164 70
164 71
164 73
164 76
164 77
164 81
164 82
164 86
164 90
164 95
164 102
164 107
164 108
164 113
164 115
164 117
164 121
164 123
164 126
164 129
164 130
164 136
164 138
164 139
164 153
164 158
164 19
164 25
164 127
164 3
164 173
164 170
164 159
164 156
164 49
164 58
164 31
164 61
164 35
164 141
164 111
164 27
164 169
164 89
164 114
164 122
164 78
164 75
164 112
164 88
164 163
164 168
164 55
164 80
164 91
164 124
164 12
164 172
164 94
164 54
164 84
164 144
164 137
164 110
164 131
164 44
164 74
164 142
164 135
164 68
164 167
164 143
164 157
164 50
164 171
164 174
165 4
165 8
165 13
165 23
165 33
165 34
165 36
165 37
165 39
165 40
165 44
165 45
165 51
165 59
165 60
165 63
165 76
165 83
165 84
165 85
165 90
165 95
165 96
165 98
165 102
165 104
165 108
165 112
165 117
165 118
165 119
165 121
165 123
165 124
165 132
165 134
165 135
165 137
165 139
165 146
165 150
165 156
165 160
165 162
165 71
165 87
165 171
165 22
165 21
165 141
165 69
165 122
165 131
165 97
165 81
165 120
165 20
165 57
165 49
165 173
165 111
165 107
165 7
165 62
165 65
165 56
165 155
165 89
165 77
165 153
165 54
165 10
165 12
165 167
165 169
165 174
166 20
166 21
166 24
166 29
166 39
166 44
166 46
166 47
166 51
166 61
166 65
166 66
166 67
166 68
166 70
166 72
166 73
166 74
166 78
166 86
166 89
166 90
166 93
166 96
166 98
166 101
166 103
166 108
166 110
166 114
166 117
166 120
166 121
166 122
166 131
166 138
166 141
166 142
166 145
166 153
166 156
166 159
166 161
166 169
166 16
166 119
166 87
166 19
166 58
166 157
166 64
166 134
166 116
166 146
166 57
166 53
166 105
166 170
166 171
166 173
167 5
167 15
167 21
167 25
167 29
167 38
167 42
167 43
167 46
167 47
167 51
167 60
167 62
167 65
167 67
167 70
167 72
167 73
167 74
167 76
167 77
167 78
167 82
167 83
167 84
167 86
167 95
167 96
167 98
167 104
167 108
167 117
167 121
167 124
167 132
167 134
167 136
167 138
167 139
167 140
167 141
167 144
167 145
167 148
167 150
167 152
167 156
167 158
167 159
167 164
167 165
167 48
167 90
167 130
167 114
167 91
167 89
167 129
167 18
167 31
167 2
167 35
167 20
167 52
167 172
167 143
167 162
167 169
167 171
167 173
168 1
168 8
168 15
168 19
168 36
168 38
168 46
168 51
168 52
168 56
168 58
168 62
168 63
168 68
168 70
168 81
168 100
168 108
168 110
168 111
168 112
168 115
168 119
168 122
168 126
168 131
168 138
168 139
168 140
168 141
168 142
168 146
168 152
168 154
168 156
168 158
168 161
168 162
168 164
168 172
168 147
168 103
168 5
168 150
168 53
168 66
168 93
168 95
168 87
168 92
168 47
168 0
168 45
168 9
168 88
168 134
168 135
168 2
169 1
169 4
169 10
169 13
169 23
169 28
169 33
169 36
169 39
169 47
169 56
169 57
169 65
169 68
169 70
169 72
169 75
169 82
169 90
169 91
169 92
169 93
169 104
169 105
169 108
169 110
169 111
169 117
169 121
169 122
169 125
169 127
169 130
169 140
169 141
169 142
169 144
169 146
169 150
169 159
169 162
169 164
169 166
169 46
169 55
169 174
169 21
169 148
169 42
169 34
169 62
169 29
169 77
169 17
169 120
169 155
169 52
169 136
169 67
169 165
169 35
169 59
169 84
169 54
169 16
169 126
169 60
169 96
169 153
169 7
169 43
169 124
169 132
169 109
169 152
169 100
169 25
169 27
169 2
169 94
169 167
169 12
169 99
169 24
169 66
169 98
169 38
169 71
169 173
169 45
169 53
169 20
169 51
169 37
169 50
169 149
169 44
169 135
169 172
169 11
169 88
169 106
169 80
169 78
169 79
169 87
169 119
169 81
169 9
169 131
169 107
169 97
169 61
169 151
170 12
170 20
170 22
170 24
170 25
170 29
170 33
170 36
170 40
170 44
170 65
170 67
170 71
170 74
170 75
170 82
170 86
170 93
170 95
170 96
170 104
170 112
170 113
170 117
170 118
170 120
170 121
170 124
170 126
170 136
170 138
170 139
170 141
170 145
170 149
170 153
170 158
170 160
170 162
170 164
170 114
170 70
170 26
170 163
170 172
170 52
170 87
170 19
170 81
170 151
170 115
170 17
170 18
170 152
170 73
170 10
170 32
170 166
170 102
171 1
171 5
171 8
171 9
171 25
171 32
171 33
171 37
171 39
171 42
171 47
171 53
171 55
171 56
171 62
171 67
171 71
171 75
171 83
171 84
171 89
171 95
171 97
171 98
171 99
171 101
171 104
171 105
171 108
171 121
171 124
171 126
171 129
171 138
171 144
171 151
171 152
171 153
171 156
171 158
171 161
171 162
171 163
171 165
171 61
171 15
171 35
171 0
171 164
171 79
171 51
171 3
171 30
171 80
171 167
171 115
171 58
171 14
171 160
171 49
171 110
171 12
171 94
171 22
171 154
171 103
171 146
171 139
171 57
171 90
171 16
171 2
171 76
171 78
171 48
171 13
171 27
171 114
171 142
171 18
171 46
171 133
171 19
171 96
171 68
171 122
171 41
171 141
171 157
171 113
171 72
171 166
171 65
171 73
171 137
171 120
171 93
171 28
171 92
171 172
172 9
172 16
172 22
172 24
172 25
172 29
172 33
172 35
172 37
172 38
172 39
172 40
172 44
172 46
172 56
172 58
172 61
172 67
172 68
172 74
172 78
172 80
172 81
172 82
172 86
172 90
172 95
172 96
172 98
172 108
172 115
172 117
172 126
172 132
172 135
172 138
172 141
172 142
172 144
172 145
172 148
172 149
172 150
172 153
172 158
172 159
172 160
172 164
172 167
172 168
172 169
172 170
172 106
172 92
172 20
172 1
172 156
172 21
172 19
172 161
172 63
172 65
172 64
172 7
172 17
172 27
172 28
172 51
172 62
172 71
172 36
172 84
172 133
172 79
172 120
172 147
172 163
172 171
172 116
172 50
172 131
172 45
172 2
172 101
172 109
172 23
172 52
172 162
172 97
172 13
172 146
172 104
172 77
172 48
172 118
172 6
172 93
172 102
172 85
172 5
172 75
172 54
172 129
172 15
172 125
172 26
172 103
172 122
172 59
172 94
172 12
172 174
172 10
172 11
172 34
172 53
172 107
172 69
172 113
172 32
172 157
172 57
172 66
172 134
172 127
172 99
173 18
173 21
173 22
173 25
173 35
173 36
173 37
173 39
173 41
173 43
173 44
173 49
173 51
173 55
173 67
173 68
173 74
173 78
173 81
173 84
173 90
173 98
173 104
173 111
173 114
173 115
173 119
173 121
173 123
173 124
173 129
173 134
173 135
173 136
173 138
173 139
173 140
173 141
173 144
173 146
173 148
173 149
173 154
173 158
173 162
173 164
173 165
173 169
173 38
173 50
173 64
173 155
173 33
173 167
173 106
173 92
173 10
173 96
173 48
173 47
173 15
173 62
173 28
173 161
173 4
173 8
173 166
173 34
173 56
173 79
173 91
173 5
173 83
173 105
173 0
173 61
173 70
173 122
173 99
173 147
174 7
174 8
174 9
174 13
174 20
174 22
174 25
174 35
174 38
174 40
174 41
174 44
174 48
174 51
174 54
174 55
174 56
174 57
174 59
174 65
174 67
174 71
174 74
174 83
174 95
174 104
174 110
174 117
174 121
174 122
174 123
174 124
174 126
174 135
174 141
174 146
174 151
174 152
174 153
174 154
174 156
174 159
174 161
174 162
174 169
174 172
174 165
174 85
174 136
174 64
174 3
174 101
174 47
174 4
174 105
174 107
174 75
174 142
174 127
174 14
174 68
174 89
174 49
174 32
174 145
174 164
174 144
174 128
174 1
174 34
174 6
174 58
174 118
174 108
174 77
174 78
