25
0 19
0 2
0 20
0 11
0 16
0 6
0 13
0 23
0 5
0 8
0 15
0 21
0 22
1 12
1 20
1 17
1 19
1 13
1 3
1 15
1 18
2 0
2 17
2 19
2 4
2 15
2 18
2 9
2 6
2 8
2 21
2 7
2 10
2 11
2 20
3 12
3 1
3 9
3 18
3 10
3 6
3 4
3 11
3 15
3 20
3 24
4 2
4 7
4 3
4 24
4 11
4 13
4 8
4 12
4 14
4 22
5 0
5 20
5 21
5 17
5 18
5 11
5 6
5 16
5 23
6 0
6 2
6 3
6 5
6 22
6 9
6 21
6 8
6 10
6 15
6 18
6 19
6 20
6 23
7 4
7 8
7 19
7 2
7 12
7 21
7 10
7 17
7 22
7 23
8 2
8 7
8 11
8 6
8 0
8 10
8 14
8 4
8 22
8 12
8 17
8 18
8 21
9 2
9 3
9 6
9 18
9 23
9 13
9 10
9 12
9 17
9 21
10 3
10 8
10 7
10 2
10 12
10 9
10 13
10 19
10 24
10 15
10 6
10 16
10 20
11 0
11 4
11 5
11 8
11 23
11 15
11 14
11 2
11 3
11 20
12 1
12 3
12 7
12 10
12 8
12 22
12 9
12 21
12 23
12 15
12 20
12 4
12 16
12 17
12 18
12 19
13 0
13 1
13 4
13 9
13 10
13 24
13 14
13 17
13 18
13 20
13 21
14 8
14 11
14 20
14 4
14 17
14 13
14 16
14 21
15 2
15 10
15 11
15 12
15 22
15 17
15 6
15 24
15 1
15 3
15 23
15 20
15 0
15 19
16 0
16 12
16 14
16 10
16 24
16 5
16 17
16 22
16 23
17 1
17 2
17 5
17 14
17 15
17 20
17 9
17 8
17 13
17 16
17 12
17 21
17 18
17 7
18 2
18 3
18 5
18 9
18 17
18 20
18 21
18 13
18 8
18 12
18 1
18 6
19 0
19 1
19 2
19 7
19 10
19 6
19 12
19 15
19 23
20 0
20 1
20 5
20 12
20 14
20 15
20 17
20 18
20 3
20 23
20 24
20 10
20 13
20 22
20 11
20 6
20 2
20 21
21 2
21 5
21 6
21 7
21 12
21 17
21 18
21 8
21 14
21 0
21 9
21 23
21 20
21 13
21 22
21 24
22 6
22 8
22 12
22 15
22 20
22 21
22 7
22 0
22 16
22 4
23 0
23 9
23 11
23 12
23 15
23 20
23 21
23 5
23 6
23 19
23 7
23 16
24 4
24 10
24 13
24 15
24 16
24 20
24 3
24 21
