125
0 86
0 95
0 70
0 124
0 44
0 11
0 35
0 38
0 82
0 111
0 4
0 45
0 66
0 42
0 23
0 60
0 71
0 13
0 17
0 20
0 24
0 29
0 32
0 52
0 54
0 61
0 62
0 63
0 64
0 72
0 73
0 74
0 83
0 85
0 89
0 94
0 96
0 101
0 102
0 112
0 113
0 114
0 116
0 118
0 119
0 122
1 103
1 67
1 6
1 14
1 15
1 18
1 27
1 28
1 34
1 35
1 36
1 38
1 41
1 42
1 43
1 49
1 61
1 62
1 63
1 71
1 72
1 79
1 81
1 83
1 86
1 88
1 89
1 91
1 93
1 96
1 111
1 113
1 116
1 118
1 119
1 120
1 121
1 122
2 98
2 114
2 13
2 82
2 68
2 54
2 79
2 27
2 123
2 50
2 45
2 109
2 5
2 110
2 26
2 36
2 66
2 96
2 28
2 62
2 78
2 67
2 73
2 116
2 21
2 43
2 63
2 75
2 119
2 19
2 48
2 56
2 39
2 6
2 7
2 87
2 91
2 58
2 117
2 52
2 11
2 85
2 113
2 103
2 3
2 9
2 14
2 23
2 29
2 30
2 31
2 32
2 33
2 34
2 37
2 41
2 49
2 59
2 65
2 80
2 94
2 99
2 100
2 101
2 102
2 106
2 111
2 112
2 115
2 118
3 39
3 111
3 101
3 55
3 62
3 76
3 25
3 82
3 21
3 75
3 7
3 88
3 89
3 5
3 116
3 46
3 61
3 22
3 73
3 113
3 8
3 107
3 99
3 9
3 65
3 90
3 50
3 124
3 11
3 110
3 16
3 79
3 48
3 103
3 36
3 78
3 96
3 122
3 30
3 71
3 10
3 91
3 67
3 105
3 53
3 45
3 114
3 117
3 84
3 54
3 77
3 121
3 2
3 70
3 14
3 18
3 19
3 23
3 27
3 37
3 38
3 43
3 47
3 58
3 60
3 63
3 69
3 72
3 80
3 81
3 98
3 100
3 102
3 104
3 106
3 108
3 115
3 118
3 119
4 0
4 115
4 34
4 116
4 18
4 22
4 99
4 12
4 61
4 121
4 124
4 27
4 73
4 68
4 74
4 109
4 21
4 17
4 105
4 111
4 32
4 35
4 44
4 42
4 72
4 81
4 8
4 9
4 13
4 14
4 15
4 24
4 26
4 28
4 29
4 30
4 37
4 38
4 48
4 49
4 51
4 52
4 54
4 56
4 62
4 63
4 71
4 83
4 89
4 94
4 96
4 98
4 102
4 106
4 110
4 117
4 119
4 123
5 2
5 3
5 44
5 19
5 31
5 27
5 104
5 100
5 52
5 65
5 77
5 58
5 93
5 43
5 106
5 41
5 76
5 6
5 101
5 72
5 86
5 124
5 25
5 56
5 18
5 117
5 57
5 94
5 109
5 90
5 64
5 60
5 51
5 73
5 40
5 108
5 62
5 82
5 53
5 55
5 7
5 34
5 38
5 47
5 9
5 11
5 14
5 30
5 33
5 42
5 45
5 46
5 70
5 74
5 79
5 80
5 81
5 83
5 84
5 85
5 87
5 96
5 98
5 99
5 107
5 113
5 114
5 118
5 119
5 120
6 2
6 5
6 104
6 67
6 15
6 21
6 68
6 110
6 111
6 46
6 38
6 118
6 88
6 24
6 78
6 95
6 115
6 60
6 34
6 117
6 77
6 89
6 32
6 45
6 120
6 18
6 107
6 103
6 73
6 12
6 56
6 26
6 113
6 51
6 72
6 93
6 43
6 84
6 48
6 97
6 91
6 36
6 40
6 122
6 99
6 96
6 1
6 65
6 82
6 53
6 123
6 9
6 11
6 14
6 22
6 23
6 27
6 29
6 47
6 55
6 58
6 62
6 63
6 69
6 94
6 98
6 106
6 109
6 114
6 116
7 2
7 3
7 5
7 99
7 48
7 8
7 14
7 22
7 24
7 25
7 27
7 30
7 35
7 38
7 41
7 45
7 47
7 49
7 51
7 52
7 53
7 55
7 56
7 57
7 63
7 72
7 73
7 80
7 84
7 85
7 88
7 90
7 91
7 93
7 94
7 95
7 98
7 100
7 102
7 109
7 113
7 116
7 117
7 119
7 122
8 3
8 104
8 47
8 74
8 102
8 20
8 57
8 61
8 66
8 76
8 11
8 37
8 69
8 92
8 53
8 77
8 71
8 31
8 109
8 58
8 115
8 75
8 106
8 25
8 9
8 81
8 79
8 38
8 21
8 51
8 4
8 101
8 30
8 7
8 12
8 117
8 83
8 40
8 28
8 54
8 119
8 94
8 10
8 15
8 22
8 23
8 29
8 32
8 34
8 43
8 45
8 48
8 50
8 55
8 72
8 82
8 84
8 88
8 93
8 98
8 100
8 103
8 105
8 107
8 108
8 113
8 114
8 116
8 118
8 122
9 3
9 8
9 64
9 61
9 77
9 49
9 120
9 38
9 58
9 45
9 98
9 94
9 78
9 39
9 85
9 115
9 68
9 89
9 24
9 79
9 65
9 90
9 63
9 121
9 106
9 56
9 23
9 35
9 28
9 97
9 72
9 99
9 83
9 96
9 76
9 69
9 54
9 47
9 119
9 60
9 80
9 6
9 82
9 5
9 15
9 104
9 2
9 62
9 4
9 74
9 52
9 103
9 91
9 11
9 14
9 19
9 30
9 34
9 36
9 37
9 42
9 43
9 44
9 46
9 48
9 70
9 81
9 87
9 88
9 93
9 100
9 108
9 110
9 113
9 114
9 116
9 122
10 3
10 15
10 105
10 28
10 32
10 42
10 8
10 57
10 18
10 122
10 27
10 90
10 52
10 14
10 17
10 19
10 22
10 26
10 29
10 31
10 33
10 35
10 36
10 37
10 39
10 41
10 44
10 47
10 54
10 56
10 63
10 64
10 69
10 70
10 72
10 73
10 85
10 87
10 93
10 94
10 96
10 98
10 99
10 101
10 102
10 106
10 111
10 112
10 113
10 114
10 116
10 119
10 120
10 121
11 0
11 2
11 3
11 8
11 109
11 112
11 32
11 61
11 80
11 50
11 53
11 34
11 5
11 12
11 95
11 52
11 85
11 31
11 9
11 99
11 82
11 6
11 65
11 87
11 73
11 71
11 18
11 14
11 19
11 21
11 27
11 29
11 35
11 36
11 42
11 54
11 56
11 58
11 62
11 70
11 77
11 84
11 86
11 89
11 102
11 103
11 106
11 108
11 111
11 116
11 118
11 119
11 121
11 122
11 124
12 4
12 6
12 8
12 11
12 87
12 113
12 31
12 103
12 66
12 13
12 72
12 37
12 110
12 74
12 55
12 63
12 15
12 23
12 26
12 30
12 32
12 33
12 34
12 41
12 43
12 48
12 49
12 53
12 62
12 79
12 83
12 85
12 93
12 94
12 95
12 99
12 100
12 101
12 105
12 112
12 114
12 116
12 118
12 120
13 2
13 12
13 30
13 121
13 58
13 67
13 105
13 71
13 93
13 55
13 68
13 82
13 57
13 94
13 36
13 97
13 47
13 0
13 77
13 66
13 78
13 88
13 99
13 22
13 123
13 83
13 76
13 19
13 65
13 56
13 119
13 69
13 27
13 108
13 124
13 79
13 87
13 75
13 4
13 92
13 14
13 116
13 120
13 109
13 24
13 28
13 31
13 33
13 37
13 38
13 43
13 44
13 45
13 48
13 49
13 51
13 62
13 70
13 72
13 73
13 80
13 85
13 96
13 102
13 112
13 113
13 114
13 115
14 13
14 108
14 119
14 77
14 47
14 33
14 114
14 68
14 60
14 7
14 27
14 29
14 85
14 90
14 1
14 86
14 95
14 42
14 59
14 65
14 63
14 32
14 94
14 87
14 40
14 50
14 99
14 17
14 9
14 4
14 82
14 80
14 71
14 120
14 98
14 79
14 46
14 101
14 6
14 107
14 10
14 116
14 3
14 104
14 36
14 2
14 97
14 109
14 89
14 103
14 74
14 67
14 11
14 25
14 123
14 45
14 18
14 5
14 19
14 21
14 28
14 35
14 37
14 41
14 48
14 51
14 54
14 56
14 69
14 70
14 72
14 73
14 83
14 88
14 91
14 106
14 113
14 115
15 6
15 9
15 10
15 21
15 123
15 16
15 49
15 17
15 120
15 47
15 75
15 102
15 41
15 1
15 100
15 33
15 77
15 42
15 73
15 110
15 67
15 109
15 45
15 50
15 36
15 37
15 79
15 94
15 62
15 90
15 57
15 44
15 93
15 107
15 121
15 53
15 55
15 4
15 69
15 56
15 24
15 65
15 118
15 64
15 8
15 95
15 66
15 12
15 111
15 74
15 28
15 112
15 85
15 40
15 68
15 26
15 105
15 39
15 98
15 31
15 18
15 101
15 27
15 19
15 32
15 34
15 35
15 43
15 54
15 58
15 63
15 72
15 80
15 82
15 84
15 99
15 104
15 113
15 116
15 119
15 122
16 3
16 15
16 104
16 17
16 22
16 32
16 42
16 44
16 45
16 50
16 58
16 59
16 63
16 65
16 73
16 76
16 79
16 80
16 81
16 87
16 88
16 94
16 96
16 102
16 106
16 107
16 109
16 113
16 114
16 115
16 116
16 117
16 119
16 123
17 4
17 14
17 15
17 110
17 124
17 80
17 51
17 75
17 31
17 60
17 65
17 61
17 66
17 122
17 90
17 0
17 55
17 72
17 103
17 10
17 52
17 70
17 116
17 16
17 22
17 84
17 42
17 83
17 40
17 119
17 44
17 41
17 45
17 101
17 18
17 25
17 26
17 30
17 32
17 34
17 35
17 43
17 47
17 48
17 53
17 67
17 73
17 76
17 79
17 88
17 94
17 95
17 96
17 100
17 113
17 117
17 120
18 4
18 5
18 6
18 10
18 11
18 14
18 15
18 56
18 51
18 35
18 66
18 59
18 17
18 111
18 103
18 27
18 101
18 113
18 115
18 1
18 118
18 3
18 20
18 60
18 102
18 21
18 23
18 29
18 31
18 43
18 45
18 47
18 53
18 55
18 58
18 62
18 63
18 72
18 73
18 76
18 80
18 84
18 93
18 94
18 98
18 99
18 100
18 110
18 114
18 119
19 2
19 5
19 13
19 121
19 108
19 91
19 10
19 70
19 82
19 120
19 113
19 65
19 61
19 87
19 86
19 63
19 21
19 104
19 101
19 96
19 60
19 25
19 54
19 3
19 115
19 92
19 89
19 15
19 14
19 41
19 24
19 22
19 11
19 9
19 32
19 122
19 29
19 30
19 31
19 34
19 37
19 42
19 43
19 45
19 47
19 55
19 58
19 62
19 68
19 72
19 74
19 79
19 83
19 84
19 88
19 93
19 94
19 98
19 100
19 106
19 107
19 111
19 116
19 124
20 8
20 18
20 95
20 47
20 26
20 108
20 0
20 66
20 21
20 23
20 25
20 29
20 31
20 35
20 41
20 42
20 48
20 51
20 54
20 56
20 58
20 62
20 63
20 69
20 73
20 74
20 79
20 82
20 83
20 85
20 86
20 88
20 91
20 94
20 99
20 100
20 103
20 105
20 113
20 116
20 117
20 119
20 123
21 2
21 3
21 4
21 6
21 8
21 15
21 19
21 32
21 111
21 57
21 61
21 75
21 43
21 20
21 62
21 24
21 18
21 91
21 77
21 115
21 11
21 55
21 40
21 117
21 47
21 104
21 26
21 41
21 83
21 96
21 80
21 14
21 98
21 107
21 22
21 23
21 27
21 30
21 31
21 36
21 37
21 48
21 50
21 53
21 54
21 63
21 68
21 69
21 74
21 79
21 81
21 84
21 85
21 86
21 87
21 90
21 93
21 99
21 103
21 105
21 106
21 114
21 116
21 119
22 3
22 4
22 13
22 17
22 19
22 123
22 6
22 44
22 103
22 62
22 85
22 58
22 120
22 91
22 110
22 72
22 10
22 36
22 71
22 23
22 116
22 45
22 21
22 115
22 104
22 84
22 102
22 63
22 8
22 7
22 43
22 16
22 70
22 113
22 27
22 74
22 119
22 121
22 50
22 31
22 34
22 38
22 39
22 47
22 49
22 54
22 56
22 79
22 80
22 81
22 93
22 94
22 95
22 98
22 99
22 100
22 106
22 111
22 114
23 0
23 9
23 22
23 51
23 119
23 109
23 12
23 71
23 2
23 88
23 6
23 24
23 94
23 20
23 74
23 121
23 49
23 100
23 102
23 116
23 28
23 68
23 95
23 66
23 42
23 8
23 55
23 96
23 52
23 3
23 101
23 87
23 65
23 78
23 76
23 18
23 25
23 83
23 60
23 32
23 21
23 111
23 63
23 29
23 30
23 31
23 34
23 35
23 38
23 39
23 41
23 43
23 48
23 61
23 70
23 73
23 79
23 85
23 91
23 93
23 98
23 104
23 106
23 107
23 112
23 113
23 117
23 123
24 6
24 9
24 13
24 15
24 19
24 21
24 23
24 59
24 113
24 73
24 104
24 77
24 121
24 87
24 76
24 107
24 32
24 86
24 122
24 28
24 7
24 102
24 4
24 71
24 119
24 44
24 72
24 95
24 103
24 92
24 97
24 47
24 64
24 0
24 38
24 29
24 37
24 39
24 41
24 43
24 45
24 49
24 50
24 54
24 55
24 58
24 63
24 66
24 69
24 70
24 80
24 85
24 88
24 94
24 96
24 101
24 108
24 111
24 114
24 115
24 116
24 117
25 3
25 5
25 8
25 14
25 19
25 23
25 102
25 117
25 34
25 72
25 55
25 46
25 119
25 17
25 66
25 75
25 38
25 44
25 39
25 123
25 7
25 20
25 92
25 87
25 30
25 115
25 26
25 27
25 29
25 31
25 43
25 47
25 48
25 53
25 54
25 64
25 67
25 69
25 79
25 85
25 86
25 91
25 93
25 94
25 95
25 96
25 100
25 104
25 108
25 122
26 2
26 6
26 15
26 20
26 21
26 79
26 102
26 101
26 40
26 32
26 33
26 58
26 117
26 10
26 52
26 64
26 60
26 62
26 100
26 39
26 67
26 43
26 29
26 83
26 99
26 27
26 73
26 4
26 118
26 77
26 34
26 12
26 84
26 121
26 110
26 87
26 17
26 116
26 65
26 25
26 111
26 56
26 81
26 72
26 98
26 35
26 37
26 38
26 41
26 47
26 48
26 49
26 59
26 63
26 69
26 74
26 78
26 86
26 90
26 91
26 94
26 95
26 103
26 104
26 106
26 109
26 113
26 114
26 115
26 119
27 2
27 4
27 5
27 10
27 13
27 14
27 15
27 18
27 22
27 26
27 57
27 40
27 67
27 53
27 33
27 73
27 86
27 48
27 106
27 85
27 56
27 3
27 122
27 29
27 51
27 92
27 63
27 118
27 124
27 50
27 65
27 82
27 1
27 35
27 87
27 117
27 72
27 54
27 25
27 28
27 45
27 79
27 21
27 6
27 74
27 111
27 116
27 11
27 7
27 64
27 31
27 121
27 30
27 34
27 36
27 38
27 41
27 43
27 62
27 69
27 88
27 94
27 95
27 98
27 119
28 2
28 8
28 9
28 10
28 15
28 23
28 24
28 27
28 112
28 1
28 123
28 68
28 58
28 106
28 13
28 113
28 78
28 45
28 14
28 4
28 29
28 30
28 31
28 35
28 44
28 52
28 53
28 54
28 55
28 69
28 73
28 76
28 79
28 82
28 83
28 84
28 85
28 90
28 94
28 99
28 102
28 114
28 116
28 122
29 14
29 26
29 27
29 100
29 97
29 24
29 92
29 36
29 44
29 102
29 51
29 85
29 50
29 83
29 109
29 122
29 49
29 77
29 6
29 59
29 34
29 20
29 72
29 74
29 19
29 101
29 108
29 95
29 114
29 57
29 23
29 103
29 53
29 4
29 76
29 37
29 84
29 121
29 89
29 41
29 28
29 115
29 60
29 123
29 48
29 78
29 2
29 105
29 119
29 11
29 10
29 25
29 8
29 104
29 106
29 32
29 18
29 0
29 33
29 30
29 93
29 31
29 40
29 42
29 47
29 56
29 69
29 70
29 71
29 73
29 88
29 98
29 99
29 107
29 116
29 120
30 3
30 8
30 13
30 25
30 29
30 109
30 63
30 70
30 7
30 101
30 64
30 81
30 121
30 82
30 27
30 17
30 43
30 5
30 88
30 37
30 2
30 9
30 111
30 95
30 89
30 75
30 21
30 4
30 32
30 12
30 28
30 99
30 19
30 56
30 100
30 108
30 96
30 92
30 116
30 23
30 34
30 42
30 80
30 62
30 45
30 77
30 39
30 31
30 102
30 124
30 33
30 35
30 38
30 41
30 48
30 54
30 57
30 61
30 68
30 71
30 72
30 73
30 84
30 86
30 93
30 98
30 107
30 113
30 114
30 117
30 119
31 5
31 8
31 11
31 12
31 15
31 17
31 27
31 30
31 19
31 64
31 60
31 91
31 44
31 22
31 79
31 89
31 93
31 28
31 42
31 18
31 86
31 82
31 20
31 45
31 10
31 25
31 36
31 2
31 29
31 58
31 70
31 38
31 83
31 105
31 111
31 53
31 23
31 108
31 116
31 100
31 104
31 124
31 109
31 78
31 92
31 94
31 61
31 84
31 33
31 88
31 13
31 115
31 77
31 71
31 21
31 34
31 39
31 41
31 43
31 47
31 48
31 49
31 50
31 56
31 63
31 68
31 69
31 72
31 73
31 74
31 75
31 85
31 95
31 99
31 101
31 102
31 110
31 118
31 122
32 4
32 6
32 10
32 11
32 14
32 19
32 21
32 23
32 24
32 26
32 29
32 30
32 42
32 111
32 60
32 71
32 119
32 53
32 15
32 46
32 75
32 69
32 68
32 77
32 83
32 87
32 62
32 36
32 79
32 94
32 89
32 124
32 55
32 115
32 0
32 85
32 2
32 73
32 66
32 84
32 34
32 117
32 63
32 16
32 12
32 44
32 86
32 78
32 88
32 98
32 61
32 49
32 82
32 57
32 91
32 17
32 8
32 99
32 70
32 118
32 33
32 37
32 41
32 47
32 48
32 54
32 58
32 64
32 74
32 80
32 95
32 101
32 102
32 103
32 106
32 112
32 114
32 116
32 120
32 121
33 14
33 15
33 26
33 27
33 29
33 31
33 37
33 79
33 52
33 42
33 111
33 12
33 13
33 87
33 5
33 120
33 41
33 121
33 10
33 38
33 51
33 118
33 73
33 2
33 43
33 74
33 69
33 85
33 66
33 101
33 49
33 61
33 103
33 30
33 76
33 64
33 32
33 54
33 122
33 34
33 35
33 39
33 45
33 47
33 48
33 63
33 72
33 82
33 83
33 88
33 90
33 91
33 95
33 98
33 100
33 102
33 104
33 108
33 112
33 113
33 114
33 115
33 117
33 119
34 4
34 5
34 6
34 11
34 25
34 26
34 29
34 30
34 32
34 89
34 35
34 23
34 71
34 15
34 17
34 48
34 82
34 53
34 100
34 117
34 61
34 68
34 106
34 38
34 37
34 36
34 115
34 67
34 81
34 58
34 49
34 8
34 75
34 41
34 1
34 116
34 124
34 39
34 113
34 27
34 66
34 112
34 56
34 31
34 92
34 19
34 105
34 94
34 33
34 69
34 64
34 42
34 76
34 51
34 83
34 12
34 45
34 60
34 2
34 90
34 9
34 93
34 114
34 57
34 85
34 78
34 22
34 91
34 54
34 55
34 65
34 70
34 74
34 79
34 80
34 87
34 88
34 95
34 96
34 98
34 99
34 104
34 109
34 119
34 120
34 122
35 0
35 4
35 9
35 18
35 27
35 34
35 105
35 49
35 97
35 82
35 58
35 45
35 74
35 119
35 20
35 112
35 47
35 1
35 23
35 15
35 39
35 42
35 33
35 48
35 124
35 79
35 30
35 11
35 10
35 115
35 28
35 95
35 87
35 84
35 60
35 59
35 41
35 36
35 14
35 91
35 7
35 121
35 40
35 51
35 103
35 117
35 63
35 37
35 46
35 100
35 17
35 111
35 26
35 123
35 38
35 43
35 61
35 62
35 70
35 72
35 73
35 80
35 83
35 85
35 88
35 93
35 94
35 96
35 99
35 109
35 113
36 2
36 3
36 6
36 13
36 14
36 15
36 22
36 29
36 31
36 32
36 34
36 35
36 44
36 74
36 88
36 58
36 27
36 114
36 9
36 41
36 95
36 99
36 51
36 21
36 57
36 86
36 50
36 67
36 37
36 38
36 43
36 115
36 45
36 48
36 104
36 83
36 52
36 72
36 85
36 1
36 118
36 78
36 10
36 11
36 87
36 53
36 73
36 108
36 102
36 116
36 47
36 54
36 55
36 63
36 68
36 69
36 70
36 71
36 80
36 93
36 94
36 96
36 98
36 103
36 113
36 119
36 120
37 8
37 12
37 15
37 29
37 30
37 33
37 34
37 35
37 36
37 4
37 10
37 32
37 59
37 56
37 21
37 73
37 88
37 2
37 47
37 63
37 14
37 65
37 19
37 44
37 98
37 43
37 104
37 110
37 57
37 53
37 54
37 93
37 113
37 52
37 95
37 72
37 58
37 111
37 105
37 26
37 118
37 13
37 42
37 45
37 116
37 3
37 66
37 97
37 114
37 71
37 24
37 48
37 85
37 60
37 9
37 39
37 49
37 50
37 55
37 80
37 91
37 100
37 103
37 120
37 122
38 0
38 5
38 6
38 8
38 9
38 24
38 25
38 31
38 33
38 34
38 36
38 26
38 115
38 22
38 1
38 7
38 76
38 107
38 30
38 122
38 27
38 23
38 64
38 45
38 70
38 55
38 89
38 50
38 84
38 96
38 3
38 111
38 113
38 13
38 123
38 47
38 90
38 88
38 35
38 81
38 53
38 4
38 60
38 101
38 69
38 41
38 43
38 44
38 54
38 61
38 68
38 74
38 79
38 83
38 85
38 93
38 94
38 112
38 114
38 116
38 119
38 120
39 2
39 3
39 9
39 15
39 25
39 26
39 30
39 34
39 35
39 69
39 37
39 78
39 96
39 40
39 76
39 10
39 93
39 54
39 24
39 22
39 43
39 86
39 33
39 66
39 56
39 31
39 23
39 65
39 63
39 122
39 107
39 106
39 79
39 44
39 45
39 49
39 55
39 62
39 67
39 70
39 73
39 77
39 81
39 83
39 88
39 90
39 94
39 100
39 104
39 105
39 111
39 113
39 114
39 116
39 119
40 5
40 6
40 8
40 14
40 15
40 17
40 21
40 26
40 27
40 35
40 39
40 105
40 106
40 45
40 55
40 96
40 43
40 29
40 57
40 81
40 46
40 41
40 42
40 47
40 48
40 49
40 50
40 58
40 61
40 62
40 71
40 74
40 80
40 85
40 91
40 93
40 95
40 98
40 102
40 104
40 107
40 108
40 111
40 112
40 113
40 116
40 118
40 121
40 122
41 5
41 15
41 17
41 19
41 21
41 29
41 33
41 34
41 35
41 36
41 57
41 30
41 10
41 24
41 101
41 111
41 106
41 7
41 61
41 112
41 38
41 2
41 75
41 66
41 97
41 79
41 99
41 12
41 77
41 55
41 42
41 117
41 104
41 119
41 86
41 14
41 81
41 59
41 20
41 47
41 27
41 69
41 118
41 121
41 26
41 40
41 23
41 65
41 31
41 90
41 64
41 1
41 50
41 103
41 32
41 44
41 45
41 63
41 68
41 70
41 72
41 73
41 74
41 80
41 83
41 87
41 88
41 93
41 94
41 95
41 96
41 100
41 110
41 114
41 120
41 122
42 0
42 4
42 10
42 14
42 15
42 17
42 23
42 30
42 31
42 32
42 33
42 34
42 35
42 37
42 41
42 29
42 80
42 16
42 51
42 20
42 11
42 85
42 19
42 91
42 70
42 89
42 98
42 99
42 75
42 124
42 93
42 76
42 110
42 79
42 121
42 59
42 103
42 1
42 109
42 100
42 104
42 102
42 112
42 55
42 78
42 72
42 119
42 67
42 40
42 86
42 5
42 9
42 82
42 90
42 43
42 47
42 49
42 52
42 53
42 58
42 62
42 71
42 73
42 83
42 106
42 107
42 111
42 113
42 114
42 116
42 118
42 122
43 2
43 5
43 6
43 21
43 22
43 26
43 30
43 33
43 36
43 37
43 39
43 40
43 121
43 38
43 63
43 122
43 27
43 72
43 112
43 119
43 106
43 44
43 80
43 114
43 12
43 61
43 123
43 18
43 24
43 83
43 3
43 103
43 31
43 94
43 19
43 1
43 90
43 48
43 51
43 17
43 47
43 23
43 117
43 87
43 8
43 58
43 77
43 60
43 92
43 9
43 53
43 67
43 74
43 70
43 13
43 15
43 35
43 88
43 25
43 52
43 49
43 64
43 85
43 42
43 95
43 109
43 78
43 116
43 110
43 97
43 45
43 54
43 56
43 62
43 71
43 79
43 86
43 91
43 93
43 96
43 101
43 104
43 113
43 118
44 0
44 4
44 5
44 15
44 17
44 22
44 24
44 25
44 29
44 31
44 32
44 36
44 37
44 43
44 73
44 65
44 87
44 84
44 13
44 112
44 16
44 62
44 61
44 70
44 77
44 106
44 104
44 39
44 56
44 72
44 91
44 81
44 75
44 10
44 78
44 123
44 115
44 38
44 107
44 120
44 54
44 94
44 110
44 41
44 63
44 113
44 28
44 53
44 55
44 59
44 69
44 89
44 76
44 82
44 124
44 74
44 9
44 45
44 48
44 88
44 99
44 111
44 116
44 118
44 119
44 122
45 0
45 2
45 3
45 6
45 9
45 14
45 15
45 17
45 22
45 27
45 28
45 30
45 31
45 34
45 35
45 36
45 37
45 38
45 40
45 43
45 60
45 44
45 13
45 39
45 109
45 18
45 102
45 5
45 65
45 16
45 77
45 48
45 80
45 104
45 8
45 101
45 111
45 79
45 110
45 55
45 24
45 49
45 73
45 115
45 71
45 85
45 103
45 19
45 82
45 58
45 88
45 81
45 62
45 61
45 91
45 105
45 7
45 33
45 41
45 67
45 47
45 53
45 54
45 56
45 63
45 74
45 89
45 92
45 93
45 96
45 97
45 98
45 99
45 106
45 112
45 113
45 114
45 116
45 119
45 122
46 3
46 6
46 14
46 25
46 32
46 35
46 40
46 110
46 91
46 119
46 54
46 9
46 83
46 64
46 5
46 66
46 85
46 104
46 84
46 115
46 112
46 74
46 81
46 56
46 48
46 55
46 68
46 69
46 73
46 77
46 79
46 86
46 88
46 89
46 94
46 96
46 101
46 103
46 106
46 111
46 116
46 118
46 122
46 123
47 5
47 8
47 9
47 13
47 14
47 15
47 20
47 21
47 24
47 35
47 37
47 38
47 41
47 43
47 69
47 93
47 6
47 68
47 42
47 64
47 29
47 60
47 65
47 108
47 25
47 94
47 10
47 70
47 98
47 91
47 113
47 111
47 87
47 101
47 50
47 32
47 54
47 55
47 31
47 78
47 102
47 119
47 58
47 72
47 80
47 92
47 33
47 26
47 100
47 79
47 90
47 85
47 67
47 17
47 36
47 52
47 63
47 45
47 7
47 89
47 86
47 18
47 62
47 61
47 106
47 97
47 40
47 3
47 51
47 22
47 76
47 19
47 77
47 122
47 48
47 73
47 83
47 96
47 114
48 2
48 3
48 6
48 7
48 27
48 29
48 34
48 35
48 36
48 37
48 43
48 45
48 47
48 49
48 53
48 114
48 33
48 14
48 83
48 102
48 86
48 69
48 71
48 89
48 79
48 123
48 75
48 51
48 106
48 56
48 100
48 31
48 21
48 59
48 118
48 55
48 113
48 78
48 12
48 67
48 13
48 81
48 20
48 94
48 46
48 32
48 8
48 72
48 17
48 99
48 30
48 80
48 110
48 124
48 58
48 25
48 57
48 82
48 103
48 26
48 23
48 44
48 9
48 120
48 98
48 40
48 84
48 64
48 4
48 62
48 63
48 65
48 74
48 88
48 90
48 101
48 104
48 107
48 117
48 119
49 9
49 15
49 23
49 29
49 32
49 33
49 34
49 35
49 43
49 45
49 48
49 114
49 92
49 37
49 42
49 90
49 40
49 70
49 12
49 95
49 73
49 99
49 62
49 105
49 108
49 1
49 98
49 31
49 65
49 57
49 83
49 85
49 75
49 112
49 103
49 13
49 86
49 63
49 26
49 109
49 115
49 117
49 77
49 116
49 22
49 93
49 101
49 81
49 4
49 39
49 52
49 120
49 2
49 7
49 104
49 74
49 69
49 59
49 24
49 53
49 54
49 84
49 88
49 100
49 106
49 107
49 111
49 113
49 118
49 119
49 122
49 123
50 2
50 3
50 11
50 14
50 15
50 22
50 27
50 29
50 36
50 38
50 41
50 47
50 116
50 68
50 52
50 93
50 57
50 99
50 109
50 24
50 97
50 37
50 8
50 74
50 81
50 21
50 89
50 16
50 115
50 114
50 71
50 80
50 119
50 40
50 31
50 73
50 78
50 105
50 54
50 55
50 58
50 62
50 63
50 69
50 70
50 79
50 83
50 85
50 88
50 94
50 95
50 100
50 103
50 104
50 106
50 121
51 5
51 6
51 8
51 17
51 18
51 23
51 27
51 29
51 33
51 34
51 35
51 36
51 42
51 43
51 47
51 48
51 14
51 7
51 84
51 13
51 109
51 20
51 4
51 53
51 54
51 57
51 58
51 61
51 65
51 70
51 73
51 81
51 83
51 85
51 88
51 93
51 94
51 95
51 96
51 99
51 100
51 106
51 107
51 108
51 112
51 113
51 114
51 116
51 119
51 122
52 2
52 5
52 9
52 10
52 11
52 17
52 23
52 26
52 33
52 36
52 37
52 43
52 47
52 49
52 50
52 28
52 71
52 7
52 0
52 80
52 4
52 97
52 64
52 53
52 85
52 42
52 124
52 99
52 94
52 65
52 55
52 56
52 62
52 63
52 69
52 70
52 73
52 74
52 77
52 81
52 83
52 84
52 87
52 88
52 89
52 98
52 104
52 105
52 106
52 110
52 111
52 112
52 113
52 116
53 3
53 5
53 6
53 8
53 11
53 15
53 27
53 29
53 31
53 32
53 34
53 36
53 37
53 38
53 43
53 44
53 48
53 52
53 121
53 42
53 7
53 17
53 95
53 85
53 114
53 28
53 12
53 57
53 112
53 51
53 66
53 64
53 116
53 71
53 63
53 118
53 86
53 104
53 69
53 88
53 96
53 49
53 108
53 77
53 45
53 18
53 111
53 117
53 98
53 109
53 25
53 81
53 21
53 76
53 105
53 87
53 54
53 55
53 70
53 72
53 83
53 91
53 99
53 100
53 101
53 119
53 120
53 122
54 2
54 3
54 8
54 9
54 19
54 27
54 33
54 37
54 39
54 44
54 46
54 47
54 21
54 43
54 86
54 84
54 38
54 98
54 63
54 111
54 114
54 14
54 75
54 51
54 105
54 70
54 99
54 49
54 25
54 102
54 15
54 20
54 53
54 96
54 60
54 22
54 10
54 4
54 117
54 57
54 103
54 34
54 115
54 74
54 36
54 108
54 32
54 93
54 90
54 30
54 0
54 28
54 85
54 88
54 79
54 92
54 106
54 50
54 124
54 11
54 83
54 100
54 77
54 24
54 91
54 82
54 45
54 101
54 107
54 113
54 76
54 58
54 71
54 72
54 73
54 94
54 95
54 97
54 104
54 110
54 118
54 119
54 120
54 122
55 3
55 5
55 12
55 13
55 15
55 17
55 21
55 23
55 25
55 32
55 38
55 40
55 41
55 42
55 44
55 45
55 47
55 48
55 52
55 102
55 73
55 96
55 79
55 46
55 34
55 28
55 84
55 109
55 53
55 36
55 121
55 68
55 8
55 7
55 18
55 99
55 103
55 60
55 24
55 65
55 62
55 19
55 37
55 50
55 56
55 89
55 120
55 70
55 116
55 101
55 6
55 88
55 39
55 58
55 61
55 72
55 77
55 80
55 82
55 86
55 94
55 98
55 100
55 111
55 112
55 114
55 117
55 119
55 122
55 123
56 2
56 5
56 6
56 9
56 13
56 15
56 18
56 26
56 27
56 30
56 34
56 37
56 39
56 44
56 46
56 48
56 55
56 111
56 11
56 10
56 109
56 104
56 121
56 20
56 88
56 22
56 101
56 99
56 52
56 95
56 90
56 93
56 124
56 45
56 80
56 102
56 14
56 29
56 73
56 43
56 7
56 91
56 123
56 89
56 69
56 31
56 4
56 97
56 74
56 83
56 98
56 105
56 110
56 112
56 113
56 116
56 122
57 5
57 8
57 10
57 13
57 15
57 21
57 27
57 29
57 32
57 34
57 36
57 37
57 40
57 41
57 48
57 49
57 50
57 53
57 54
57 7
57 30
57 111
57 124
57 51
57 60
57 61
57 69
57 74
57 76
57 79
57 82
57 85
57 88
57 93
57 95
57 98
57 99
57 102
57 106
57 113
57 114
57 115
57 116
57 117
57 118
57 119
58 2
58 5
58 8
58 9
58 13
58 22
58 26
58 28
58 31
58 34
58 35
58 36
58 37
58 43
58 45
58 47
58 48
58 74
58 51
58 16
58 78
58 76
58 11
58 50
58 82
58 55
58 98
58 67
58 106
58 32
58 88
58 118
58 89
58 96
58 70
58 15
58 24
58 117
58 68
58 20
58 54
58 19
58 87
58 116
58 81
58 3
58 72
58 109
58 124
58 107
58 6
58 42
58 102
58 59
58 120
58 95
58 18
58 114
58 112
58 40
58 99
58 111
58 61
58 119
58 94
58 73
58 75
58 80
58 85
58 86
58 101
58 103
58 104
58 108
59 14
59 18
59 24
59 29
59 35
59 37
59 41
59 42
59 44
59 48
59 49
59 58
59 72
59 66
59 103
59 16
59 73
59 123
59 2
59 69
59 63
59 26
59 70
59 79
59 83
59 87
59 93
59 94
59 95
59 96
59 98
59 99
59 100
59 104
59 106
59 107
59 110
59 111
59 112
59 113
59 114
60 0
60 5
60 6
60 9
60 14
60 17
60 18
60 19
60 23
60 26
60 29
60 31
60 32
60 34
60 35
60 37
60 38
60 43
60 45
60 47
60 54
60 55
60 84
60 95
60 67
60 72
60 73
60 3
60 119
60 57
60 65
60 69
60 71
60 74
60 80
60 83
60 88
60 93
60 97
60 101
60 103
60 111
60 114
60 116
60 118
60 122
61 3
61 4
61 8
61 9
61 11
61 17
61 19
61 21
61 31
61 32
61 33
61 34
61 41
61 43
61 44
61 45
61 47
61 58
61 110
61 90
61 1
61 57
61 91
61 40
61 73
61 111
61 30
61 38
61 23
61 0
61 35
61 93
61 112
61 123
61 101
61 94
61 86
61 55
61 51
61 96
61 62
61 69
61 74
61 88
61 95
61 100
61 103
61 105
61 106
61 113
61 114
61 116
61 118
61 119
61 120
62 2
62 3
62 5
62 9
62 15
62 21
62 22
62 26
62 30
62 32
62 44
62 45
62 47
62 49
62 55
62 118
62 89
62 0
62 42
62 91
62 40
62 116
62 71
62 111
62 70
62 86
62 122
62 50
62 48
62 117
62 27
62 74
62 119
62 69
62 108
62 35
62 123
62 61
62 39
62 13
62 120
62 18
62 93
62 88
62 81
62 80
62 99
62 4
62 20
62 12
62 76
62 112
62 43
62 64
62 97
62 52
62 103
62 67
62 109
62 1
62 104
62 19
62 6
62 11
62 95
62 124
62 66
62 72
62 73
62 79
62 96
62 110
63 2
63 9
63 12
63 14
63 19
63 22
63 23
63 27
63 30
63 32
63 35
63 37
63 39
63 43
63 44
63 47
63 49
63 53
63 54
63 59
63 94
63 72
63 15
63 41
63 100
63 0
63 26
63 78
63 70
63 33
63 109
63 1
63 81
63 88
63 31
63 79
63 114
63 18
63 20
63 99
63 3
63 76
63 74
63 110
63 85
63 117
63 16
63 6
63 102
63 36
63 122
63 71
63 21
63 50
63 87
63 10
63 96
63 24
63 52
63 92
63 66
63 7
63 48
63 121
63 112
63 45
63 115
63 113
63 4
63 65
63 73
63 83
63 86
63 89
63 101
63 104
63 106
63 111
63 116
64 5
64 9
64 15
64 24
64 26
64 27
64 30
64 31
64 33
64 34
64 38
64 41
64 43
64 46
64 47
64 48
64 52
64 53
64 62
64 0
64 10
64 69
64 25
64 32
64 68
64 70
64 72
64 73
64 74
64 75
64 83
64 84
64 87
64 88
64 93
64 94
64 95
64 98
64 99
64 100
64 101
64 102
64 103
64 111
64 114
64 116
64 118
64 119
64 123
65 3
65 5
65 6
65 9
65 11
65 13
65 14
65 15
65 17
65 19
65 23
65 26
65 27
65 37
65 39
65 41
65 44
65 45
65 47
65 49
65 52
65 55
65 63
65 124
65 2
65 111
65 89
65 48
65 76
65 16
65 83
65 51
65 104
65 60
65 34
65 112
65 121
65 113
65 123
65 67
65 122
65 69
65 70
65 74
65 80
65 84
65 86
65 90
65 93
65 94
65 95
65 98
65 100
65 102
65 105
65 106
65 115
65 116
65 117
65 119
66 0
66 2
66 8
66 12
66 13
66 15
66 17
66 18
66 20
66 23
66 25
66 32
66 33
66 34
66 37
66 39
66 41
66 46
66 53
66 59
66 63
66 99
66 24
66 122
66 110
66 123
66 62
66 71
66 72
66 74
66 81
66 84
66 87
66 93
66 94
66 95
66 98
66 100
66 105
66 106
66 113
66 116
66 118
66 119
67 1
67 2
67 3
67 6
67 13
67 14
67 15
67 26
67 27
67 34
67 36
67 42
67 43
67 45
67 47
67 48
67 58
67 60
67 62
67 65
67 104
67 39
67 17
67 80
67 25
67 114
67 69
67 71
67 77
67 81
67 85
67 86
67 88
67 90
67 93
67 94
67 96
67 98
67 99
67 100
67 107
67 111
67 112
67 113
67 119
67 120
68 2
68 4
68 6
68 9
68 13
68 14
68 15
68 23
68 28
68 32
68 34
68 47
68 50
68 55
68 58
68 119
68 64
68 123
68 21
68 36
68 71
68 115
68 83
68 38
68 31
68 108
68 30
68 82
68 41
68 46
68 19
68 104
68 116
68 88
68 72
68 81
68 84
68 85
68 86
68 90
68 91
68 93
68 94
68 96
68 98
68 99
68 101
68 102
68 112
68 120
68 121
69 8
69 9
69 13
69 15
69 32
69 33
69 34
69 38
69 39
69 41
69 44
69 47
69 48
69 49
69 53
69 56
69 59
69 62
69 64
69 3
69 60
69 115
69 46
69 92
69 20
69 14
69 36
69 106
69 118
69 28
69 119
69 113
69 100
69 31
69 110
69 112
69 65
69 98
69 24
69 81
69 90
69 91
69 71
69 121
69 25
69 50
69 95
69 61
69 117
69 70
69 57
69 82
69 108
69 79
69 109
69 6
69 87
69 10
69 27
69 84
69 83
69 29
69 104
69 52
69 120
69 26
69 21
69 111
69 103
69 72
69 67
69 73
69 75
69 85
69 86
69 88
69 93
69 94
69 101
69 114
69 116
70 0
70 3
70 17
70 19
70 22
70 30
70 31
70 32
70 38
70 42
70 43
70 44
70 47
70 49
70 54
70 55
70 58
70 62
70 63
70 69
70 41
70 103
70 96
70 115
70 109
70 24
70 13
70 34
70 71
70 94
70 50
70 14
70 83
70 51
70 93
70 84
70 36
70 29
70 9
70 64
70 23
70 104
70 5
70 116
70 85
70 124
70 91
70 90
70 99
70 112
70 117
70 11
70 53
70 39
70 35
70 121
70 10
70 118
70 102
70 59
70 80
70 123
70 65
70 52
70 108
70 73
70 74
70 79
70 88
70 100
70 110
70 113
70 114
70 119
70 122
71 0
71 3
71 8
71 11
71 13
71 14
71 22
71 23
71 24
71 31
71 32
71 34
71 37
71 45
71 48
71 50
71 52
71 53
71 62
71 63
71 68
71 69
71 70
71 87
71 103
71 124
71 42
71 36
71 102
71 73
71 60
71 67
71 1
71 114
71 75
71 66
71 90
71 29
71 83
71 40
71 54
71 4
71 43
71 30
71 74
71 88
71 89
71 94
71 96
71 97
71 101
71 115
71 116
71 118
71 119
71 120
72 4
72 5
72 6
72 9
72 12
72 17
72 22
72 24
72 25
72 26
72 27
72 29
72 36
72 37
72 42
72 43
72 44
72 47
72 48
72 58
72 59
72 60
72 63
72 69
72 19
72 114
72 104
72 75
72 86
72 15
72 1
72 118
72 99
72 33
72 18
72 55
72 102
72 8
72 7
72 93
72 62
72 0
72 35
72 41
72 30
72 90
72 106
72 80
72 64
72 89
72 66
72 120
72 73
72 54
72 88
72 10
72 109
72 85
72 74
72 94
72 87
72 14
72 122
72 3
72 31
72 79
72 82
72 68
72 103
72 13
72 53
72 83
72 84
72 96
72 98
72 105
72 113
72 116
72 119
73 2
73 3
73 4
73 5
73 6
73 11
73 15
73 24
73 26
73 27
73 32
73 33
73 36
73 37
73 44
73 45
73 49
73 50
73 55
73 56
73 59
73 60
73 61
73 71
73 72
73 114
73 10
73 112
73 0
73 124
73 39
73 101
73 63
73 94
73 20
73 84
73 35
73 107
73 76
73 18
73 109
73 64
73 70
73 118
73 103
73 95
73 14
73 31
73 87
73 23
73 79
73 74
73 122
73 58
73 13
73 28
73 51
73 102
73 17
73 42
73 29
73 7
73 89
73 116
73 52
73 119
73 113
73 110
73 47
73 16
73 121
73 62
73 111
73 54
73 99
73 83
73 46
73 41
73 88
73 90
73 81
73 82
73 69
73 30
73 77
73 80
73 85
73 86
73 96
73 98
73 106
74 4
74 8
74 9
74 12
74 14
74 15
74 22
74 23
74 27
74 29
74 33
74 35
74 36
74 43
74 44
74 46
74 49
74 50
74 54
74 58
74 62
74 63
74 72
74 73
74 116
74 60
74 87
74 111
74 99
74 110
74 21
74 32
74 56
74 100
74 65
74 75
74 71
74 61
74 19
74 64
74 108
74 96
74 57
74 76
74 81
74 115
74 109
74 66
74 5
74 0
74 114
74 26
74 34
74 70
74 31
74 40
74 52
74 45
74 41
74 48
74 20
74 124
74 104
74 38
74 83
74 85
74 94
74 95
74 97
74 103
74 106
74 113
74 121
74 122
75 2
75 3
75 8
75 13
75 15
75 17
75 21
75 25
75 30
75 32
75 34
75 41
75 42
75 44
75 48
75 49
75 54
75 71
75 72
75 74
75 69
75 109
75 99
75 58
75 89
75 64
75 31
75 79
75 83
75 86
75 88
75 93
75 96
75 110
75 111
75 112
75 114
75 116
75 119
75 120
76 3
76 5
76 8
76 9
76 13
76 23
76 24
76 29
76 33
76 34
76 38
76 39
76 42
76 44
76 47
76 53
76 54
76 58
76 62
76 63
76 65
76 73
76 74
76 16
76 81
76 57
76 28
76 18
76 99
76 17
76 85
76 86
76 94
76 95
76 101
76 104
76 112
76 113
76 114
76 116
76 118
76 122
77 3
77 5
77 6
77 8
77 9
77 13
77 14
77 15
77 21
77 24
77 26
77 29
77 30
77 31
77 32
77 41
77 43
77 44
77 45
77 47
77 49
77 53
77 54
77 73
77 107
77 119
77 11
77 52
77 95
77 98
77 67
77 113
77 55
77 46
77 39
77 93
77 84
77 102
77 87
77 99
77 80
77 83
77 86
77 88
77 90
77 94
77 96
77 103
77 104
77 106
77 111
77 115
77 116
77 120
78 2
78 3
78 6
78 9
78 13
78 23
78 28
78 29
78 31
78 32
78 34
78 36
78 39
78 42
78 43
78 44
78 47
78 48
78 50
78 58
78 63
78 26
78 80
78 81
78 82
78 88
78 96
78 97
78 98
78 99
78 108
78 113
78 118
78 122
79 2
79 3
79 8
79 9
79 13
79 14
79 15
79 26
79 27
79 31
79 32
79 33
79 35
79 39
79 41
79 42
79 45
79 47
79 48
79 54
79 55
79 63
79 69
79 72
79 73
79 57
79 23
79 12
79 101
79 16
79 70
79 17
79 19
79 115
79 62
79 21
79 82
79 43
79 95
79 123
79 111
79 46
79 59
79 5
79 1
79 124
79 90
79 122
79 50
79 83
79 104
79 28
79 105
79 100
79 89
79 22
79 38
79 108
79 81
79 75
79 86
79 85
79 114
79 107
79 20
79 34
79 80
79 25
79 88
79 91
79 93
79 94
79 102
79 103
79 113
79 116
79 117
79 118
79 119
79 120
80 9
80 11
80 14
80 17
80 21
80 30
80 42
80 43
80 45
80 47
80 48
80 50
80 52
80 56
80 62
80 67
80 70
80 72
80 79
80 124
80 32
80 102
80 81
80 37
80 95
80 7
80 41
80 94
80 18
80 22
80 16
80 5
80 121
80 83
80 89
80 24
80 36
80 101
80 96
80 111
80 13
80 58
80 104
80 78
80 60
80 88
80 116
80 2
80 107
80 92
80 40
80 55
80 34
80 86
80 106
80 15
80 77
80 73
80 105
80 65
80 87
80 3
80 35
80 82
80 85
80 93
80 100
80 103
80 108
80 113
80 114
80 115
80 120
81 4
81 8
81 26
81 30
81 34
81 38
81 40
81 41
81 44
81 45
81 46
81 48
81 49
81 50
81 53
81 58
81 62
81 63
81 69
81 73
81 74
81 76
81 79
81 80
81 51
81 67
81 66
81 3
81 78
81 22
81 9
81 98
81 52
81 101
81 1
81 84
81 16
81 39
81 21
81 82
81 118
81 100
81 83
81 104
81 68
81 5
81 85
81 88
81 89
81 93
81 102
81 103
81 106
81 111
81 112
81 114
81 119
81 121
82 0
82 2
82 3
82 5
82 6
82 9
82 11
82 13
82 14
82 19
82 27
82 30
82 31
82 32
82 34
82 35
82 42
82 44
82 45
82 48
82 54
82 58
82 68
82 69
82 72
82 73
82 79
82 81
82 57
82 114
82 8
82 109
82 117
82 78
82 101
82 84
82 96
82 104
82 28
82 33
82 92
82 20
82 55
82 80
82 15
82 93
82 122
82 83
82 88
82 94
82 102
82 105
82 106
82 108
82 119
82 120
83 8
83 9
83 13
83 17
83 21
83 23
83 26
83 29
83 31
83 32
83 34
83 36
83 43
83 46
83 48
83 49
83 54
83 65
83 68
83 69
83 70
83 71
83 73
83 79
83 80
83 81
83 52
83 39
83 82
83 51
83 94
83 38
83 98
83 106
83 20
83 28
83 91
83 85
83 12
83 108
83 110
83 93
83 53
83 50
83 4
83 100
83 87
83 74
83 119
83 86
83 116
83 75
83 33
83 35
83 41
83 47
83 42
83 120
83 0
83 123
83 1
83 107
83 59
83 121
83 64
83 89
83 19
83 56
83 14
83 72
83 97
83 77
83 5
83 115
83 92
83 124
83 63
83 60
83 84
83 99
83 103
83 114
83 118
83 122
84 3
84 6
84 17
84 22
84 26
84 29
84 31
84 32
84 35
84 38
84 44
84 46
84 48
84 51
84 54
84 55
84 60
84 69
84 70
84 73
84 77
84 81
84 82
84 8
84 28
84 68
84 116
84 65
84 30
84 83
84 49
84 15
84 18
84 21
84 64
84 72
84 99
84 122
84 66
84 103
84 5
84 11
84 52
84 7
84 19
84 97
84 89
84 90
84 93
84 94
84 96
84 100
84 102
84 106
84 110
84 112
84 117
84 119
84 121
85 2
85 9
85 11
85 14
85 15
85 22
85 27
85 29
85 32
85 33
85 34
85 36
85 37
85 42
85 43
85 45
85 46
85 47
85 49
85 52
85 53
85 54
85 63
85 70
85 72
85 79
85 83
85 94
85 86
85 74
85 40
85 108
85 69
85 81
85 114
85 80
85 20
85 67
85 113
85 31
85 51
85 10
85 121
85 119
85 23
85 124
85 89
85 25
85 7
85 12
85 112
85 90
85 109
85 58
85 24
85 21
85 35
85 68
85 110
85 98
85 50
85 115
85 107
85 111
85 87
85 93
85 28
85 5
85 13
85 73
85 100
85 0
85 88
85 104
85 76
85 117
85 38
85 57
85 95
85 96
85 97
85 101
85 102
85 103
85 106
85 118
85 122
86 0
86 5
86 14
86 19
86 24
86 27
86 31
86 32
86 36
86 39
86 41
86 42
86 47
86 48
86 49
86 53
86 54
86 61
86 62
86 72
86 79
86 80
86 83
86 85
86 124
86 77
86 58
86 123
86 21
86 114
86 20
86 11
86 26
86 117
86 101
86 63
86 112
86 104
86 93
86 99
86 75
86 43
86 76
86 68
86 107
86 65
86 73
86 119
86 98
86 94
86 1
86 95
86 69
86 102
86 111
86 46
86 121
86 55
86 115
86 30
86 25
86 67
86 88
86 96
86 108
86 113
86 118
86 122
87 2
87 11
87 12
87 13
87 14
87 19
87 23
87 24
87 25
87 26
87 27
87 32
87 33
87 35
87 36
87 43
87 44
87 47
87 53
87 58
87 63
87 69
87 71
87 72
87 73
87 74
87 77
87 80
87 83
87 85
87 124
87 34
87 21
87 41
87 93
87 106
87 5
87 119
87 64
87 89
87 114
87 59
87 88
87 16
87 9
87 52
87 100
87 10
87 66
87 91
87 95
87 96
87 98
87 102
87 103
87 104
87 111
87 112
87 115
87 117
87 120
87 122
88 3
88 6
88 13
88 23
88 30
88 31
88 32
88 36
88 37
88 38
88 43
88 45
88 53
88 54
88 55
88 56
88 58
88 62
88 63
88 68
88 72
88 73
88 80
88 85
88 87
88 82
88 124
88 44
88 122
88 96
88 92
88 107
88 41
88 7
88 118
88 34
88 105
88 35
88 113
88 20
88 16
88 67
88 61
88 17
88 78
88 70
88 29
88 27
88 69
88 110
88 81
88 106
88 99
88 93
88 86
88 94
88 49
88 116
88 75
88 79
88 33
88 46
88 77
88 24
88 60
88 51
88 108
88 90
88 19
88 9
88 52
88 64
88 121
88 91
88 102
88 97
88 8
88 109
88 57
88 39
88 14
88 71
88 100
88 48
88 50
88 1
88 89
88 104
88 111
88 114
88 117
89 3
89 6
89 9
89 14
89 19
89 29
89 30
89 31
89 32
89 34
89 38
89 42
89 44
89 47
89 48
89 50
89 55
89 56
89 58
89 62
89 65
89 72
89 73
89 75
89 79
89 80
89 83
89 85
89 87
89 92
89 93
89 46
89 11
89 52
89 84
89 119
89 88
89 63
89 45
89 4
89 81
89 91
89 1
89 0
89 95
89 71
89 90
89 96
89 98
89 102
89 106
89 110
89 114
89 116
89 117
89 118
89 120
89 121
89 122
90 3
90 5
90 9
90 10
90 14
90 15
90 17
90 34
90 38
90 41
90 42
90 43
90 47
90 49
90 54
90 56
90 61
90 69
90 70
90 71
90 72
90 73
90 79
90 85
90 88
90 77
90 48
90 109
90 122
90 113
90 124
90 7
90 33
90 89
90 28
90 39
90 68
90 111
90 21
90 84
90 110
90 26
90 100
90 115
90 65
90 67
90 94
90 98
90 99
90 101
90 104
90 114
90 116
90 118
90 119
90 121
91 2
91 3
91 6
91 9
91 19
91 21
91 22
91 31
91 32
91 34
91 35
91 42
91 44
91 45
91 46
91 47
91 54
91 56
91 61
91 62
91 69
91 70
91 83
91 88
91 89
91 37
91 118
91 79
91 92
91 94
91 1
91 7
91 119
91 14
91 25
91 33
91 23
91 101
91 96
91 87
91 40
91 26
91 68
91 20
91 43
91 53
91 95
91 98
91 102
91 103
91 104
91 110
91 111
91 114
91 116
91 122
92 8
92 13
92 19
92 24
92 25
92 27
92 29
92 30
92 31
92 34
92 43
92 47
92 49
92 54
92 63
92 69
92 80
92 82
92 83
92 88
92 89
92 91
92 94
92 45
92 96
92 99
92 103
92 104
92 106
92 113
92 114
92 119
92 120
92 121
93 5
93 6
93 13
93 15
93 29
93 31
93 34
93 37
93 39
93 42
93 47
93 49
93 50
93 54
93 56
93 61
93 62
93 70
93 72
93 77
93 82
93 83
93 85
93 86
93 87
93 88
93 89
93 95
93 69
93 113
93 123
93 40
93 10
93 101
93 84
93 22
93 68
93 43
93 38
93 75
93 60
93 1
93 120
93 30
93 41
93 79
93 8
93 109
93 57
93 23
93 65
93 7
93 108
93 116
93 59
93 121
93 51
93 106
93 21
93 45
93 9
93 97
93 35
93 102
93 19
93 81
93 67
93 18
93 104
93 64
93 80
93 12
93 25
93 36
93 94
93 98
93 66
93 100
93 96
93 105
93 107
93 118
94 5
94 8
94 9
94 13
94 14
94 15
94 23
94 31
94 32
94 34
94 43
94 44
94 47
94 48
94 52
94 58
94 61
94 63
94 70
94 72
94 73
94 80
94 83
94 85
94 86
94 88
94 91
94 92
94 93
94 74
94 111
94 84
94 39
94 64
94 100
94 90
94 119
94 35
94 46
94 71
94 107
94 54
94 55
94 124
94 36
94 99
94 106
94 50
94 17
94 77
94 110
94 103
94 18
94 16
94 6
94 117
94 25
94 28
94 108
94 97
94 59
94 101
94 19
94 10
94 66
94 0
94 112
94 79
94 123
94 38
94 22
94 113
94 4
94 67
94 7
94 65
94 2
94 82
94 76
94 12
94 26
94 98
94 69
94 41
94 24
94 20
94 68
94 51
94 27
94 96
94 116
94 120
94 122
95 0
95 6
95 11
95 14
95 15
95 20
95 23
95 24
95 29
95 30
95 35
95 36
95 37
95 43
95 49
95 53
95 56
95 58
95 60
95 62
95 69
95 73
95 77
95 79
95 80
95 86
95 89
95 93
95 102
95 118
95 65
95 91
95 66
95 57
95 87
95 109
95 59
95 97
95 22
95 104
95 74
95 7
95 33
95 54
95 31
95 25
95 115
95 41
95 61
95 101
95 51
95 123
95 108
95 124
95 26
95 40
95 103
95 114
95 117
95 17
95 12
95 121
95 27
95 85
95 32
95 76
95 64
95 100
95 99
95 50
95 34
95 112
95 113
95 116
95 119
96 2
96 3
96 6
96 9
96 19
96 21
96 23
96 30
96 38
96 39
96 40
96 53
96 54
96 55
96 58
96 61
96 63
96 70
96 74
96 80
96 82
96 88
96 91
96 45
96 98
96 0
96 93
96 104
96 59
96 34
96 86
96 84
96 92
96 85
96 5
96 43
96 13
96 101
96 47
96 71
96 25
96 72
96 35
96 1
96 36
96 17
96 62
96 24
96 68
96 51
96 114
96 105
96 87
96 99
96 73
96 123
96 77
96 46
96 111
96 89
96 4
96 78
96 16
96 107
96 10
96 67
96 110
96 113
96 41
96 94
96 75
96 100
96 103
96 106
96 112
96 116
96 119
97 6
97 9
97 13
97 14
97 24
97 29
97 35
97 37
97 41
97 43
97 47
97 50
97 52
97 56
97 62
97 83
97 84
97 88
97 93
97 94
97 95
97 78
97 85
97 117
97 100
97 60
97 45
97 74
97 54
97 118
97 71
97 99
97 108
97 111
97 112
97 114
97 115
97 119
97 121
98 2
98 9
98 14
98 15
98 21
98 26
98 32
98 37
98 42
98 47
98 48
98 49
98 53
98 54
98 58
98 69
98 77
98 81
98 83
98 85
98 86
98 93
98 94
98 96
98 117
98 36
98 102
98 55
98 104
98 64
98 33
98 101
98 65
98 8
98 115
98 3
98 57
98 23
98 18
98 66
98 29
98 27
98 72
98 124
98 68
98 10
98 78
98 114
98 45
98 90
98 89
98 30
98 22
98 34
98 19
98 122
98 87
98 4
98 40
98 56
98 67
98 121
98 59
98 91
98 5
98 6
98 7
98 73
98 109
98 52
98 118
98 107
98 105
98 113
98 119
99 3
99 4
99 6
99 7
99 9
99 11
99 13
99 14
99 26
99 30
99 32
99 36
99 41
99 42
99 48
99 49
99 50
99 52
99 54
99 55
99 56
99 58
99 62
99 63
99 66
99 70
99 72
99 73
99 74
99 75
99 76
99 77
99 84
99 86
99 88
99 94
99 95
99 96
99 90
99 68
99 108
99 59
99 12
99 44
99 103
99 67
99 57
99 92
99 29
99 2
99 15
99 115
99 83
99 20
99 53
99 35
99 5
99 106
99 10
99 104
99 111
99 22
99 117
99 28
99 51
99 97
99 34
99 45
99 21
99 110
99 18
99 64
99 78
99 119
99 31
99 102
99 107
99 114
99 118
99 120
100 5
100 15
100 23
100 26
100 29
100 30
100 31
100 34
100 35
100 42
100 47
100 48
100 54
100 63
100 69
100 74
100 79
100 81
100 83
100 85
100 87
100 88
100 90
100 93
100 94
100 95
100 97
100 55
100 20
100 108
100 114
100 51
100 2
100 122
100 105
100 50
100 65
100 101
100 3
100 18
100 22
100 117
100 9
100 61
100 109
100 66
100 53
100 8
100 19
100 25
100 59
100 84
100 33
100 39
100 96
100 121
100 49
100 17
100 67
100 7
100 12
100 41
100 64
100 80
100 70
100 113
100 37
100 102
100 103
100 104
100 106
100 111
100 115
100 116
100 119
101 3
101 5
101 8
101 14
101 15
101 17
101 18
101 19
101 23
101 26
101 29
101 30
101 33
101 38
101 41
101 45
101 47
101 49
101 54
101 55
101 56
101 61
101 73
101 79
101 80
101 81
101 82
101 86
101 91
101 93
101 94
101 95
101 96
101 98
101 100
101 24
101 48
101 115
101 32
101 60
101 68
101 122
101 58
101 64
101 63
101 85
101 10
101 116
101 107
101 43
101 112
101 2
101 53
101 71
101 69
101 103
101 106
101 90
101 31
101 0
101 111
101 108
101 46
101 76
101 12
101 120
101 113
101 114
101 118
101 121
102 8
102 15
102 18
102 22
102 23
102 24
102 25
102 26
102 29
102 30
102 36
102 42
102 45
102 47
102 48
102 54
102 55
102 56
102 58
102 63
102 70
102 71
102 72
102 73
102 77
102 80
102 86
102 88
102 93
102 95
102 98
102 7
102 82
102 16
102 81
102 89
102 13
102 11
102 57
102 40
102 32
102 100
102 2
102 121
102 87
102 64
102 107
102 4
102 65
102 91
102 112
102 3
102 85
102 84
102 103
102 28
102 10
102 33
102 68
102 31
102 79
102 99
102 119
102 0
102 104
102 113
102 114
102 116
102 118
102 122
103 1
103 2
103 3
103 6
103 9
103 12
103 14
103 17
103 18
103 22
103 24
103 29
103 33
103 35
103 41
103 42
103 43
103 45
103 48
103 49
103 54
103 55
103 59
103 62
103 69
103 70
103 71
103 72
103 73
103 84
103 94
103 95
103 99
103 101
103 102
103 36
103 8
103 92
103 81
103 46
103 11
103 85
103 123
103 26
103 79
103 91
103 61
103 100
103 87
103 109
103 20
103 21
103 74
103 110
103 60
103 58
103 64
103 37
103 106
103 80
103 32
103 117
103 96
103 83
103 77
103 50
103 114
103 111
103 112
103 116
104 5
104 6
104 8
104 9
104 14
104 16
104 19
104 21
104 22
104 24
104 29
104 31
104 36
104 37
104 41
104 42
104 44
104 45
104 46
104 49
104 53
104 56
104 62
104 65
104 67
104 68
104 69
104 70
104 72
104 74
104 79
104 80
104 81
104 82
104 85
104 86
104 93
104 95
104 96
104 98
104 99
104 63
104 100
104 77
104 59
104 90
104 102
104 50
104 33
104 87
104 109
104 34
104 58
104 15
104 106
104 26
104 76
104 91
104 39
104 112
104 43
104 52
104 48
104 88
104 25
104 23
104 3
104 40
104 111
104 107
104 108
104 92
104 54
104 114
104 117
104 119
104 122
105 3
105 4
105 10
105 13
105 15
105 29
105 31
105 34
105 35
105 37
105 40
105 45
105 49
105 50
105 53
105 54
105 79
105 80
105 88
105 96
105 98
105 100
105 65
105 113
105 72
105 118
105 110
105 12
105 8
105 82
105 39
105 93
105 66
105 56
105 21
105 61
105 116
105 20
105 52
105 106
105 112
105 115
105 122
106 5
106 8
106 9
106 27
106 28
106 29
106 34
106 39
106 40
106 41
106 43
106 44
106 47
106 48
106 54
106 58
106 69
106 72
106 80
106 83
106 87
106 88
106 93
106 94
106 99
106 101
106 103
106 104
106 92
106 50
106 59
106 120
106 84
106 89
106 57
106 46
106 26
106 10
106 32
106 63
106 11
106 66
106 3
106 2
106 100
106 111
106 73
106 77
106 4
106 113
106 117
106 52
106 42
106 6
106 119
106 85
106 81
106 65
106 19
106 114
106 96
106 51
106 21
106 121
106 22
106 14
106 105
106 45
106 110
106 16
106 23
106 82
106 108
106 61
106 49
106 74
106 123
106 109
106 116
107 3
107 6
107 14
107 15
107 21
107 24
107 38
107 39
107 44
107 54
107 58
107 73
107 77
107 79
107 80
107 83
107 85
107 86
107 88
107 94
107 96
107 98
107 101
107 102
107 104
107 118
107 23
107 19
107 119
107 49
107 109
107 117
107 121
107 8
107 16
107 42
107 93
107 30
107 29
107 5
107 48
107 111
107 59
107 40
107 99
107 67
107 51
107 124
107 122
107 123
108 5
108 13
108 14
108 19
108 20
108 29
108 30
108 31
108 36
108 47
108 49
108 53
108 54
108 62
108 68
108 69
108 70
108 74
108 79
108 83
108 85
108 88
108 93
108 94
108 95
108 99
108 100
108 101
108 104
108 106
108 24
108 86
108 97
108 78
108 8
108 58
108 33
108 9
108 51
108 40
108 11
108 25
108 82
108 3
108 80
108 113
108 116
109 2
109 4
109 5
109 8
109 11
109 13
109 14
109 15
109 23
109 29
109 30
109 31
109 42
109 43
109 45
109 49
109 50
109 51
109 53
109 55
109 56
109 58
109 62
109 63
109 69
109 70
109 72
109 73
109 74
109 75
109 82
109 85
109 88
109 90
109 93
109 95
109 98
109 100
109 103
109 104
109 107
109 16
109 26
109 34
109 35
109 111
109 7
109 6
109 106
109 114
109 115
109 116
109 118
109 119
110 2
110 3
110 6
110 12
110 15
110 17
110 22
110 26
110 37
110 42
110 43
110 44
110 45
110 46
110 48
110 61
110 63
110 66
110 69
110 73
110 74
110 83
110 85
110 88
110 90
110 94
110 96
110 99
110 103
110 105
110 106
110 41
110 31
110 9
110 70
110 84
110 18
110 124
110 62
110 75
110 59
110 52
110 4
110 54
110 111
110 89
110 91
110 56
110 113
110 114
110 119
110 122
111 0
111 3
111 4
111 6
111 15
111 18
111 21
111 23
111 26
111 27
111 30
111 31
111 32
111 33
111 35
111 37
111 38
111 41
111 45
111 47
111 53
111 54
111 56
111 57
111 58
111 61
111 62
111 65
111 69
111 73
111 74
111 79
111 80
111 85
111 86
111 90
111 94
111 96
111 99
111 101
111 104
111 106
111 107
111 109
111 110
111 87
111 121
111 59
111 46
111 63
111 97
111 103
111 19
111 75
111 123
111 10
111 100
111 24
111 60
111 112
111 40
111 122
111 11
111 22
111 44
111 88
111 64
111 52
111 39
111 42
111 2
111 67
111 1
111 55
111 77
111 49
111 81
111 91
111 116
111 118
111 119
112 11
112 15
112 28
112 34
112 35
112 41
112 42
112 43
112 44
112 46
112 49
112 53
112 58
112 61
112 62
112 63
112 65
112 69
112 70
112 73
112 85
112 86
112 94
112 101
112 102
112 104
112 111
112 87
112 59
112 33
112 52
112 95
112 12
112 45
112 56
112 96
112 32
112 97
112 0
112 13
112 67
112 103
112 76
112 40
112 51
112 10
112 105
112 75
112 84
112 2
112 68
112 121
112 23
112 81
112 55
112 38
112 114
112 115
112 119
112 122
113 2
113 3
113 6
113 12
113 18
113 19
113 22
113 24
113 28
113 34
113 37
113 38
113 44
113 47
113 48
113 54
113 63
113 65
113 69
113 73
113 77
113 85
113 88
113 90
113 93
113 94
113 96
113 100
113 105
113 106
113 7
113 30
113 78
113 74
113 51
113 13
113 66
113 86
113 102
113 10
113 14
113 9
113 115
113 110
113 49
113 79
113 5
113 16
113 1
113 15
113 57
113 20
113 52
113 124
113 33
113 42
113 80
113 36
113 45
113 8
113 76
113 92
113 95
113 40
113 17
113 0
113 119
113 59
113 56
113 43
113 70
113 120
113 23
113 108
113 61
113 98
113 39
113 26
113 72
113 101
113 35
113 67
113 114
114 2
114 3
114 14
114 29
114 34
114 36
114 37
114 43
114 48
114 49
114 50
114 53
114 54
114 58
114 63
114 67
114 71
114 72
114 73
114 74
114 79
114 82
114 85
114 86
114 87
114 95
114 96
114 98
114 100
114 103
114 106
114 42
114 10
114 0
114 59
114 101
114 83
114 121
114 39
114 110
114 118
114 90
114 123
114 26
114 64
114 8
114 102
114 38
114 81
114 104
114 47
114 51
114 9
114 60
114 30
114 70
114 92
114 116
114 55
114 13
114 5
114 109
114 61
114 113
114 57
114 22
114 18
114 91
114 89
114 97
114 75
114 69
114 122
114 119
114 28
114 45
114 41
114 80
114 88
114 99
114 33
114 32
114 120
114 16
114 117
114 76
114 124
114 21
114 6
114 112
114 12
114 24
115 4
115 6
115 8
115 9
115 18
115 19
115 21
115 22
115 25
115 29
115 31
115 32
115 34
115 35
115 36
115 38
115 44
115 45
115 46
115 49
115 50
115 54
115 63
115 68
115 69
115 70
115 74
115 79
115 83
115 85
115 86
115 90
115 95
115 98
115 99
115 101
115 113
115 116
115 16
115 26
115 57
115 77
115 14
115 112
115 80
115 97
115 24
115 2
115 3
115 71
115 117
115 100
115 33
115 87
115 13
115 65
115 109
115 105
115 118
115 119
116 2
116 3
116 4
116 13
116 14
116 17
116 22
116 23
116 26
116 27
116 30
116 31
116 34
116 36
116 37
116 43
116 49
116 50
116 53
116 55
116 58
116 62
116 68
116 70
116 73
116 74
116 80
116 83
116 84
116 88
116 93
116 101
116 105
116 114
116 115
116 11
116 109
116 28
116 20
116 38
116 0
116 95
116 52
116 6
116 32
116 76
116 19
116 7
116 118
116 90
116 77
116 9
116 106
116 10
116 24
116 8
116 16
116 123
116 45
116 1
116 102
116 66
116 121
116 75
116 79
116 100
116 21
116 117
116 46
116 103
116 51
116 122
116 42
116 89
116 64
116 91
116 60
116 61
116 57
116 39
116 40
116 69
116 65
116 96
116 56
116 29
116 15
116 108
116 94
116 71
116 44
116 111
116 72
116 12
116 63
116 119
117 2
117 3
117 5
117 6
117 8
117 21
117 25
117 26
117 27
117 32
117 34
117 35
117 41
117 43
117 49
117 53
117 54
117 58
117 62
117 63
117 69
117 70
117 82
117 85
117 86
117 94
117 95
117 97
117 98
117 99
117 100
117 103
117 106
117 107
117 114
117 115
117 116
117 55
117 17
117 23
117 79
117 123
117 7
117 24
117 89
117 20
117 104
117 48
117 33
117 122
117 16
117 88
117 57
117 87
117 30
117 84
117 65
117 4
117 120
118 6
118 15
118 18
118 26
118 27
118 32
118 33
118 36
118 37
118 41
118 48
118 53
118 58
118 62
118 69
118 70
118 72
118 73
118 81
118 88
118 91
118 95
118 97
118 98
118 105
118 107
118 114
118 116
118 101
118 0
118 46
118 76
118 79
118 57
118 31
118 54
118 43
118 64
118 119
118 40
118 86
118 90
118 44
118 85
118 60
118 89
118 93
118 3
118 78
118 71
118 66
118 12
118 111
118 2
118 115
118 1
118 42
118 61
118 109
118 5
118 49
118 83
118 8
118 99
118 11
118 102
119 2
119 8
119 9
119 13
119 14
119 17
119 22
119 23
119 24
119 25
119 29
119 32
119 35
119 41
119 42
119 43
119 46
119 47
119 50
119 58
119 60
119 62
119 68
119 69
119 73
119 77
119 83
119 85
119 86
119 87
119 89
119 91
119 94
119 99
119 102
119 106
119 107
119 113
119 114
119 118
119 55
119 115
119 116
119 18
119 33
119 20
119 104
119 51
119 90
119 98
119 92
119 124
119 79
119 5
119 70
119 38
119 30
119 48
119 26
119 64
119 71
119 16
119 53
119 121
119 67
119 110
119 49
119 36
119 84
119 122
119 0
119 95
119 123
119 82
119 1
119 65
119 34
119 112
119 27
119 72
119 81
119 111
119 7
119 100
119 57
119 66
119 61
119 3
119 39
119 10
119 54
119 96
119 11
119 15
119 44
119 109
119 97
119 75
119 21
119 45
119 4
119 120
120 6
120 9
120 13
120 14
120 15
120 19
120 22
120 33
120 44
120 48
120 49
120 55
120 58
120 62
120 69
120 72
120 83
120 93
120 101
120 106
120 113
120 114
120 41
120 77
120 38
120 1
120 67
120 61
120 123
120 71
120 36
120 32
120 12
120 92
120 68
120 99
120 10
120 80
120 87
120 5
120 17
120 54
120 75
120 29
120 79
120 117
120 119
120 53
120 89
120 94
120 82
120 37
120 34
121 3
121 4
121 9
121 13
121 15
121 19
121 22
121 23
121 24
121 26
121 27
121 29
121 30
121 33
121 35
121 41
121 42
121 43
121 53
121 55
121 56
121 63
121 65
121 69
121 70
121 73
121 80
121 83
121 85
121 86
121 88
121 93
121 95
121 98
121 100
121 102
121 106
121 107
121 111
121 112
121 114
121 116
121 119
121 68
121 10
121 74
121 32
121 97
121 92
121 1
121 84
121 89
121 101
121 81
121 40
121 11
121 90
121 50
122 3
122 6
122 10
122 17
122 19
122 24
122 27
122 29
122 33
122 38
122 39
122 43
122 47
122 62
122 63
122 65
122 66
122 72
122 73
122 79
122 82
122 84
122 88
122 90
122 98
122 100
122 101
122 111
122 114
122 116
122 117
122 119
122 102
122 1
122 55
122 60
122 107
122 87
122 9
122 42
122 46
122 56
122 110
122 40
122 86
122 41
122 83
122 8
122 25
122 89
122 112
122 49
122 85
122 37
122 31
122 91
122 104
122 124
122 94
122 76
122 44
122 34
122 11
122 28
122 7
122 45
122 51
122 78
122 15
122 74
122 54
122 70
122 53
122 0
122 105
123 2
123 6
123 13
123 14
123 15
123 22
123 25
123 28
123 29
123 35
123 38
123 43
123 44
123 48
123 56
123 59
123 61
123 62
123 65
123 66
123 68
123 70
123 79
123 83
123 86
123 93
123 94
123 95
123 96
123 103
123 106
123 111
123 114
123 116
123 117
123 119
123 120
123 55
123 64
123 16
123 4
123 107
123 23
123 46
123 49
123 20
124 0
124 3
124 4
124 5
124 13
124 17
124 27
124 30
124 31
124 32
124 34
124 35
124 42
124 44
124 48
124 52
124 54
124 56
124 57
124 58
124 62
124 65
124 70
124 71
124 73
124 74
124 79
124 80
124 83
124 85
124 86
124 87
124 88
124 90
124 94
124 95
124 98
124 107
124 110
124 113
124 114
124 119
124 122
124 11
124 19
