125
0 89
0 108
0 109
0 59
0 114
0 91
0 17
0 112
0 37
0 18
0 13
0 27
0 69
0 71
0 123
0 113
0 124
0 98
0 29
0 19
0 4
0 2
0 105
0 65
0 52
0 54
0 103
0 46
0 74
0 26
0 84
0 60
0 48
0 55
0 68
0 3
0 6
0 118
0 49
0 34
0 90
0 85
0 31
0 24
0 5
0 14
0 20
0 22
0 23
0 25
0 33
0 38
0 39
0 44
0 47
0 51
0 56
0 61
0 63
0 73
0 82
0 88
0 92
0 93
0 94
0 97
0 100
0 101
0 104
0 107
0 110
0 119
0 120
0 121
1 47
1 86
1 45
1 92
1 27
1 107
1 32
1 101
1 25
1 6
1 30
1 89
1 15
1 7
1 60
1 76
1 84
1 74
1 14
1 96
1 65
1 78
1 120
1 70
1 17
1 69
1 110
1 54
1 26
1 38
1 98
1 4
1 83
1 5
1 64
1 80
1 50
1 85
1 9
1 2
1 57
1 43
1 19
1 18
1 36
1 91
1 49
1 11
1 59
1 114
1 122
1 41
1 52
1 10
1 12
1 13
1 21
1 24
1 29
1 33
1 34
1 61
1 71
1 72
1 88
1 94
1 99
1 104
1 105
1 106
1 111
1 113
1 124
2 0
2 1
2 76
2 23
2 29
2 71
2 66
2 92
2 64
2 102
2 46
2 22
2 41
2 3
2 68
2 89
2 74
2 53
2 54
2 95
2 62
2 67
2 10
2 83
2 116
2 75
2 120
2 59
2 85
2 15
2 60
2 107
2 97
2 11
2 30
2 39
2 103
2 9
2 44
2 45
2 122
2 86
2 19
2 69
2 27
2 80
2 77
2 109
2 118
2 124
2 26
2 87
2 105
2 114
2 123
2 63
2 8
2 94
2 50
2 12
2 100
2 101
2 4
2 13
2 17
2 25
2 28
2 33
2 34
2 36
2 37
2 57
2 65
2 81
2 82
2 90
2 91
2 93
2 98
2 110
2 113
2 119
3 0
3 2
3 25
3 37
3 5
3 53
3 4
3 88
3 123
3 104
3 99
3 100
3 111
3 113
3 73
3 80
3 10
3 34
3 58
3 35
3 8
3 54
3 109
3 89
3 76
3 79
3 98
3 82
3 115
3 23
3 60
3 118
3 49
3 64
3 61
3 14
3 102
3 12
3 17
3 6
3 11
3 13
3 16
3 18
3 20
3 24
3 28
3 30
3 38
3 50
3 51
3 56
3 57
3 65
3 67
3 68
3 74
3 86
3 87
3 90
3 92
3 97
3 101
3 105
3 107
3 110
3 117
3 119
3 121
3 124
4 0
4 1
4 3
4 84
4 116
4 39
4 85
4 64
4 101
4 38
4 111
4 66
4 75
4 49
4 63
4 23
4 60
4 45
4 8
4 43
4 97
4 80
4 55
4 102
4 59
4 100
4 83
4 14
4 5
4 17
4 36
4 115
4 96
4 123
4 35
4 42
4 2
4 18
4 12
4 6
4 7
4 9
4 19
4 21
4 24
4 26
4 44
4 48
4 57
4 68
4 70
4 73
4 81
4 82
4 87
4 89
4 98
4 105
4 113
4 118
4 120
4 121
4 124
5 1
5 3
5 4
5 0
5 55
5 74
5 78
5 101
5 91
5 80
5 47
5 82
5 81
5 119
5 88
5 17
5 6
5 8
5 9
5 12
5 13
5 14
5 22
5 31
5 37
5 46
5 53
5 57
5 60
5 71
5 84
5 85
5 98
5 113
5 114
5 115
5 117
5 118
5 121
5 123
5 124
6 0
6 1
6 86
6 77
6 37
6 113
6 12
6 65
6 89
6 124
6 49
6 67
6 60
6 117
6 34
6 29
6 40
6 46
6 73
6 45
6 115
6 107
6 87
6 11
6 80
6 110
6 28
6 66
6 14
6 98
6 92
6 106
6 118
6 5
6 38
6 8
6 3
6 78
6 4
6 20
6 35
6 16
6 84
6 42
6 48
6 17
6 122
6 47
6 32
6 74
6 96
6 25
6 15
6 22
6 30
6 43
6 63
6 68
6 71
6 72
6 85
6 88
6 90
6 97
6 99
6 100
6 101
6 104
6 108
6 109
6 114
6 121
6 123
7 1
7 81
7 57
7 22
7 40
7 25
7 123
7 4
7 38
7 45
7 89
7 100
7 17
7 26
7 30
7 41
7 42
7 44
7 46
7 47
7 49
7 53
7 54
7 56
7 58
7 60
7 63
7 71
7 73
7 74
7 76
7 84
7 85
7 86
7 88
7 92
7 96
7 101
7 104
7 107
7 109
7 114
7 118
7 119
7 121
7 122
7 124
8 2
8 3
8 4
8 6
8 93
8 25
8 121
8 116
8 75
8 59
8 110
8 51
8 92
8 12
8 13
8 63
8 84
8 11
8 16
8 36
8 28
8 5
8 81
8 15
8 83
8 120
8 9
8 26
8 27
8 29
8 31
8 34
8 35
8 38
8 44
8 46
8 53
8 54
8 57
8 58
8 60
8 61
8 69
8 72
8 73
8 74
8 87
8 88
8 94
8 97
8 98
8 105
8 106
8 107
8 113
8 114
8 118
8 119
9 1
9 2
9 8
9 79
9 5
9 106
9 117
9 65
9 69
9 91
9 43
9 27
9 83
9 52
9 40
9 96
9 25
9 60
9 88
9 4
9 23
9 110
9 55
9 124
9 90
9 67
9 122
9 77
9 115
9 87
9 108
9 121
9 104
9 29
9 15
9 54
9 102
9 39
9 53
9 44
9 114
9 24
9 61
9 92
9 75
9 42
9 16
9 17
9 22
9 28
9 31
9 32
9 37
9 47
9 56
9 64
9 73
9 74
9 80
9 81
9 82
9 89
9 97
9 99
9 100
9 105
9 107
9 109
9 116
9 119
9 120
9 123
10 2
10 3
10 29
10 23
10 64
10 97
10 88
10 106
10 68
10 33
10 70
10 87
10 21
10 1
10 119
10 11
10 12
10 13
10 17
10 18
10 30
10 31
10 32
10 35
10 48
10 49
10 51
10 53
10 55
10 57
10 66
10 69
10 73
10 74
10 75
10 81
10 90
10 92
10 98
10 104
10 105
10 108
10 113
10 114
10 118
10 120
10 124
11 1
11 2
11 6
11 8
11 55
11 57
11 34
11 30
11 95
11 82
11 91
11 96
11 78
11 104
11 37
11 39
11 105
11 14
11 26
11 60
11 51
11 98
11 73
11 58
11 40
11 114
11 93
11 64
11 113
11 49
11 50
11 71
11 25
11 10
11 3
11 63
11 122
11 38
11 68
11 12
11 13
11 20
11 22
11 43
11 44
11 46
11 52
11 54
11 61
11 76
11 81
11 86
11 88
11 92
11 100
11 101
11 106
11 107
11 110
11 116
11 118
11 119
11 120
11 121
11 123
12 2
12 3
12 4
12 6
12 8
12 16
12 20
12 109
12 14
12 118
12 50
12 69
12 60
12 78
12 35
12 28
12 45
12 117
12 40
12 83
12 121
12 99
12 1
12 5
12 37
12 48
12 89
12 111
12 25
12 115
12 11
12 119
12 97
12 49
12 77
12 82
12 79
12 72
12 102
12 15
12 32
12 39
12 103
12 67
12 108
12 41
12 17
12 10
12 96
12 43
12 36
12 110
12 44
12 19
12 30
12 91
12 18
12 42
12 51
12 54
12 56
12 57
12 58
12 62
12 63
12 66
12 73
12 76
12 81
12 85
12 92
12 98
12 100
12 106
12 113
12 123
13 0
13 8
13 102
13 86
13 41
13 113
13 57
13 32
13 47
13 29
13 108
13 25
13 95
13 93
13 61
13 121
13 75
13 15
13 59
13 123
13 104
13 5
13 51
13 97
13 30
13 34
13 28
13 3
13 66
13 65
13 100
13 14
13 54
13 79
13 101
13 77
13 88
13 58
13 71
13 98
13 1
13 90
13 35
13 2
13 112
13 21
13 103
13 11
13 116
13 119
13 64
13 80
13 10
13 24
13 17
13 18
13 20
13 22
13 23
13 26
13 31
13 37
13 43
13 44
13 48
13 53
13 56
13 60
13 68
13 76
13 78
13 81
13 84
13 85
13 91
13 92
13 114
13 117
13 118
13 124
14 1
14 3
14 4
14 6
14 11
14 12
14 13
14 31
14 37
14 73
14 40
14 85
14 117
14 83
14 108
14 77
14 119
14 46
14 113
14 39
14 50
14 97
14 61
14 5
14 98
14 69
14 60
14 58
14 49
14 63
14 23
14 112
14 16
14 59
14 0
14 82
14 51
14 106
14 76
14 55
14 32
14 24
14 105
14 100
14 102
14 26
14 30
14 15
14 72
14 92
14 79
14 47
14 115
14 67
14 17
14 20
14 22
14 28
14 29
14 33
14 34
14 35
14 38
14 66
14 71
14 78
14 81
14 101
14 104
14 114
14 116
14 120
14 123
14 124
15 1
15 2
15 8
15 9
15 12
15 13
15 14
15 68
15 108
15 40
15 49
15 115
15 45
15 124
15 59
15 81
15 48
15 109
15 92
15 101
15 72
15 25
15 38
15 24
15 86
15 53
15 17
15 97
15 99
15 111
15 27
15 121
15 30
15 107
15 6
15 82
15 63
15 36
15 18
15 74
15 96
15 61
15 52
15 106
15 119
15 98
15 28
15 29
15 31
15 32
15 34
15 47
15 51
15 69
15 71
15 73
15 77
15 80
15 87
15 89
15 90
15 100
15 104
15 113
15 120
15 123
16 6
16 8
16 12
16 14
16 69
16 28
16 93
16 57
16 122
16 98
16 103
16 112
16 3
16 101
16 9
16 56
16 73
16 120
16 104
16 67
16 22
16 76
16 102
16 40
16 108
16 17
16 20
16 30
16 31
16 33
16 34
16 35
16 36
16 43
16 47
16 48
16 53
16 54
16 61
16 72
16 75
16 85
16 89
16 97
16 99
16 100
16 105
16 106
16 107
16 109
16 113
16 118
16 123
16 124
17 0
17 1
17 3
17 4
17 5
17 6
17 12
17 13
17 14
17 15
17 41
17 105
17 57
17 64
17 52
17 84
17 101
17 115
17 44
17 65
17 77
17 28
17 49
17 74
17 85
17 35
17 99
17 80
17 71
17 53
17 114
17 119
17 46
17 61
17 43
17 50
17 38
17 29
17 70
17 7
17 36
17 112
17 96
17 63
17 76
17 24
17 109
17 10
17 83
17 86
17 37
17 40
17 51
17 118
17 97
17 9
17 116
17 110
17 47
17 91
17 20
17 104
17 107
17 78
17 88
17 82
17 25
17 2
17 16
17 113
17 32
17 18
17 23
17 26
17 30
17 33
17 54
17 56
17 62
17 87
17 90
17 92
17 106
17 117
17 120
17 121
18 0
18 1
18 4
18 15
18 120
18 28
18 40
18 30
18 73
18 25
18 26
18 108
18 12
18 49
18 54
18 97
18 110
18 43
18 102
18 71
18 23
18 17
18 19
18 76
18 34
18 31
18 3
18 57
18 113
18 29
18 103
18 52
18 13
18 24
18 10
18 35
18 60
18 68
18 72
18 74
18 85
18 86
18 90
18 91
18 92
18 96
18 98
18 100
18 106
18 109
18 114
18 118
18 119
18 121
18 123
18 124
19 0
19 1
19 2
19 12
19 18
19 68
19 58
19 115
19 4
19 77
19 80
19 57
19 94
19 61
19 79
19 50
19 121
19 111
19 21
19 23
19 25
19 34
19 40
19 44
19 47
19 54
19 60
19 63
19 72
19 84
19 86
19 87
19 89
19 91
19 96
19 97
19 104
19 105
19 106
19 107
19 108
19 110
19 122
20 6
20 12
20 17
20 22
20 52
20 25
20 116
20 46
20 45
20 43
20 79
20 70
20 14
20 53
20 95
20 76
20 38
20 98
20 92
20 36
20 13
20 11
20 51
20 73
20 77
20 31
20 93
20 69
20 99
20 49
20 0
20 108
20 72
20 3
20 16
20 119
20 54
20 96
20 105
20 32
20 106
20 39
20 56
20 75
20 27
20 30
20 23
20 24
20 33
20 34
20 57
20 58
20 60
20 63
20 71
20 74
20 80
20 82
20 85
20 86
20 87
20 88
20 90
20 91
20 97
20 100
20 104
20 107
20 109
20 113
20 118
20 122
20 124
21 10
21 13
21 19
21 56
21 34
21 1
21 4
21 113
21 65
21 22
21 29
21 35
21 37
21 39
21 46
21 48
21 49
21 54
21 57
21 60
21 61
21 66
21 69
21 72
21 73
21 77
21 78
21 90
21 91
21 95
21 97
21 98
21 100
21 101
21 105
21 107
21 114
21 117
21 119
21 123
21 124
22 2
22 7
22 16
22 20
22 96
22 5
22 101
22 6
22 14
22 40
22 0
22 113
22 11
22 106
22 84
22 21
22 92
22 121
22 44
22 103
22 9
22 71
22 34
22 13
22 87
22 63
22 91
22 32
22 88
22 30
22 25
22 107
22 112
22 23
22 28
22 35
22 37
22 43
22 51
22 52
22 53
22 55
22 56
22 60
22 61
22 67
22 70
22 74
22 76
22 77
22 89
22 90
22 100
22 105
22 114
22 118
22 119
22 120
22 122
23 2
23 3
23 4
23 9
23 10
23 14
23 18
23 86
23 0
23 112
23 123
23 66
23 49
23 79
23 26
23 53
23 19
23 43
23 60
23 51
23 55
23 25
23 34
23 103
23 29
23 13
23 77
23 32
23 22
23 96
23 54
23 110
23 31
23 30
23 80
23 17
23 69
23 36
23 116
23 65
23 115
23 114
23 113
23 35
23 20
23 44
23 46
23 48
23 56
23 57
23 58
23 61
23 68
23 70
23 71
23 82
23 85
23 88
23 92
23 94
23 97
23 101
23 106
23 118
23 120
23 121
23 124
24 0
24 9
24 13
24 14
24 15
24 17
24 18
24 49
24 54
24 20
24 57
24 4
24 116
24 51
24 47
24 30
24 60
24 117
24 29
24 1
24 52
24 119
24 3
24 63
24 95
24 70
24 25
24 97
24 71
24 121
24 58
24 103
24 53
24 87
24 122
24 34
24 110
24 85
24 77
24 74
24 59
24 73
24 33
24 26
24 28
24 35
24 48
24 56
24 79
24 86
24 90
24 91
24 98
24 99
24 101
24 113
24 118
24 120
24 123
24 124
25 1
25 3
25 6
25 7
25 8
25 9
25 11
25 12
25 13
25 15
25 17
25 18
25 20
25 22
25 23
25 24
25 19
25 56
25 80
25 58
25 60
25 31
25 123
25 73
25 116
25 117
25 40
25 70
25 52
25 75
25 55
25 119
25 122
25 124
25 67
25 2
25 0
25 48
25 26
25 105
25 43
25 76
25 89
25 109
25 100
25 27
25 106
25 64
25 91
25 102
25 45
25 33
25 51
25 66
25 72
25 112
25 37
25 71
25 49
25 78
25 107
25 28
25 86
25 103
25 41
25 36
25 42
25 44
25 47
25 54
25 57
25 61
25 74
25 87
25 88
25 90
25 97
25 98
25 113
25 118
25 120
26 0
26 1
26 2
26 11
26 14
26 18
26 23
26 25
26 17
26 120
26 90
26 116
26 52
26 61
26 43
26 82
26 38
26 53
26 97
26 48
26 83
26 105
26 84
26 7
26 95
26 62
26 75
26 69
26 27
26 109
26 106
26 49
26 66
26 77
26 39
26 4
26 13
26 96
26 24
26 99
26 46
26 112
26 57
26 50
26 68
26 60
26 55
26 8
26 100
26 72
26 113
26 118
26 110
26 64
26 78
26 88
26 33
26 101
26 28
26 30
26 31
26 32
26 45
26 51
26 58
26 80
26 86
26 89
26 92
26 98
26 104
26 108
26 111
26 117
26 121
26 123
27 0
27 1
27 2
27 9
27 15
27 20
27 25
27 26
27 8
27 66
27 32
27 34
27 37
27 42
27 48
27 55
27 57
27 60
27 63
27 65
27 67
27 68
27 69
27 73
27 74
27 77
27 81
27 84
27 85
27 88
27 90
27 92
27 98
27 99
27 100
27 101
27 104
27 114
27 115
28 6
28 8
28 12
28 13
28 16
28 17
28 18
28 25
28 105
28 118
28 119
28 51
28 115
28 35
28 50
28 2
28 63
28 15
28 24
28 37
28 73
28 97
28 96
28 36
28 121
28 9
28 123
28 124
28 85
28 107
28 77
28 114
28 41
28 55
28 117
28 26
28 78
28 59
28 113
28 122
28 82
28 94
28 3
28 108
28 14
28 53
28 70
28 84
28 54
28 68
28 46
28 91
28 56
28 49
28 29
28 22
28 111
28 89
28 57
28 38
28 72
28 81
28 64
28 40
28 44
28 86
28 30
28 32
28 42
28 43
28 69
28 71
28 76
28 80
28 90
28 98
28 99
28 106
28 120
29 0
29 2
29 6
29 9
29 10
29 13
29 17
29 18
29 23
29 24
29 28
29 66
29 14
29 90
29 93
29 71
29 79
29 112
29 77
29 55
29 103
29 116
29 92
29 37
29 99
29 51
29 81
29 8
29 1
29 106
29 59
29 74
29 21
29 49
29 73
29 83
29 124
29 88
29 53
29 15
29 109
29 62
29 87
29 31
29 35
29 38
29 43
29 44
29 61
29 63
29 65
29 72
29 80
29 98
29 100
29 102
29 104
29 105
29 107
29 113
29 114
29 117
29 118
29 120
29 123
30 1
30 2
30 11
30 12
30 13
30 14
30 15
30 18
30 20
30 22
30 23
30 24
30 115
30 16
30 112
30 61
30 111
30 72
30 10
30 98
30 113
30 84
30 75
30 120
30 37
30 91
30 6
30 43
30 68
30 117
30 41
30 97
30 7
30 79
30 28
30 89
30 33
30 124
30 88
30 123
30 76
30 17
30 26
30 109
30 38
30 105
30 55
30 45
30 35
30 90
30 3
30 34
30 46
30 47
30 48
30 49
30 53
30 54
30 57
30 62
30 66
30 67
30 73
30 82
30 92
30 94
30 106
30 108
30 110
30 118
30 119
30 121
31 0
31 14
31 18
31 20
31 23
31 25
31 29
31 13
31 121
31 71
31 84
31 78
31 62
31 118
31 15
31 66
31 103
31 100
31 47
31 110
31 63
31 16
31 26
31 45
31 10
31 5
31 111
31 67
31 8
31 9
31 32
31 33
31 34
31 35
31 44
31 49
31 50
31 53
31 57
31 58
31 60
31 69
31 73
31 81
31 82
31 90
31 91
31 92
31 97
31 98
31 104
31 105
31 106
31 107
31 109
31 113
31 114
31 123
31 124
32 1
32 6
32 12
32 13
32 14
32 17
32 20
32 22
32 23
32 113
32 15
32 110
32 91
32 88
32 84
32 103
32 51
32 96
32 74
32 64
32 87
32 28
32 27
32 53
32 69
32 62
32 44
32 76
32 56
32 115
32 57
32 97
32 80
32 52
32 9
32 75
32 105
32 116
32 31
32 38
32 60
32 72
32 106
32 90
32 107
32 26
32 10
32 47
32 41
32 65
32 39
32 33
32 34
32 36
32 49
32 59
32 67
32 81
32 89
32 92
32 98
32 101
32 114
32 117
32 119
32 124
33 10
33 24
33 25
33 26
33 30
33 90
33 43
33 14
33 2
33 32
33 82
33 17
33 31
33 1
33 115
33 89
33 44
33 84
33 85
33 16
33 94
33 0
33 107
33 63
33 72
33 65
33 71
33 113
33 50
33 20
33 124
33 34
33 41
33 46
33 52
33 54
33 55
33 56
33 57
33 66
33 68
33 74
33 75
33 77
33 81
33 88
33 92
33 93
33 98
33 100
33 105
33 118
34 0
34 3
34 6
34 11
34 13
34 18
34 21
34 22
34 23
34 24
34 31
34 1
34 80
34 72
34 95
34 27
34 16
34 96
34 122
34 112
34 111
34 101
34 36
34 52
34 75
34 43
34 32
34 123
34 77
34 33
34 15
34 30
34 70
34 104
34 57
34 103
34 87
34 53
34 65
34 79
34 119
34 14
34 19
34 20
34 2
34 84
34 38
34 113
34 98
34 37
34 68
34 8
34 73
34 35
34 40
34 44
34 51
34 54
34 60
34 63
34 74
34 81
34 86
34 88
34 90
34 91
34 99
34 105
34 107
34 114
34 124
35 3
35 4
35 6
35 12
35 13
35 17
35 23
35 28
35 30
35 103
35 78
35 112
35 14
35 80
35 34
35 40
35 29
35 58
35 24
35 69
35 44
35 72
35 82
35 60
35 10
35 56
35 66
35 8
35 21
35 87
35 53
35 89
35 45
35 31
35 124
35 75
35 22
35 16
35 94
35 117
35 57
35 18
35 77
35 38
35 42
35 46
35 54
35 59
35 61
35 68
35 73
35 88
35 90
35 92
35 98
35 104
35 105
35 114
35 120
35 121
36 1
36 4
36 8
36 12
36 15
36 17
36 20
36 23
36 28
36 34
36 37
36 79
36 55
36 38
36 114
36 25
36 32
36 71
36 124
36 39
36 84
36 16
36 122
36 104
36 2
36 90
36 110
36 57
36 106
36 44
36 46
36 47
36 53
36 54
36 58
36 61
36 74
36 81
36 82
36 94
36 97
36 98
36 100
36 105
36 107
36 108
36 113
36 117
36 119
36 120
37 0
37 3
37 6
37 11
37 12
37 14
37 17
37 25
37 28
37 29
37 30
37 34
37 36
37 97
37 77
37 22
37 38
37 124
37 91
37 66
37 103
37 62
37 96
37 27
37 65
37 88
37 111
37 75
37 118
37 80
37 122
37 21
37 58
37 49
37 41
37 123
37 43
37 101
37 2
37 55
37 87
37 95
37 42
37 9
37 102
37 56
37 68
37 120
37 46
37 85
37 107
37 52
37 71
37 63
37 89
37 13
37 70
37 106
37 115
37 5
37 108
37 74
37 93
37 90
37 47
37 51
37 57
37 86
37 92
37 98
37 110
37 113
37 114
37 119
38 1
38 4
38 6
38 7
38 11
38 15
38 17
38 20
38 26
38 28
38 30
38 32
38 34
38 36
38 37
38 41
38 80
38 67
38 79
38 105
38 77
38 99
38 102
38 69
38 114
38 95
38 74
38 40
38 54
38 8
38 83
38 75
38 3
38 115
38 0
38 29
38 108
38 90
38 14
38 58
38 116
38 60
38 100
38 43
38 59
38 35
38 42
38 98
38 68
38 117
38 113
38 51
38 61
38 71
38 81
38 91
38 92
38 97
38 101
38 104
38 107
38 109
38 118
38 119
38 120
38 123
39 2
39 4
39 9
39 11
39 12
39 14
39 20
39 26
39 32
39 36
39 88
39 0
39 51
39 44
39 69
39 112
39 21
39 43
39 46
39 47
39 48
39 49
39 53
39 54
39 57
39 59
39 71
39 77
39 78
39 80
39 91
39 93
39 97
39 104
39 105
39 107
39 108
39 118
39 121
39 123
39 124
40 6
40 7
40 9
40 11
40 12
40 14
40 15
40 16
40 17
40 18
40 22
40 25
40 28
40 35
40 38
40 92
40 105
40 113
40 72
40 101
40 102
40 83
40 68
40 19
40 46
40 34
40 97
40 53
40 44
40 62
40 123
40 67
40 82
40 114
40 88
40 47
40 49
40 51
40 54
40 56
40 57
40 59
40 60
40 65
40 71
40 73
40 76
40 77
40 79
40 81
40 85
40 86
40 89
40 91
40 94
40 98
40 100
40 104
40 109
40 118
40 121
41 1
41 2
41 12
41 13
41 17
41 25
41 28
41 30
41 32
41 37
41 38
41 102
41 109
41 33
41 7
41 69
41 89
41 44
41 49
41 51
41 56
41 57
41 59
41 63
41 73
41 74
41 81
41 85
41 86
41 88
41 90
41 91
41 94
41 95
41 99
41 100
41 101
41 107
41 113
41 114
41 119
41 123
41 124
42 4
42 6
42 9
42 37
42 38
42 7
42 12
42 75
42 45
42 52
42 35
42 120
42 69
42 61
42 25
42 96
42 54
42 27
42 47
42 72
42 49
42 123
42 50
42 28
42 100
42 55
42 56
42 57
42 70
42 71
42 73
42 74
42 77
42 85
42 88
42 92
42 98
42 106
42 107
42 110
42 118
42 119
43 1
43 4
43 9
43 12
43 17
43 18
43 20
43 23
43 25
43 26
43 30
43 33
43 34
43 37
43 38
43 70
43 65
43 112
43 64
43 94
43 6
43 96
43 98
43 71
43 67
43 110
43 118
43 124
43 81
43 44
43 16
43 51
43 28
43 58
43 59
43 80
43 45
43 22
43 11
43 54
43 73
43 46
43 103
43 91
43 85
43 115
43 100
43 95
43 109
43 13
43 75
43 104
43 120
43 99
43 48
43 29
43 39
43 49
43 53
43 55
43 56
43 57
43 60
43 63
43 66
43 69
43 88
43 90
43 92
43 101
43 105
43 113
43 123
44 2
44 9
44 12
44 17
44 22
44 28
44 32
44 33
44 35
44 39
44 40
44 43
44 92
44 0
44 87
44 19
44 74
44 104
44 55
44 113
44 31
44 90
44 60
44 111
44 46
44 105
44 94
44 13
44 7
44 36
44 34
44 54
44 66
44 85
44 8
44 71
44 120
44 78
44 86
44 114
44 117
44 49
44 23
44 75
44 116
44 4
44 62
44 102
44 56
44 100
44 67
44 89
44 65
44 124
44 96
44 52
44 69
44 110
44 25
44 29
44 51
44 41
44 11
44 47
44 48
44 59
44 61
44 63
44 73
44 76
44 81
44 84
44 88
44 97
44 106
44 107
44 121
44 123
45 1
45 2
45 4
45 6
45 7
45 12
45 15
45 20
45 25
45 30
45 31
45 35
45 42
45 43
45 124
45 47
45 52
45 115
45 100
45 26
45 48
45 49
45 54
45 61
45 74
45 81
45 85
45 90
45 93
45 98
45 101
45 109
45 113
45 119
45 121
45 123
46 0
46 2
46 6
46 14
46 17
46 20
46 26
46 28
46 37
46 40
46 43
46 44
46 51
46 113
46 23
46 86
46 115
46 78
46 96
46 112
46 63
46 8
46 94
46 95
46 50
46 39
46 102
46 54
46 55
46 21
46 69
46 36
46 35
46 47
46 33
46 101
46 91
46 116
46 7
46 73
46 5
46 11
46 111
46 110
46 85
46 30
46 100
46 81
46 77
46 65
46 49
46 56
46 61
46 71
46 74
46 76
46 83
46 88
46 90
46 92
46 97
46 98
46 99
46 104
46 106
46 119
46 120
46 121
46 123
46 124
47 1
47 5
47 6
47 13
47 14
47 17
47 24
47 31
47 32
47 42
47 45
47 46
47 9
47 40
47 109
47 99
47 39
47 52
47 94
47 19
47 92
47 108
47 122
47 44
47 110
47 30
47 37
47 68
47 82
47 50
47 0
47 59
47 120
47 25
47 79
47 124
47 7
47 88
47 85
47 103
47 114
47 86
47 16
47 74
47 100
47 113
47 119
47 36
47 80
47 91
47 112
47 93
47 123
47 15
47 90
47 102
47 64
47 51
47 54
47 55
47 56
47 57
47 61
47 63
47 65
47 66
47 71
47 84
47 89
47 97
47 101
47 105
47 106
47 118
47 121
48 0
48 6
48 12
48 15
48 25
48 26
48 43
48 95
48 97
48 51
48 119
48 78
48 69
48 98
48 65
48 94
48 24
48 39
48 106
48 96
48 117
48 91
48 75
48 60
48 66
48 90
48 27
48 111
48 13
48 79
48 30
48 21
48 16
48 64
48 23
48 10
48 44
48 45
48 50
48 4
48 70
48 86
48 109
48 102
48 49
48 53
48 54
48 56
48 63
48 71
48 73
48 74
48 81
48 85
48 88
48 92
48 100
48 101
48 104
48 107
48 113
48 114
48 115
48 124
49 0
49 1
49 3
49 4
49 6
49 11
49 12
49 14
49 15
49 17
49 18
49 20
49 23
49 24
49 25
49 26
49 28
49 29
49 37
49 42
49 44
49 48
49 75
49 41
49 113
49 86
49 77
49 72
49 30
49 43
49 64
49 83
49 7
49 65
49 59
49 39
49 74
49 40
49 92
49 114
49 45
49 32
49 115
49 112
49 58
49 51
49 93
49 31
49 46
49 104
49 106
49 50
49 10
49 124
49 84
49 21
49 119
49 98
49 61
49 54
49 57
49 66
49 70
49 71
49 73
49 87
49 88
49 90
49 97
49 100
49 101
49 110
49 121
49 122
50 1
50 2
50 11
50 12
50 14
50 17
50 19
50 26
50 28
50 33
50 42
50 46
50 47
50 48
50 49
50 31
50 3
50 68
50 102
50 55
50 87
50 53
50 57
50 60
50 61
50 63
50 65
50 67
50 80
50 82
50 85
50 89
50 90
50 92
50 96
50 98
50 99
50 100
50 101
50 104
50 105
50 106
50 110
50 113
50 114
50 115
50 118
50 119
50 120
50 121
50 123
50 124
51 8
51 11
51 13
51 14
51 17
51 20
51 23
51 24
51 25
51 28
51 29
51 32
51 39
51 43
51 44
51 46
51 48
51 49
51 47
51 81
51 89
51 90
51 77
51 40
51 37
51 59
51 85
51 113
51 98
51 91
51 106
51 12
51 15
51 71
51 78
51 84
51 88
51 63
51 101
51 112
51 94
51 52
51 53
51 99
51 122
51 86
51 124
51 116
51 100
51 64
51 3
51 57
51 38
51 115
51 105
51 123
51 22
51 58
51 0
51 62
51 26
51 34
51 41
51 10
51 54
51 73
51 74
51 87
51 92
51 107
51 109
51 110
51 114
51 118
51 121
52 0
52 1
52 9
52 15
52 17
52 18
52 20
52 24
52 25
52 26
52 32
52 34
52 37
52 42
52 44
52 45
52 47
52 51
52 33
52 59
52 11
52 78
52 22
52 99
52 89
52 57
52 63
52 65
52 66
52 72
52 73
52 76
52 86
52 92
52 94
52 97
52 98
52 100
52 101
52 105
52 106
52 113
52 118
52 119
52 124
53 2
53 3
53 9
53 15
53 17
53 20
53 23
53 24
53 26
53 28
53 29
53 32
53 34
53 35
53 40
53 51
53 16
53 68
53 8
53 94
53 83
53 36
53 30
53 64
53 97
53 69
53 108
53 100
53 60
53 48
53 5
53 7
53 22
53 82
53 13
53 104
53 61
53 93
53 58
53 39
53 50
53 31
53 91
53 109
53 10
53 75
53 78
53 112
53 86
53 106
53 43
53 56
53 113
53 74
53 115
53 123
53 63
53 116
53 111
53 124
53 80
53 70
53 73
53 87
53 89
53 90
53 92
53 98
53 101
53 119
53 121
54 0
54 1
54 2
54 3
54 9
54 13
54 18
54 20
54 23
54 24
54 28
54 38
54 42
54 43
54 44
54 46
54 25
54 72
54 48
54 76
54 98
54 82
54 8
54 99
54 95
54 89
54 78
54 16
54 60
54 34
54 21
54 101
54 77
54 92
54 70
54 59
54 115
54 19
54 110
54 30
54 17
54 51
54 66
54 119
54 11
54 80
54 39
54 64
54 81
54 86
54 65
54 90
54 35
54 96
54 7
54 122
54 36
54 56
54 123
54 49
54 88
54 55
54 87
54 109
54 94
54 58
54 45
54 63
54 40
54 106
54 12
54 33
54 47
54 68
54 112
54 62
54 71
54 73
54 97
54 100
54 104
54 105
54 107
54 108
54 113
54 114
54 118
54 124
55 0
55 4
55 5
55 9
55 11
55 14
55 23
55 25
55 26
55 28
55 29
55 30
55 36
55 37
55 44
55 46
55 50
55 54
55 73
55 116
55 99
55 22
55 119
55 43
55 57
55 109
55 42
55 65
55 47
55 10
55 56
55 94
55 106
55 111
55 122
55 33
55 118
55 104
55 92
55 76
55 27
55 79
55 110
55 72
55 59
55 61
55 63
55 68
55 70
55 74
55 80
55 81
55 87
55 88
55 89
55 91
55 93
55 100
55 103
55 105
55 107
55 113
55 123
56 16
56 20
56 21
56 25
56 28
56 32
56 35
56 37
56 44
56 53
56 54
56 55
56 78
56 121
56 42
56 0
56 68
56 75
56 66
56 17
56 114
56 80
56 48
56 94
56 9
56 112
56 40
56 113
56 91
56 84
56 13
56 43
56 22
56 98
56 73
56 41
56 93
56 119
56 67
56 24
56 7
56 89
56 103
56 69
56 33
56 124
56 23
56 123
56 97
56 46
56 102
56 47
56 72
56 3
56 104
56 109
56 64
56 12
56 57
56 60
56 63
56 71
56 76
56 81
56 82
56 85
56 86
56 88
56 92
56 100
56 106
56 107
56 110
56 117
56 120
57 1
57 7
57 11
57 13
57 16
57 17
57 18
57 19
57 24
57 26
57 28
57 32
57 34
57 35
57 36
57 51
57 55
57 25
57 12
57 10
57 102
57 67
57 85
57 50
57 119
57 114
57 101
57 82
57 52
57 47
57 66
57 43
57 39
57 31
57 99
57 77
57 3
57 61
57 62
57 59
57 110
57 71
57 33
57 124
57 68
57 122
57 2
57 120
57 27
57 30
57 8
57 21
57 123
57 108
57 23
57 5
57 90
57 97
57 104
57 37
57 112
57 41
57 63
57 20
57 56
57 60
57 73
57 4
57 42
57 86
57 49
57 40
57 64
57 69
57 70
57 72
57 88
57 91
57 92
57 98
57 100
57 106
57 121
58 3
58 11
58 13
58 14
58 19
58 24
58 25
58 35
58 37
58 38
58 43
58 49
58 51
58 53
58 54
58 31
58 66
58 64
58 8
58 99
58 120
58 115
58 103
58 36
58 20
58 79
58 23
58 94
58 97
58 71
58 102
58 61
58 7
58 104
58 93
58 105
58 26
58 122
58 89
58 12
58 86
58 91
58 76
58 59
58 74
58 78
58 82
58 88
58 90
58 100
58 101
58 106
58 107
58 113
58 118
58 121
58 123
59 0
59 1
59 2
59 4
59 8
59 13
59 14
59 15
59 24
59 28
59 29
59 38
59 43
59 47
59 49
59 51
59 52
59 54
59 57
59 44
59 83
59 93
59 89
59 32
59 39
59 58
59 82
59 79
59 40
59 74
59 35
59 55
59 77
59 108
59 124
59 109
59 41
59 121
59 65
59 66
59 76
59 80
59 81
59 84
59 85
59 86
59 88
59 90
59 91
59 92
59 100
59 101
59 105
59 110
59 113
59 114
59 118
59 123
60 0
60 1
60 2
60 3
60 4
60 6
60 9
60 11
60 12
60 14
60 23
60 24
60 25
60 26
60 32
60 35
60 38
60 44
60 48
60 53
60 54
60 57
60 20
60 71
60 31
60 111
60 108
60 56
60 96
60 89
60 106
60 95
60 93
60 103
60 21
60 80
60 70
60 72
60 66
60 40
60 5
60 74
60 121
60 83
60 88
60 18
60 99
60 27
60 64
60 8
60 76
60 120
60 78
60 19
60 91
60 115
60 22
60 79
60 105
60 34
60 100
60 69
60 65
60 13
60 123
60 7
60 97
60 77
60 43
60 122
60 50
60 116
60 62
60 73
60 81
60 84
60 101
60 110
60 113
60 119
60 124
61 3
61 9
61 13
61 14
61 15
61 17
61 19
61 26
61 30
61 42
61 49
61 53
61 57
61 58
61 112
61 82
61 124
61 89
61 75
61 46
61 103
61 70
61 108
61 90
61 97
61 38
61 78
61 87
61 0
61 35
61 83
61 44
61 120
61 50
61 80
61 109
61 16
61 21
61 111
61 69
61 45
61 68
61 23
61 65
61 113
61 11
61 106
61 8
61 62
61 55
61 119
61 114
61 47
61 91
61 1
61 25
61 22
61 95
61 73
61 74
61 101
61 72
61 117
61 100
61 110
61 29
61 36
61 86
61 85
61 63
61 66
61 77
61 81
61 88
61 99
61 121
62 2
62 26
62 29
62 31
62 32
62 37
62 40
62 44
62 51
62 57
62 61
62 30
62 96
62 54
62 89
62 64
62 17
62 94
62 60
62 12
62 118
62 66
62 68
62 69
62 71
62 73
62 75
62 76
62 81
62 85
62 86
62 88
62 90
62 98
62 100
62 104
62 105
62 106
62 110
62 113
62 114
62 120
62 123
62 124
63 2
63 4
63 8
63 11
63 14
63 15
63 17
63 22
63 24
63 28
63 31
63 33
63 37
63 46
63 51
63 53
63 54
63 57
63 7
63 55
63 29
63 97
63 12
63 103
63 34
63 44
63 20
63 6
63 52
63 19
63 88
63 113
63 0
63 120
63 85
63 47
63 50
63 27
63 81
63 48
63 61
63 41
63 98
63 91
63 100
63 56
63 43
63 70
63 87
63 68
63 71
63 73
63 78
63 80
63 82
63 90
63 96
63 101
63 109
63 111
63 118
63 119
63 121
63 122
64 1
64 2
64 3
64 4
64 10
64 11
64 13
64 17
64 25
64 26
64 28
64 32
64 43
64 47
64 48
64 49
64 51
64 53
64 54
64 56
64 58
64 60
64 62
64 91
64 57
64 109
64 9
64 71
64 105
64 65
64 73
64 74
64 77
64 82
64 88
64 89
64 90
64 98
64 100
64 101
64 104
64 106
64 107
64 113
64 114
64 115
64 118
64 119
64 121
64 123
64 124
65 0
65 1
65 6
65 9
65 13
65 17
65 21
65 23
65 32
65 33
65 34
65 37
65 43
65 44
65 46
65 48
65 49
65 54
65 55
65 60
65 61
65 85
65 112
65 97
65 122
65 66
65 29
65 103
65 77
65 3
65 105
65 59
65 91
65 40
65 94
65 70
65 64
65 99
65 2
65 52
65 47
65 27
65 71
65 50
65 80
65 73
65 76
65 82
65 86
65 89
65 90
65 92
65 98
65 100
65 106
65 108
65 113
65 114
65 118
65 120
65 123
66 2
66 4
66 6
66 13
66 23
66 25
66 26
66 27
66 29
66 31
66 35
66 37
66 44
66 48
66 54
66 56
66 57
66 58
66 60
66 65
66 92
66 33
66 75
66 59
66 112
66 47
66 79
66 68
66 21
66 123
66 103
66 99
66 122
66 10
66 83
66 116
66 43
66 91
66 82
66 30
66 84
66 113
66 12
66 52
66 61
66 93
66 49
66 62
66 14
66 69
66 76
66 81
66 89
66 90
66 94
66 105
66 106
66 110
66 117
66 118
66 119
66 121
67 2
67 6
67 9
67 12
67 14
67 16
67 25
67 31
67 38
67 40
67 43
67 44
67 56
67 57
67 50
67 76
67 27
67 32
67 115
67 121
67 99
67 30
67 3
67 22
67 113
67 100
67 109
67 87
67 69
67 72
67 73
67 74
67 82
67 83
67 85
67 90
67 91
67 92
67 97
67 104
67 105
67 106
67 107
67 110
67 111
67 114
67 117
67 119
67 123
67 124
68 0
68 2
68 10
68 11
68 15
68 19
68 26
68 28
68 30
68 34
68 37
68 38
68 40
68 47
68 50
68 53
68 54
68 56
68 57
68 61
68 66
68 112
68 27
68 97
68 85
68 23
68 99
68 108
68 62
68 4
68 35
68 78
68 69
68 13
68 3
68 33
68 98
68 123
68 55
68 72
68 18
68 86
68 63
68 92
68 6
68 73
68 75
68 77
68 79
68 81
68 90
68 94
68 96
68 101
68 107
68 111
68 121
69 0
69 1
69 2
69 9
69 12
69 14
69 16
69 20
69 23
69 26
69 32
69 35
69 38
69 39
69 41
69 42
69 44
69 46
69 48
69 53
69 56
69 60
69 61
69 68
69 109
69 113
69 10
69 8
69 74
69 67
69 85
69 80
69 107
69 15
69 104
69 86
69 21
69 72
69 108
69 62
69 27
69 110
69 31
69 83
69 43
69 28
69 57
69 77
69 94
69 66
69 76
69 73
69 118
69 119
69 78
69 81
69 84
69 88
69 89
69 90
69 97
69 98
69 105
69 117
69 121
69 123
69 124
70 1
70 10
70 17
70 20
70 24
70 25
70 28
70 34
70 37
70 43
70 48
70 54
70 60
70 61
70 63
70 65
70 80
70 113
70 105
70 96
70 90
70 42
70 55
70 49
70 4
70 57
70 86
70 93
70 22
70 53
70 23
70 71
70 73
70 74
70 77
70 78
70 85
70 88
70 89
70 91
70 94
70 97
70 98
70 101
70 104
70 106
70 112
70 114
70 119
70 120
70 123
70 124
71 0
71 2
71 11
71 13
71 17
71 18
71 22
71 24
71 25
71 29
71 31
71 33
71 36
71 37
71 43
71 44
71 51
71 57
71 58
71 60
71 64
71 65
71 82
71 72
71 23
71 118
71 116
71 123
71 39
71 114
71 103
71 46
71 96
71 47
71 78
71 93
71 14
71 73
71 1
71 109
71 124
71 101
71 54
71 38
71 20
71 94
71 111
71 48
71 107
71 63
71 6
71 81
71 28
71 62
71 7
71 56
71 110
71 100
71 42
71 40
71 79
71 5
71 112
71 49
71 70
71 92
71 83
71 98
71 76
71 15
71 117
71 121
71 113
71 75
71 77
71 84
71 86
71 87
71 97
71 99
71 104
71 105
71 106
71 119
71 122
72 12
72 14
72 15
72 20
72 25
72 26
72 28
72 30
72 32
72 33
72 34
72 35
72 40
72 42
72 49
72 54
72 55
72 56
72 60
72 61
72 68
72 69
72 71
72 79
72 18
72 21
72 19
72 75
72 106
72 52
72 57
72 99
72 8
72 67
72 118
72 94
72 6
72 1
72 29
72 16
72 74
72 76
72 81
72 82
72 85
72 86
72 87
72 90
72 91
72 92
72 97
72 101
72 104
72 105
72 107
72 110
72 113
72 120
72 121
72 122
72 123
73 3
73 6
73 11
73 14
73 16
73 18
73 20
73 24
73 25
73 28
73 29
73 34
73 43
73 46
73 55
73 56
73 57
73 61
73 69
73 71
73 48
73 15
73 40
73 103
73 52
73 94
73 96
73 70
73 82
73 51
73 91
73 87
73 8
73 124
73 122
73 113
73 10
73 49
73 21
73 89
73 41
73 123
73 7
73 12
73 0
73 27
73 42
73 102
73 68
73 63
73 54
73 44
73 99
73 84
73 101
73 114
73 65
73 97
73 117
73 35
73 107
73 109
73 92
73 64
73 74
73 31
73 119
73 60
73 67
73 62
73 30
73 9
73 4
73 53
73 108
73 81
73 85
73 90
73 98
73 104
73 105
73 106
73 121
74 0
74 1
74 2
74 5
74 6
74 15
74 17
74 24
74 29
74 32
74 37
74 38
74 44
74 47
74 49
74 53
74 59
74 60
74 61
74 69
74 73
74 33
74 100
74 7
74 80
74 45
74 90
74 117
74 22
74 64
74 46
74 25
74 79
74 36
74 67
74 72
74 9
74 113
74 18
74 58
74 96
74 55
74 87
74 34
74 124
74 8
74 70
74 48
74 107
74 41
74 75
74 88
74 77
74 20
74 123
74 118
74 106
74 42
74 82
74 3
74 120
74 101
74 27
74 104
74 105
74 93
74 114
74 86
74 51
74 10
74 78
74 81
74 84
74 94
74 98
74 102
74 108
74 109
74 110
74 122
75 2
75 4
75 8
75 9
75 13
75 20
75 25
75 26
75 30
75 32
75 34
75 35
75 37
75 38
75 42
75 43
75 44
75 48
75 49
75 53
75 56
75 61
75 66
75 72
75 74
75 68
75 16
75 84
75 33
75 117
75 115
75 80
75 10
75 99
75 71
75 62
75 118
75 77
75 78
75 82
75 86
75 88
75 91
75 97
75 98
75 100
75 101
75 106
75 116
75 121
75 123
75 124
76 1
76 2
76 3
76 14
76 16
76 17
76 18
76 20
76 25
76 30
76 32
76 54
76 55
76 58
76 60
76 67
76 69
76 71
76 59
76 12
76 77
76 44
76 123
76 108
76 113
76 13
76 52
76 110
76 122
76 84
76 28
76 83
76 96
76 114
76 72
76 119
76 65
76 101
76 7
76 11
76 100
76 22
76 66
76 46
76 115
76 118
76 56
76 98
76 62
76 40
76 85
76 107
76 80
76 89
76 90
76 92
76 97
76 105
76 117
76 120
76 121
76 124
77 2
77 6
77 9
77 12
77 13
77 14
77 17
77 19
77 20
77 23
77 24
77 26
77 28
77 29
77 34
77 35
77 37
77 38
77 46
77 49
77 51
77 54
77 57
77 59
77 60
77 65
77 69
77 74
77 75
77 76
77 27
77 70
77 91
77 89
77 40
77 39
77 68
77 105
77 22
77 85
77 64
77 98
77 90
77 116
77 21
77 79
77 120
77 15
77 87
77 61
77 42
77 33
77 71
77 123
77 117
77 114
77 118
77 78
77 84
77 86
77 88
77 92
77 94
77 97
77 100
77 101
77 104
77 106
77 107
77 110
77 113
77 119
77 121
77 124
78 1
78 5
78 6
78 11
78 12
78 17
78 25
78 26
78 28
78 31
78 35
78 44
78 46
78 48
78 51
78 52
78 53
78 54
78 56
78 60
78 61
78 68
78 71
78 21
78 112
78 69
78 120
78 70
78 83
78 94
78 75
78 77
78 63
78 88
78 103
78 14
78 95
78 58
78 13
78 113
78 96
78 39
78 74
78 81
78 82
78 85
78 86
78 91
78 92
78 97
78 98
78 101
78 104
78 105
78 124
79 3
79 9
79 12
79 13
79 14
79 19
79 20
79 23
79 29
79 30
79 34
79 36
79 38
79 47
79 48
79 55
79 58
79 59
79 60
79 66
79 71
79 72
79 74
79 77
79 68
79 40
79 121
79 24
79 82
79 86
79 87
79 89
79 91
79 92
79 95
79 97
79 98
79 100
79 104
79 105
79 106
79 107
79 109
79 119
79 123
80 1
80 2
80 3
80 4
80 5
80 6
80 13
80 17
80 19
80 23
80 25
80 32
80 34
80 35
80 37
80 38
80 43
80 47
80 53
80 54
80 56
80 60
80 61
80 65
80 69
80 70
80 74
80 75
80 88
80 119
80 59
80 96
80 28
80 26
80 118
80 15
80 20
80 29
80 92
80 121
80 55
80 76
80 93
80 97
80 120
80 50
80 114
80 107
80 94
80 115
80 9
80 63
80 123
80 89
80 39
80 85
80 84
80 111
80 81
80 86
80 90
80 100
80 101
80 104
80 106
80 113
80 122
80 124
81 5
81 7
81 8
81 15
81 28
81 29
81 43
81 46
81 51
81 54
81 63
81 71
81 41
81 93
81 14
81 78
81 11
81 91
81 56
81 82
81 10
81 48
81 62
81 84
81 4
81 99
81 98
81 114
81 55
81 36
81 83
81 9
81 40
81 13
81 80
81 59
81 86
81 102
81 45
81 107
81 74
81 123
81 105
81 96
81 124
81 119
81 33
81 12
81 61
81 68
81 120
81 44
81 121
81 111
81 34
81 90
81 92
81 72
81 60
81 73
81 95
81 32
81 2
81 38
81 69
81 89
81 115
81 66
81 27
81 31
81 85
81 88
81 97
81 100
81 104
81 110
81 113
81 118
81 122
82 3
82 5
82 11
82 12
82 14
82 15
82 17
82 26
82 28
82 33
82 35
82 40
82 47
82 53
82 54
82 57
82 59
82 61
82 66
82 71
82 73
82 74
82 81
82 50
82 85
82 108
82 2
82 83
82 120
82 4
82 36
82 64
82 96
82 78
82 112
82 89
82 30
82 117
82 87
82 100
82 0
82 63
82 102
82 20
82 121
82 58
82 75
82 23
82 104
82 9
82 79
82 106
82 56
82 67
82 124
82 31
82 72
82 84
82 65
82 110
82 105
82 91
82 97
82 98
82 101
82 107
82 113
82 118
82 123
83 1
83 2
83 4
83 8
83 9
83 12
83 14
83 17
83 26
83 29
83 38
83 40
83 49
83 53
83 59
83 60
83 61
83 66
83 69
83 71
83 76
83 78
83 81
83 82
83 46
83 118
83 67
83 98
83 121
83 85
83 86
83 88
83 92
83 94
83 99
83 105
83 106
83 107
83 109
83 123
83 124
84 0
84 1
84 4
84 6
84 8
84 17
84 22
84 26
84 28
84 30
84 31
84 32
84 33
84 34
84 36
84 49
84 51
84 56
84 66
84 73
84 75
84 76
84 80
84 81
84 82
84 60
84 71
84 93
84 5
84 59
84 19
84 69
84 123
84 74
84 7
84 44
84 47
84 94
84 104
84 105
84 77
84 13
84 27
84 88
84 89
84 90
84 91
84 92
84 97
84 100
84 106
84 119
84 121
85 0
85 1
85 2
85 4
85 14
85 17
85 24
85 28
85 33
85 37
85 43
85 44
85 46
85 47
85 51
85 57
85 61
85 63
85 65
85 68
85 69
85 76
85 77
85 80
85 82
85 104
85 59
85 20
85 109
85 45
85 98
85 23
85 72
85 93
85 105
85 62
85 78
85 103
85 12
85 56
85 16
85 40
85 13
85 70
85 41
85 83
85 110
85 122
85 73
85 48
85 114
85 7
85 6
85 81
85 100
85 18
85 42
85 50
85 121
85 5
85 27
85 67
85 94
85 86
85 88
85 90
85 97
85 99
85 101
85 106
85 113
85 118
85 123
85 124
86 1
86 2
86 6
86 13
86 15
86 17
86 23
86 25
86 28
86 44
86 46
86 47
86 48
86 49
86 51
86 53
86 54
86 57
86 58
86 61
86 68
86 69
86 70
86 74
86 81
86 72
86 75
86 79
86 93
86 40
86 52
86 112
86 83
86 41
86 108
86 119
86 65
86 20
86 56
86 117
86 18
86 88
86 34
86 26
86 114
86 80
86 78
86 85
86 87
86 99
86 89
86 107
86 92
86 59
86 7
86 111
86 110
86 37
86 95
86 19
86 11
86 77
86 62
86 105
86 71
86 24
86 3
86 123
86 118
86 90
86 91
86 101
86 106
86 113
86 115
86 121
86 124
87 2
87 6
87 9
87 10
87 22
87 24
87 29
87 32
87 34
87 35
87 37
87 44
87 50
87 54
87 61
87 63
87 67
87 73
87 74
87 77
87 82
87 86
87 8
87 95
87 71
87 49
87 15
87 105
87 51
87 72
87 55
87 114
87 19
87 79
87 113
87 17
87 53
87 101
87 4
87 3
87 25
87 20
87 89
87 121
87 92
87 94
87 96
87 97
87 98
87 106
87 117
87 123
88 3
88 5
88 9
88 10
88 13
88 17
88 22
88 26
88 29
88 30
88 32
88 37
88 39
88 40
88 47
88 51
88 54
88 60
88 63
88 74
88 78
88 80
88 86
88 57
88 95
88 81
88 93
88 89
88 117
88 118
88 116
88 56
88 100
88 8
88 70
88 62
88 99
88 64
88 0
88 77
88 11
88 110
88 23
88 113
88 43
88 55
88 46
88 59
88 48
88 85
88 92
88 90
88 69
88 84
88 119
88 1
88 41
88 25
88 101
88 97
88 107
88 115
88 27
88 49
88 42
88 44
88 109
88 120
88 75
88 35
88 58
88 20
88 61
88 94
88 123
88 83
88 96
88 33
88 7
88 108
88 6
88 34
88 106
88 105
88 114
88 122
88 124
89 0
89 1
89 2
89 3
89 6
89 7
89 12
89 25
89 28
89 30
89 33
89 35
89 37
89 41
89 44
89 51
89 52
89 54
89 56
89 58
89 59
89 60
89 61
89 62
89 73
89 77
89 80
89 81
89 82
89 86
89 87
89 88
89 91
89 22
89 92
89 9
89 55
89 84
89 110
89 65
89 53
89 47
89 121
89 66
89 76
89 50
89 111
89 4
89 99
89 70
89 123
89 64
89 16
89 109
89 94
89 26
89 32
89 19
89 95
89 79
89 108
89 15
89 69
89 117
89 40
89 96
89 97
89 98
89 100
89 101
89 104
89 105
89 106
89 114
89 118
89 120
89 124
90 0
90 9
90 13
90 26
90 29
90 30
90 32
90 33
90 36
90 37
90 38
90 44
90 47
90 48
90 51
90 54
90 57
90 61
90 70
90 74
90 77
90 81
90 88
90 72
90 3
90 64
90 2
90 121
90 28
90 45
90 35
90 31
90 85
90 20
90 21
90 120
90 69
90 104
90 53
90 66
90 50
90 119
90 67
90 73
90 49
90 76
90 95
90 92
90 18
90 80
90 41
90 111
90 100
90 117
90 68
90 122
90 25
90 86
90 63
90 84
90 17
90 59
90 106
90 107
90 34
90 62
90 27
90 65
90 6
90 43
90 46
90 10
90 103
90 15
90 116
90 114
90 22
90 24
90 108
90 58
90 113
90 123
90 124
91 0
91 1
91 5
91 9
91 11
91 12
91 17
91 22
91 25
91 28
91 30
91 32
91 37
91 43
91 46
91 47
91 48
91 51
91 53
91 56
91 58
91 60
91 61
91 63
91 64
91 65
91 66
91 73
91 77
91 81
91 89
91 113
91 117
91 82
91 96
91 114
91 41
91 59
91 92
91 120
91 70
91 119
91 105
91 2
91 34
91 40
91 111
91 86
91 24
91 108
91 39
91 20
91 19
91 55
91 98
91 21
91 79
91 84
91 106
91 67
91 72
91 115
91 122
91 121
91 13
91 18
91 31
91 78
91 57
91 75
91 102
91 101
91 38
91 110
91 118
91 123
91 124
92 1
92 2
92 6
92 8
92 9
92 14
92 15
92 20
92 22
92 29
92 40
92 44
92 47
92 49
92 54
92 55
92 66
92 68
92 71
92 73
92 80
92 81
92 86
92 88
92 89
92 90
92 91
92 113
92 116
92 118
92 31
92 56
92 67
92 103
92 32
92 111
92 46
92 51
92 48
92 57
92 72
92 87
92 7
92 102
92 42
92 33
92 37
92 94
92 12
92 97
92 18
92 17
92 23
92 115
92 53
92 101
92 35
92 13
92 110
92 122
92 38
92 109
92 99
92 30
92 119
92 107
92 84
92 79
92 77
92 83
92 0
92 78
92 59
92 26
92 96
92 52
92 10
92 27
92 50
92 108
92 11
92 65
92 95
92 76
92 43
92 3
92 93
92 106
92 114
92 121
92 123
92 124
93 8
93 11
93 13
93 16
93 20
93 29
93 37
93 47
93 49
93 53
93 56
93 58
93 59
93 60
93 66
93 70
93 71
93 74
93 80
93 81
93 84
93 85
93 86
93 88
93 45
93 0
93 115
93 39
93 117
93 2
93 116
93 33
93 55
93 92
93 97
93 98
93 99
93 100
93 101
93 105
93 106
93 107
93 110
93 113
93 114
93 119
93 120
93 124
94 2
94 19
94 28
94 33
94 35
94 43
94 44
94 46
94 47
94 48
94 51
94 53
94 54
94 55
94 56
94 58
94 62
94 65
94 69
94 71
94 72
94 73
94 78
94 80
94 84
94 85
94 88
94 89
94 92
94 70
94 66
94 52
94 23
94 111
94 8
94 41
94 122
94 40
94 123
94 30
94 87
94 74
94 1
94 116
94 36
94 83
94 118
94 77
94 0
94 68
94 98
94 100
94 101
94 106
94 107
94 109
94 113
94 114
94 120
94 124
95 2
95 11
95 13
95 20
95 24
95 26
95 34
95 37
95 38
95 43
95 46
95 48
95 54
95 60
95 61
95 78
95 81
95 86
95 87
95 88
95 89
95 90
95 92
95 118
95 21
95 41
95 123
95 79
95 97
95 100
95 104
95 107
95 110
95 113
95 114
95 121
95 124
96 1
96 4
96 6
96 9
96 11
96 12
96 15
96 17
96 20
96 22
96 23
96 26
96 28
96 32
96 34
96 37
96 42
96 43
96 44
96 46
96 48
96 54
96 60
96 62
96 70
96 71
96 73
96 74
96 76
96 78
96 80
96 81
96 82
96 88
96 91
96 92
96 68
96 63
96 50
96 89
96 87
96 116
96 108
96 102
96 7
96 19
96 18
96 97
96 100
96 101
96 104
96 105
96 107
96 109
96 111
96 118
96 123
96 124
97 2
97 4
97 10
97 12
97 13
97 14
97 15
97 17
97 18
97 24
97 26
97 28
97 30
97 32
97 37
97 40
97 48
97 53
97 56
97 57
97 58
97 60
97 61
97 63
97 65
97 68
97 73
97 80
97 88
97 92
97 111
97 75
97 120
97 52
97 113
97 71
97 84
97 6
97 16
97 101
97 21
97 19
97 77
97 70
97 3
97 20
97 47
97 118
97 85
97 25
97 49
97 46
97 54
97 108
97 69
97 78
97 114
97 9
97 36
97 99
97 103
97 76
97 72
97 31
97 39
97 95
97 79
97 96
97 67
97 81
97 23
97 89
97 123
97 116
97 110
97 119
97 8
97 0
97 106
97 102
97 82
97 87
97 107
97 105
97 38
97 100
97 44
97 93
97 98
97 104
97 121
97 124
98 0
98 1
98 3
98 6
98 11
98 13
98 14
98 15
98 16
98 20
98 30
98 34
98 38
98 43
98 48
98 49
98 51
98 54
98 56
98 63
98 68
98 71
98 76
98 77
98 81
98 83
98 85
98 91
98 111
98 78
98 104
98 28
98 32
98 108
98 114
98 116
98 65
98 42
98 82
98 46
98 117
98 12
98 36
98 87
98 24
98 79
98 115
98 50
98 40
98 4
98 35
98 10
98 62
98 31
98 94
98 74
98 26
98 2
98 18
98 97
98 110
98 27
98 53
98 52
98 45
98 109
98 69
98 33
98 73
98 121
98 8
98 21
98 89
98 25
98 75
98 57
98 29
98 5
98 37
98 70
98 64
98 93
98 100
98 101
98 105
98 107
98 120
98 124
99 3
99 12
99 15
99 17
99 20
99 26
99 29
99 38
99 43
99 47
99 51
99 52
99 54
99 55
99 57
99 58
99 60
99 65
99 66
99 67
99 68
99 72
99 73
99 75
99 81
99 86
99 88
99 89
99 92
99 97
99 34
99 119
99 108
99 61
99 46
99 93
99 16
99 117
99 1
99 105
99 109
99 83
99 28
99 71
99 24
99 6
99 41
99 9
99 85
99 27
99 50
99 114
99 101
99 107
99 113
99 121
99 123
99 124
100 2
100 3
100 4
100 7
100 13
100 14
100 25
100 26
100 31
100 38
100 42
100 43
100 44
100 45
100 46
100 47
100 51
100 53
100 60
100 61
100 63
100 67
100 71
100 74
100 76
100 82
100 85
100 88
100 90
100 97
100 50
100 122
100 57
100 117
100 116
100 21
100 106
100 96
100 102
100 29
100 6
100 9
100 36
100 27
100 20
100 64
100 104
100 41
100 84
100 112
100 95
100 55
100 33
100 16
100 115
100 56
100 89
100 58
100 94
100 101
100 120
100 75
100 121
100 77
100 119
100 98
100 40
100 12
100 59
100 15
100 80
100 79
100 62
100 93
100 54
100 105
100 65
100 52
100 18
100 81
100 22
100 11
100 123
100 48
100 114
100 0
100 49
100 107
100 111
100 113
101 1
101 2
101 4
101 5
101 13
101 15
101 16
101 17
101 22
101 26
101 34
101 37
101 40
101 46
101 51
101 54
101 57
101 61
101 71
101 73
101 74
101 76
101 87
101 88
101 91
101 92
101 97
101 100
101 47
101 107
101 68
101 75
101 59
101 121
101 27
101 96
101 98
101 117
101 94
101 105
101 111
101 52
101 43
101 78
101 77
101 115
101 82
101 49
101 60
101 63
101 58
101 70
101 85
101 24
101 38
101 108
101 21
101 32
101 11
101 86
101 116
101 99
101 89
101 104
101 23
101 93
101 6
101 50
101 45
101 103
101 113
101 0
101 41
101 14
101 48
101 64
101 122
101 120
101 119
101 53
101 72
101 80
101 7
101 3
101 118
101 123
102 2
102 3
102 4
102 9
102 12
102 13
102 14
102 16
102 18
102 25
102 37
102 38
102 40
102 41
102 44
102 46
102 47
102 48
102 50
102 56
102 57
102 58
102 73
102 81
102 82
102 91
102 92
102 96
102 97
102 100
102 29
102 74
102 105
102 107
102 123
102 124
103 0
103 2
103 12
103 13
103 16
103 18
103 22
103 23
103 24
103 25
103 29
103 31
103 32
103 34
103 35
103 37
103 43
103 47
103 56
103 58
103 60
103 61
103 63
103 65
103 66
103 71
103 73
103 78
103 85
103 90
103 92
103 97
103 101
103 55
103 105
103 106
103 110
103 113
103 114
103 119
103 123
103 124
104 3
104 9
104 11
104 13
104 16
104 17
104 34
104 36
104 43
104 44
104 49
104 53
104 55
104 56
104 57
104 58
104 69
104 74
104 82
104 84
104 85
104 90
104 98
104 100
104 101
104 70
104 50
104 19
104 6
104 46
104 115
104 96
104 27
104 39
104 81
104 80
104 109
104 15
104 48
104 77
104 31
104 1
104 73
104 79
104 29
104 40
104 7
104 67
104 14
104 108
104 105
104 110
104 0
104 107
104 20
104 10
104 54
104 64
104 71
104 62
104 38
104 78
104 72
104 114
104 118
104 89
104 26
104 97
104 95
104 35
104 113
104 119
104 121
104 123
104 124
105 0
105 2
105 11
105 14
105 17
105 20
105 25
105 26
105 28
105 30
105 32
105 38
105 40
105 44
105 51
105 58
105 60
105 64
105 65
105 70
105 74
105 77
105 81
105 82
105 84
105 85
105 86
105 87
105 91
105 97
105 99
105 100
105 101
105 103
105 104
105 83
105 1
105 31
105 43
105 29
105 21
105 118
105 79
105 54
105 33
105 124
105 50
105 52
105 76
105 122
105 107
105 98
105 19
105 22
105 35
105 73
105 9
105 55
105 8
105 112
105 47
105 3
105 113
105 66
105 36
105 72
105 88
105 109
105 78
105 96
105 102
105 62
105 111
105 69
105 39
105 106
105 93
105 10
105 4
105 34
105 67
105 16
105 59
105 115
105 71
105 89
105 119
105 120
105 121
106 6
106 9
106 10
106 14
106 15
106 20
106 22
106 25
106 26
106 29
106 32
106 36
106 37
106 48
106 49
106 51
106 53
106 54
106 55
106 60
106 61
106 72
106 74
106 82
106 88
106 90
106 91
106 97
106 100
106 105
106 83
106 114
106 94
106 56
106 46
106 109
106 18
106 8
106 89
106 80
106 44
106 121
106 92
106 123
106 17
106 77
106 71
106 75
106 119
106 52
106 64
106 42
106 93
106 120
106 11
106 73
106 84
106 19
106 67
106 50
106 79
106 58
106 86
106 28
106 23
106 66
106 1
106 124
106 30
106 115
106 16
106 103
106 31
106 57
106 85
106 117
106 65
106 107
106 110
106 62
106 47
106 12
106 70
106 87
106 113
107 1
107 2
107 6
107 15
107 17
107 22
107 25
107 28
107 32
107 33
107 37
107 69
107 71
107 73
107 74
107 76
107 80
107 81
107 86
107 88
107 90
107 92
107 97
107 101
107 104
107 105
107 106
107 38
107 96
107 121
107 98
107 41
107 102
107 19
107 7
107 39
107 0
107 72
107 42
107 111
107 109
107 83
107 9
107 16
107 115
107 79
107 100
107 93
107 44
107 108
107 31
107 55
107 56
107 68
107 95
107 11
107 36
107 110
107 118
107 99
107 20
107 94
107 48
107 120
107 58
107 67
107 82
107 21
107 8
107 64
107 51
107 119
107 3
107 77
107 29
107 54
107 34
107 113
107 123
107 124
108 0
108 9
108 12
108 13
108 14
108 15
108 16
108 18
108 20
108 28
108 37
108 38
108 47
108 53
108 57
108 59
108 60
108 61
108 68
108 69
108 73
108 76
108 82
108 86
108 88
108 89
108 90
108 91
108 92
108 96
108 97
108 98
108 99
108 101
108 104
108 107
108 10
108 19
108 36
108 54
108 6
108 114
108 30
108 117
108 65
108 39
108 74
108 113
108 26
108 110
108 118
108 122
108 123
108 124
109 0
109 2
109 3
109 12
109 15
109 17
109 25
109 26
109 29
109 30
109 41
109 43
109 47
109 48
109 53
109 54
109 55
109 56
109 59
109 61
109 64
109 67
109 69
109 71
109 73
109 85
109 88
109 89
109 92
109 98
109 99
109 104
109 105
109 106
109 107
109 6
109 7
109 117
109 83
109 20
109 111
109 45
109 16
109 79
109 122
109 119
109 31
109 38
109 63
109 96
109 74
109 51
109 18
109 9
109 40
109 94
109 110
109 113
109 118
109 121
109 123
110 1
110 6
110 8
110 9
110 12
110 17
110 18
110 23
110 24
110 26
110 31
110 32
110 36
110 43
110 44
110 46
110 47
110 54
110 55
110 57
110 61
110 69
110 71
110 76
110 82
110 85
110 86
110 88
110 89
110 92
110 97
110 98
110 104
110 106
110 107
110 93
110 103
110 49
110 123
110 114
110 2
110 56
110 109
110 81
110 77
110 19
110 51
110 42
110 50
110 0
110 3
110 118
110 62
110 91
110 11
110 72
110 60
110 117
110 30
110 95
110 108
110 74
110 59
110 66
110 37
110 67
110 119
110 120
111 3
111 4
111 12
111 15
111 19
111 28
111 30
111 31
111 34
111 37
111 44
111 46
111 48
111 53
111 55
111 60
111 61
111 71
111 80
111 81
111 86
111 89
111 90
111 91
111 92
111 94
111 97
111 98
111 101
111 105
111 107
111 109
111 117
111 1
111 67
111 68
111 100
111 26
111 96
111 63
111 115
111 124
112 0
112 13
112 14
112 16
112 17
112 22
112 23
112 25
112 26
112 29
112 30
112 34
112 35
112 39
112 43
112 46
112 47
112 49
112 51
112 53
112 54
112 56
112 57
112 61
112 65
112 66
112 68
112 71
112 78
112 82
112 86
112 100
112 105
112 70
112 122
112 113
112 118
112 119
112 124
113 0
113 3
113 6
113 11
113 13
113 14
113 17
113 18
113 21
113 22
113 23
113 26
113 28
113 30
113 32
113 33
113 34
113 38
113 40
113 44
113 46
113 47
113 49
113 51
113 53
113 56
113 61
113 63
113 66
113 67
113 69
113 70
113 71
113 73
113 74
113 76
113 78
113 87
113 88
113 91
113 92
113 97
113 101
113 105
113 108
113 122
113 81
113 8
113 121
113 16
113 31
113 1
113 124
113 41
113 77
113 100
113 65
113 117
113 107
113 119
113 20
113 37
113 29
113 80
113 109
113 103
113 82
113 36
113 104
113 116
113 48
113 60
113 93
113 86
113 64
113 4
113 120
113 24
113 5
113 99
113 62
113 112
113 115
113 2
113 85
113 59
113 45
113 12
113 95
113 52
113 58
113 54
113 55
113 72
113 43
113 106
113 15
113 10
113 50
113 94
113 90
113 25
113 118
114 0
114 1
114 2
114 9
114 11
114 17
114 23
114 28
114 36
114 38
114 40
114 44
114 47
114 49
114 56
114 57
114 61
114 71
114 73
114 74
114 76
114 77
114 80
114 81
114 85
114 86
114 87
114 90
114 91
114 97
114 98
114 99
114 100
114 104
114 106
114 108
114 110
114 27
114 70
114 115
114 65
114 88
114 8
114 103
114 50
114 5
114 51
114 29
114 34
114 67
114 18
114 64
114 35
114 93
114 32
114 48
114 10
114 89
114 21
114 124
114 31
114 95
114 120
114 14
114 7
114 37
114 22
114 41
114 92
114 62
114 13
114 94
114 54
114 59
114 118
114 6
115 3
115 4
115 6
115 9
115 12
115 14
115 15
115 17
115 19
115 23
115 28
115 30
115 32
115 33
115 37
115 38
115 43
115 45
115 46
115 49
115 51
115 53
115 54
115 58
115 60
115 67
115 75
115 76
115 80
115 81
115 88
115 91
115 92
115 93
115 98
115 100
115 101
115 104
115 105
115 106
115 107
115 113
115 114
115 111
115 50
115 86
115 48
115 64
115 120
115 5
115 27
115 119
115 123
115 124
116 2
116 4
116 8
116 13
116 17
116 20
116 23
116 24
116 25
116 26
116 29
116 32
116 38
116 44
116 46
116 51
116 53
116 55
116 60
116 66
116 71
116 77
116 88
116 90
116 92
116 93
116 94
116 96
116 97
116 98
116 100
116 101
116 113
116 14
116 9
116 75
116 11
116 117
116 118
116 121
116 124
117 6
117 9
117 12
117 14
117 24
117 25
117 28
117 30
117 35
117 38
117 44
117 48
117 61
117 71
117 73
117 74
117 75
117 77
117 82
117 86
117 88
117 89
117 90
117 91
117 93
117 98
117 99
117 100
117 101
117 106
117 108
117 109
117 110
117 111
117 113
117 76
117 36
117 5
117 17
117 26
117 3
117 87
117 56
117 69
117 121
117 32
117 29
117 116
117 21
117 66
117 67
117 13
117 124
117 118
117 119
117 122
117 123
118 0
118 2
118 3
118 6
118 12
118 17
118 26
118 28
118 31
118 37
118 43
118 55
118 62
118 69
118 71
118 72
118 74
118 75
118 76
118 77
118 80
118 83
118 86
118 88
118 92
118 94
118 95
118 97
118 104
118 105
118 107
118 110
118 114
118 109
118 38
118 18
118 4
118 10
118 7
118 25
118 16
118 89
118 50
118 117
118 22
118 51
118 112
118 40
118 52
118 63
118 85
118 30
118 59
118 42
118 8
118 47
118 29
118 101
118 122
118 39
118 5
118 82
118 124
118 33
118 58
118 96
118 108
118 24
118 123
118 64
118 91
118 113
118 81
118 65
118 20
118 11
118 23
118 13
118 119
118 116
118 121
118 54
118 66
119 5
119 10
119 12
119 13
119 14
119 15
119 17
119 20
119 24
119 25
119 28
119 34
119 47
119 48
119 49
119 54
119 55
119 56
119 57
119 61
119 69
119 73
119 76
119 80
119 81
119 86
119 88
119 90
119 91
119 92
119 97
119 99
119 100
119 101
119 106
119 107
119 109
119 113
119 118
119 70
119 0
119 37
119 11
119 63
119 9
119 79
119 112
119 103
119 22
119 53
119 77
119 84
119 7
119 121
119 32
119 8
119 64
119 21
119 66
119 50
119 2
119 18
119 42
119 110
119 123
119 3
119 117
119 41
119 93
119 30
119 46
119 67
119 115
119 38
119 105
119 104
119 71
119 45
119 36
119 124
119 60
119 52
120 1
120 2
120 8
120 16
120 18
120 26
120 30
120 37
120 42
120 43
120 44
120 47
120 57
120 58
120 60
120 61
120 63
120 74
120 77
120 78
120 80
120 81
120 82
120 88
120 90
120 91
120 97
120 100
120 101
120 106
120 107
120 113
120 114
120 115
120 110
120 0
120 11
120 24
120 98
120 89
120 65
120 70
120 46
120 35
120 36
120 9
120 105
120 22
120 56
120 50
120 94
120 25
120 14
120 76
120 62
120 28
120 29
120 93
120 23
120 38
120 15
120 72
120 4
120 17
120 10
120 121
120 123
120 124
121 8
121 9
121 12
121 13
121 15
121 19
121 22
121 24
121 28
121 31
121 56
121 59
121 60
121 67
121 71
121 79
121 80
121 81
121 82
121 83
121 85
121 87
121 89
121 90
121 91
121 98
121 100
121 101
121 106
121 107
121 113
121 117
121 118
121 119
121 64
121 97
121 123
121 69
121 99
121 63
121 124
121 109
121 46
121 6
121 57
121 76
121 44
121 5
121 39
121 40
121 3
121 0
121 122
121 49
121 45
121 53
121 51
121 104
121 58
121 92
121 116
121 7
121 50
121 11
121 23
121 30
121 73
121 105
121 47
121 75
121 72
121 4
121 18
121 84
121 26
121 17
121 35
121 86
121 120
121 68
121 61
121 66
121 95
121 77
122 1
122 2
122 6
122 9
122 11
122 16
122 24
122 25
122 28
122 34
122 36
122 37
122 47
122 51
122 54
122 55
122 57
122 58
122 60
122 65
122 66
122 73
122 76
122 85
122 90
122 91
122 92
122 94
122 100
122 101
122 105
122 109
122 112
122 113
122 118
122 121
122 74
122 63
122 20
122 49
122 71
122 81
122 7
122 22
122 19
122 117
122 88
122 108
122 80
122 72
122 123
122 124
123 0
123 2
123 3
123 4
123 7
123 13
123 23
123 25
123 28
123 30
123 34
123 37
123 40
123 42
123 47
123 51
123 53
123 54
123 56
123 57
123 60
123 66
123 68
123 71
123 73
123 74
123 76
123 77
123 80
123 81
123 84
123 86
123 88
123 89
123 94
123 95
123 97
123 100
123 106
123 110
123 118
123 119
123 121
123 5
123 107
123 26
123 69
123 122
123 92
123 62
123 45
123 9
123 46
123 38
123 21
123 64
123 85
123 99
123 96
123 58
123 72
123 29
123 79
123 59
123 115
123 55
123 109
123 102
123 87
123 70
123 83
123 65
123 16
123 6
123 101
123 90
123 91
123 18
123 82
123 104
123 44
123 75
123 124
123 12
123 24
123 67
123 120
123 31
123 50
123 108
123 11
123 39
123 117
123 41
123 43
123 15
123 14
123 103
124 0
124 2
124 6
124 9
124 15
124 25
124 28
124 29
124 30
124 33
124 35
124 36
124 37
124 43
124 44
124 45
124 47
124 49
124 51
124 53
124 56
124 57
124 59
124 61
124 71
124 73
124 74
124 81
124 82
124 105
124 106
124 113
124 114
124 117
124 118
124 119
124 121
124 123
124 67
124 7
124 95
124 99
124 41
124 34
124 98
124 62
124 4
124 88
124 78
124 104
124 50
124 96
124 23
124 89
124 94
124 54
124 1
124 60
124 107
124 70
124 80
124 39
124 92
124 102
124 85
124 14
124 46
124 77
124 69
124 32
124 64
124 5
124 52
124 115
124 20
124 108
124 86
124 120
124 18
124 75
124 13
124 90
124 112
124 111
124 116
124 76
124 16
124 10
124 31
124 21
124 122
124 48
124 93
124 91
124 103
124 24
124 83
124 3
124 97
