125
0 15
0 40
0 73
0 17
0 84
0 61
0 68
0 109
0 7
0 92
0 111
0 108
0 37
0 75
0 104
0 49
0 46
0 32
0 29
0 119
0 82
0 65
0 1
0 22
0 6
0 116
0 33
0 70
0 8
0 55
0 13
0 121
0 78
0 71
0 95
0 103
0 51
0 47
0 114
0 117
0 4
0 16
0 26
0 30
0 35
0 36
0 38
0 39
0 43
0 45
0 48
0 50
0 58
0 62
0 63
0 64
0 66
0 69
0 86
0 90
0 98
0 100
0 106
0 112
0 113
1 0
1 20
1 99
1 71
1 105
1 72
1 31
1 81
1 21
1 82
1 3
1 41
1 51
1 13
1 122
1 124
1 22
1 48
1 12
1 40
1 100
1 5
1 10
1 16
1 30
1 38
1 46
1 52
1 54
1 55
1 57
1 59
1 61
1 63
1 64
1 66
1 70
1 77
1 87
1 97
1 104
1 106
1 108
1 109
1 111
1 113
1 117
1 120
2 44
2 5
2 51
2 83
2 55
2 4
2 88
2 54
2 92
2 59
2 86
2 78
2 69
2 58
2 71
2 14
2 62
2 89
2 47
2 50
2 29
2 53
2 9
2 39
2 31
2 56
2 11
2 12
2 15
2 18
2 22
2 23
2 24
2 38
2 45
2 46
2 63
2 67
2 70
2 73
2 75
2 77
2 87
2 93
2 98
2 100
2 103
2 106
2 108
2 112
2 118
2 120
3 1
3 66
3 112
3 19
3 55
3 107
3 46
3 7
3 8
3 14
3 24
3 25
3 26
3 30
3 32
3 33
3 36
3 43
3 45
3 47
3 49
3 54
3 59
3 62
3 63
3 64
3 65
3 67
3 70
3 73
3 74
3 75
3 77
3 82
3 92
3 99
3 100
3 101
3 104
3 106
3 108
3 109
3 111
3 114
3 117
3 118
4 2
4 50
4 82
4 16
4 49
4 57
4 118
4 17
4 108
4 41
4 19
4 65
4 27
4 22
4 119
4 0
4 37
4 33
4 105
4 71
4 104
4 115
4 36
4 11
4 67
4 109
4 46
4 120
4 25
4 90
4 68
4 69
4 12
4 112
4 60
4 123
4 18
4 52
4 124
4 106
4 81
4 64
4 51
4 117
4 10
4 61
4 99
4 40
4 15
4 21
4 30
4 34
4 38
4 39
4 43
4 45
4 54
4 56
4 59
4 63
4 66
4 70
4 76
4 89
4 93
4 96
4 103
4 113
4 114
5 2
5 16
5 91
5 28
5 24
5 25
5 114
5 81
5 47
5 93
5 60
5 72
5 68
5 31
5 73
5 64
5 53
5 43
5 34
5 117
5 54
5 1
5 116
5 102
5 120
5 83
5 110
5 112
5 103
5 20
5 92
5 7
5 94
5 123
5 36
5 12
5 14
5 18
5 22
5 23
5 32
5 50
5 51
5 55
5 56
5 58
5 62
5 63
5 66
5 70
5 76
5 82
5 89
5 90
5 96
5 98
5 99
5 100
5 104
6 0
6 119
6 100
6 96
6 117
6 7
6 10
6 14
6 15
6 20
6 22
6 25
6 26
6 27
6 32
6 33
6 38
6 48
6 49
6 51
6 52
6 55
6 59
6 61
6 63
6 65
6 68
6 69
6 82
6 84
6 85
6 99
6 104
6 106
6 109
6 113
6 118
6 120
6 122
7 0
7 5
7 96
7 47
7 98
7 54
7 15
7 34
7 29
7 97
7 122
7 39
7 66
7 18
7 25
7 3
7 58
7 17
7 89
7 100
7 113
7 56
7 103
7 31
7 105
7 26
7 52
7 41
7 120
7 44
7 22
7 11
7 94
7 82
7 83
7 117
7 42
7 101
7 69
7 6
7 71
7 27
7 110
7 115
7 99
7 81
7 36
7 37
7 95
7 106
7 8
7 9
7 19
7 84
7 88
7 48
7 75
7 45
7 124
7 74
7 77
7 12
7 13
7 16
7 24
7 38
7 50
7 51
7 55
7 60
7 61
7 65
7 67
7 80
7 87
7 92
7 107
7 108
7 109
7 112
7 119
8 0
8 7
8 64
8 3
8 9
8 48
8 51
8 109
8 101
8 33
8 16
8 24
8 26
8 30
8 37
8 42
8 46
8 47
8 49
8 52
8 53
8 54
8 55
8 56
8 66
8 67
8 68
8 71
8 72
8 73
8 74
8 77
8 83
8 92
8 93
8 98
8 99
8 104
8 106
8 107
8 114
8 118
8 120
8 124
9 2
9 7
9 8
9 52
9 15
9 16
9 21
9 24
9 27
9 36
9 38
9 45
9 49
9 50
9 51
9 54
9 56
9 65
9 66
9 72
9 74
9 77
9 83
9 91
9 92
9 93
9 94
9 98
9 99
9 100
9 103
9 104
9 105
9 109
9 110
9 113
9 114
9 118
9 120
9 124
10 4
10 32
10 38
10 61
10 117
10 17
10 106
10 84
10 86
10 63
10 72
10 20
10 1
10 66
10 56
10 109
10 26
10 25
10 120
10 36
10 6
10 49
10 33
10 58
10 21
10 62
10 73
10 18
10 28
10 29
10 43
10 51
10 54
10 55
10 59
10 64
10 65
10 68
10 70
10 77
10 89
10 93
10 98
10 99
10 104
10 105
10 108
10 110
10 112
10 113
10 118
11 4
11 7
11 67
11 29
11 14
11 112
11 48
11 92
11 60
11 36
11 63
11 38
11 107
11 86
11 116
11 74
11 59
11 80
11 89
11 23
11 46
11 17
11 79
11 2
11 91
11 51
11 54
11 75
11 52
11 47
11 35
11 13
11 25
11 27
11 32
11 34
11 37
11 39
11 45
11 55
11 57
11 64
11 65
11 66
11 68
11 69
11 73
11 77
11 82
11 83
11 93
11 98
11 99
11 100
11 102
11 108
11 109
11 110
11 124
12 1
12 4
12 66
12 94
12 40
12 57
12 55
12 52
12 42
12 87
12 117
12 110
12 77
12 108
12 47
12 65
12 76
12 7
12 63
12 73
12 46
12 25
12 96
12 50
12 2
12 59
12 118
12 120
12 5
12 122
12 93
12 49
12 51
12 79
12 123
12 18
12 48
12 91
12 35
12 88
12 15
12 17
12 20
12 24
12 26
12 27
12 36
12 38
12 43
12 45
12 53
12 56
12 61
12 64
12 69
12 70
12 75
12 80
12 82
12 90
12 100
12 104
12 106
12 107
12 111
12 124
13 0
13 1
13 72
13 20
13 105
13 70
13 7
13 115
13 96
13 69
13 48
13 120
13 23
13 110
13 30
13 66
13 11
13 77
13 67
13 38
13 80
13 64
13 97
13 76
13 88
13 93
13 94
13 16
13 111
13 62
13 92
13 124
13 114
13 117
13 99
13 113
13 43
13 122
13 15
13 22
13 25
13 26
13 37
13 42
13 45
13 46
13 54
13 55
13 65
13 68
13 73
13 74
13 75
13 78
13 83
13 86
13 100
13 103
13 108
13 109
13 112
14 2
14 11
14 46
14 113
14 55
14 60
14 31
14 115
14 107
14 62
14 57
14 90
14 121
14 117
14 43
14 51
14 96
14 41
14 120
14 80
14 49
14 34
14 98
14 48
14 77
14 5
14 45
14 22
14 28
14 84
14 64
14 73
14 30
14 19
14 39
14 26
14 47
14 27
14 44
14 6
14 91
14 78
14 33
14 38
14 15
14 59
14 87
14 97
14 86
14 66
14 3
14 99
14 16
14 18
14 20
14 24
14 32
14 36
14 54
14 56
14 65
14 69
14 70
14 79
14 82
14 92
14 100
14 105
14 111
14 118
15 0
15 7
15 14
15 70
15 6
15 37
15 94
15 32
15 19
15 115
15 105
15 104
15 39
15 82
15 95
15 90
15 49
15 46
15 56
15 111
15 38
15 61
15 86
15 93
15 101
15 89
15 75
15 121
15 96
15 16
15 50
15 117
15 4
15 78
15 51
15 106
15 59
15 13
15 27
15 25
15 9
15 35
15 60
15 21
15 20
15 53
15 26
15 12
15 41
15 43
15 2
15 23
15 116
15 77
15 69
15 24
15 36
15 45
15 63
15 64
15 71
15 72
15 80
15 81
15 84
15 88
15 98
15 99
15 100
15 110
15 112
15 118
15 120
16 4
16 5
16 13
16 15
16 7
16 76
16 71
16 32
16 62
16 102
16 8
16 119
16 121
16 21
16 123
16 27
16 82
16 26
16 91
16 22
16 63
16 55
16 88
16 1
16 101
16 105
16 18
16 84
16 117
16 38
16 9
16 111
16 99
16 28
16 24
16 35
16 90
16 57
16 104
16 100
16 0
16 14
16 64
16 110
16 46
16 106
16 39
16 56
16 44
16 80
16 69
16 25
16 53
16 81
16 19
16 50
16 33
16 107
16 89
16 73
16 31
16 103
16 30
16 36
16 54
16 65
16 66
16 70
16 72
16 77
16 79
16 92
16 93
16 96
16 98
16 109
16 114
16 122
17 0
17 4
17 7
17 10
17 11
17 12
17 19
17 25
17 26
17 27
17 30
17 33
17 36
17 39
17 50
17 52
17 53
17 65
17 70
17 72
17 74
17 84
17 87
17 96
17 99
17 101
17 106
17 111
17 116
17 117
17 122
18 4
18 7
18 12
18 16
18 110
18 122
18 56
18 84
18 37
18 86
18 2
18 87
18 91
18 14
18 82
18 105
18 44
18 40
18 30
18 94
18 106
18 10
18 25
18 41
18 42
18 35
18 72
18 53
18 121
18 93
18 32
18 120
18 113
18 114
18 5
18 22
18 27
18 38
18 39
18 45
18 51
18 59
18 61
18 62
18 64
18 65
18 66
18 73
18 75
18 77
18 79
18 80
18 90
18 92
18 100
18 109
18 117
19 3
19 4
19 7
19 14
19 15
19 16
19 72
19 107
19 118
19 17
19 61
19 78
19 37
19 95
19 26
19 27
19 52
19 56
19 58
19 63
19 64
19 74
19 80
19 81
19 99
19 105
19 109
19 111
19 112
19 113
19 114
19 119
20 1
20 5
20 10
20 13
20 15
20 43
20 12
20 47
20 115
20 84
20 6
20 112
20 116
20 63
20 25
20 48
20 108
20 101
20 90
20 14
20 41
20 58
20 65
20 45
20 104
20 24
20 26
20 27
20 36
20 38
20 39
20 49
20 56
20 61
20 64
20 69
20 70
20 77
20 80
20 82
20 83
20 89
20 93
20 98
20 106
20 109
20 111
20 114
20 118
20 120
20 122
21 1
21 10
21 15
21 16
21 108
21 75
21 114
21 34
21 4
21 27
21 102
21 41
21 65
21 60
21 9
21 93
21 83
21 68
21 98
21 90
21 115
21 32
21 76
21 100
21 63
21 111
21 46
21 22
21 28
21 38
21 45
21 50
21 55
21 56
21 61
21 70
21 71
21 72
21 73
21 77
21 79
21 89
21 96
21 103
21 104
21 106
21 113
22 0
22 1
22 4
22 7
22 14
22 16
22 84
22 49
22 13
22 78
22 32
22 2
22 65
22 99
22 90
22 98
22 110
22 69
22 103
22 111
22 5
22 115
22 89
22 41
22 59
22 6
22 100
22 77
22 53
22 86
22 37
22 82
22 25
22 68
22 18
22 92
22 76
22 81
22 21
22 28
22 74
22 62
22 79
22 72
22 60
22 51
22 45
22 83
22 35
22 96
22 64
22 70
22 44
22 26
22 27
22 36
22 39
22 46
22 56
22 61
22 63
22 66
22 75
22 106
22 109
22 113
23 11
23 13
23 15
23 47
23 51
23 123
23 103
23 79
23 73
23 116
23 2
23 118
23 5
23 67
23 81
23 26
23 27
23 45
23 50
23 52
23 53
23 56
23 65
23 66
23 70
23 74
23 75
23 85
23 87
23 88
23 96
23 98
23 99
23 100
23 106
23 109
23 111
23 117
23 120
24 5
24 16
24 71
24 92
24 110
24 122
24 3
24 8
24 83
24 67
24 57
24 123
24 65
24 45
24 25
24 15
24 9
24 82
24 49
24 44
24 85
24 107
24 120
24 59
24 115
24 40
24 29
24 121
24 61
24 116
24 78
24 26
24 2
24 32
24 37
24 7
24 31
24 94
24 95
24 55
24 113
24 12
24 77
24 102
24 20
24 42
24 109
24 50
24 14
24 97
24 100
24 27
24 30
24 33
24 39
24 43
24 53
24 54
24 60
24 63
24 64
24 66
24 70
24 72
24 73
24 75
24 80
24 90
24 93
24 105
24 114
24 118
25 4
25 5
25 7
25 10
25 12
25 15
25 16
25 18
25 20
25 22
25 24
25 27
25 66
25 109
25 33
25 78
25 119
25 93
25 44
25 94
25 31
25 30
25 67
25 29
25 64
25 3
25 56
25 52
25 103
25 35
25 112
25 99
25 85
25 54
25 76
25 90
25 6
25 11
25 55
25 95
25 39
25 117
25 124
25 61
25 110
25 123
25 74
25 88
25 72
25 34
25 40
25 115
25 36
25 121
25 17
25 108
25 13
25 26
25 70
25 28
25 45
25 46
25 51
25 57
25 63
25 80
25 84
25 89
25 98
25 106
25 113
25 114
25 118
25 120
26 7
26 10
26 14
26 15
26 16
26 24
26 25
26 19
26 88
26 57
26 36
26 20
26 61
26 90
26 97
26 0
26 30
26 86
26 91
26 6
26 43
26 32
26 71
26 118
26 63
26 124
26 120
26 52
26 116
26 119
26 49
26 56
26 77
26 12
26 68
26 54
26 27
26 8
26 122
26 17
26 13
26 78
26 45
26 3
26 70
26 22
26 110
26 67
26 93
26 99
26 107
26 23
26 35
26 38
26 48
26 53
26 65
26 66
26 69
26 75
26 80
26 83
26 87
26 89
26 94
26 98
26 104
26 106
26 109
26 114
27 4
27 7
27 14
27 15
27 16
27 21
27 25
27 26
27 99
27 114
27 97
27 48
27 102
27 45
27 23
27 19
27 6
27 30
27 65
27 109
27 62
27 11
27 120
27 112
27 31
27 83
27 18
27 116
27 51
27 20
27 33
27 61
27 124
27 103
27 118
27 52
27 105
27 22
27 9
27 56
27 54
27 94
27 72
27 12
27 43
27 37
27 113
27 75
27 107
27 84
27 106
27 98
27 42
27 86
27 32
27 111
27 60
27 91
27 36
27 41
27 117
27 17
27 47
27 87
27 46
27 24
27 57
27 89
27 40
27 59
27 63
27 67
27 70
27 73
27 74
27 77
27 79
27 80
27 81
27 82
27 90
27 92
27 96
27 104
27 110
28 5
28 14
28 16
28 22
28 35
28 25
28 57
28 32
28 72
28 86
28 87
28 21
28 85
28 94
28 10
28 39
28 40
28 43
28 46
28 48
28 51
28 55
28 56
28 62
28 63
28 66
28 69
28 70
28 71
28 82
28 92
28 96
28 98
28 106
28 109
28 110
28 111
28 122
29 0
29 2
29 7
29 11
29 24
29 25
29 121
29 10
29 112
29 91
29 116
29 80
29 85
29 47
29 92
29 110
29 111
29 32
29 90
29 59
29 38
29 45
29 50
29 55
29 63
29 64
29 66
29 70
29 72
29 75
29 82
29 98
29 101
29 104
29 105
29 114
29 118
30 13
30 14
30 18
30 25
30 26
30 27
30 69
30 8
30 53
30 40
30 105
30 65
30 17
30 124
30 1
30 92
30 76
30 121
30 3
30 110
30 89
30 63
30 16
30 61
30 4
30 0
30 24
30 45
30 48
30 54
30 55
30 56
30 62
30 64
30 66
30 70
30 71
30 93
30 96
30 99
30 101
30 103
30 104
30 109
30 120
31 1
31 2
31 5
31 7
31 14
31 16
31 24
31 25
31 27
31 79
31 100
31 32
31 36
31 37
31 39
31 41
31 43
31 45
31 49
31 52
31 64
31 66
31 71
31 72
31 77
31 82
31 90
31 91
31 93
31 99
31 104
31 106
31 109
31 110
31 112
31 114
31 120
32 0
32 10
32 15
32 16
32 18
32 21
32 22
32 24
32 26
32 27
32 28
32 29
32 101
32 120
32 45
32 34
32 39
32 11
32 31
32 5
32 110
32 6
32 61
32 95
32 38
32 43
32 69
32 100
32 55
32 52
32 49
32 50
32 14
32 68
32 92
32 93
32 80
32 102
32 66
32 84
32 33
32 77
32 90
32 104
32 117
32 64
32 35
32 86
32 51
32 60
32 54
32 105
32 87
32 78
32 44
32 112
32 108
32 116
32 76
32 3
32 40
32 46
32 47
32 56
32 59
32 63
32 70
32 79
32 82
32 98
32 99
32 109
32 114
32 118
32 122
33 0
33 4
33 8
33 10
33 14
33 16
33 25
33 27
33 32
33 119
33 17
33 70
33 44
33 24
33 48
33 66
33 118
33 120
33 72
33 99
33 54
33 3
33 122
33 67
33 6
33 34
33 35
33 37
33 38
33 43
33 45
33 46
33 63
33 64
33 71
33 77
33 79
33 83
33 92
33 93
33 106
33 107
33 124
34 5
34 7
34 14
34 21
34 25
34 32
34 68
34 115
34 110
34 4
34 117
34 77
34 122
34 78
34 64
34 44
34 11
34 61
34 51
34 76
34 91
34 48
34 60
34 100
34 74
34 111
34 66
34 37
34 79
34 72
34 109
34 55
34 97
34 124
34 90
34 98
34 33
34 116
34 85
34 36
34 38
34 43
34 45
34 46
34 54
34 59
34 63
34 65
34 71
34 81
34 89
34 92
34 93
34 96
34 104
34 105
34 112
34 114
34 118
35 11
35 12
35 15
35 16
35 18
35 22
35 25
35 26
35 28
35 32
35 43
35 75
35 33
35 112
35 45
35 114
35 102
35 81
35 68
35 55
35 94
35 103
35 40
35 0
35 110
35 60
35 82
35 69
35 36
35 49
35 51
35 52
35 56
35 57
35 59
35 63
35 64
35 65
35 67
35 70
35 77
35 85
35 87
35 93
35 99
35 100
35 104
35 109
35 111
35 120
35 122
36 4
36 5
36 7
36 10
36 11
36 25
36 26
36 27
36 34
36 76
36 22
36 17
36 91
36 100
36 15
36 14
36 58
36 38
36 97
36 68
36 85
36 82
36 106
36 61
36 40
36 42
36 83
36 112
36 117
36 20
36 3
36 110
36 12
36 108
36 124
36 0
36 74
36 90
36 84
36 73
36 79
36 16
36 56
36 70
36 47
36 53
36 101
36 114
36 43
36 66
36 35
36 115
36 48
36 62
36 99
36 121
36 67
36 105
36 89
36 31
36 64
36 71
36 9
36 44
36 39
36 45
36 46
36 49
36 50
36 54
36 69
36 72
36 75
36 77
36 80
36 87
36 93
36 111
37 0
37 4
37 7
37 15
37 18
37 19
37 22
37 24
37 27
37 34
37 111
37 33
37 88
37 62
37 8
37 98
37 82
37 105
37 109
37 66
37 112
37 85
37 13
37 46
37 42
37 120
37 122
37 71
37 11
37 118
37 31
37 54
37 104
37 52
37 74
37 89
37 76
37 94
37 38
37 39
37 49
37 55
37 59
37 63
37 64
37 72
37 75
37 77
37 80
37 102
37 108
37 110
37 113
37 114
37 117
38 10
38 11
38 13
38 14
38 15
38 16
38 32
38 36
38 123
38 44
38 9
38 71
38 47
38 53
38 29
38 48
38 114
38 109
38 73
38 41
38 96
38 2
38 33
38 37
38 121
38 87
38 107
38 83
38 113
38 94
38 82
38 93
38 67
38 68
38 21
38 4
38 92
38 88
38 100
38 40
38 18
38 64
38 46
38 20
38 80
38 6
38 122
38 60
38 63
38 97
38 72
38 45
38 43
38 7
38 0
38 103
38 70
38 12
38 54
38 84
38 104
38 34
38 81
38 65
38 26
38 76
38 1
38 110
38 59
38 66
38 75
38 89
38 98
38 99
38 101
38 105
38 106
38 112
38 117
38 120
39 2
39 7
39 14
39 15
39 16
39 25
39 32
39 17
39 36
39 63
39 22
39 76
39 56
39 18
39 52
39 31
39 28
39 101
39 92
39 4
39 49
39 44
39 74
39 67
39 24
39 0
39 102
39 46
39 119
39 37
39 41
39 78
39 97
39 111
39 108
39 20
39 45
39 11
39 43
39 50
39 51
39 55
39 59
39 60
39 64
39 65
39 69
39 71
39 72
39 82
39 93
39 96
39 98
39 103
39 104
39 109
39 117
39 118
39 124
40 0
40 1
40 4
40 12
40 18
40 24
40 25
40 30
40 32
40 35
40 36
40 38
40 118
40 106
40 49
40 110
40 67
40 64
40 93
40 91
40 57
40 99
40 28
40 90
40 82
40 76
40 27
40 45
40 56
40 59
40 61
40 62
40 69
40 73
40 75
40 77
40 85
40 94
40 102
40 103
40 104
40 107
40 108
40 112
40 117
40 120
41 1
41 4
41 7
41 14
41 15
41 18
41 20
41 21
41 22
41 27
41 38
41 39
41 67
41 73
41 93
41 72
41 31
41 66
41 78
41 60
41 109
41 58
41 45
41 50
41 81
41 42
41 43
41 48
41 51
41 54
41 55
41 56
41 59
41 63
41 65
41 69
41 70
41 87
41 100
41 102
41 110
41 111
41 112
41 113
41 114
41 118
41 122
42 7
42 12
42 18
42 24
42 27
42 36
42 37
42 41
42 79
42 8
42 13
42 80
42 109
42 44
42 46
42 50
42 53
42 55
42 56
42 65
42 66
42 69
42 71
42 72
42 75
42 77
42 87
42 93
42 99
42 103
42 106
42 112
42 113
42 117
42 120
43 5
43 13
43 14
43 15
43 20
43 26
43 27
43 32
43 35
43 36
43 38
43 52
43 55
43 12
43 41
43 67
43 58
43 121
43 123
43 0
43 10
43 24
43 91
43 96
43 44
43 61
43 54
43 65
43 99
43 84
43 77
43 3
43 102
43 39
43 81
43 4
43 28
43 107
43 59
43 33
43 93
43 31
43 34
43 53
43 45
43 49
43 50
43 57
43 62
43 69
43 70
43 73
43 76
43 80
43 82
43 87
43 106
43 108
43 109
43 115
43 117
43 122
44 2
44 7
44 14
44 16
44 18
44 22
44 24
44 25
44 32
44 33
44 34
44 36
44 38
44 39
44 43
44 97
44 112
44 93
44 115
44 94
44 123
44 67
44 76
44 83
44 79
44 81
44 42
44 54
44 55
44 56
44 63
44 65
44 69
44 70
44 73
44 75
44 77
44 82
44 96
44 99
44 104
44 110
44 113
44 118
44 120
44 124
45 7
45 14
45 20
45 22
45 24
45 26
45 27
45 32
45 35
45 38
45 39
45 41
45 73
45 90
45 63
45 48
45 33
45 108
45 47
45 40
45 109
45 112
45 58
45 101
45 23
45 118
45 21
45 96
45 50
45 113
45 72
45 92
45 18
45 119
45 104
45 66
45 61
45 120
45 85
45 79
45 70
45 25
45 95
45 0
45 29
45 59
45 62
45 13
45 111
45 55
45 71
45 12
45 91
45 4
45 99
45 36
45 30
45 15
45 123
45 43
45 67
45 11
45 34
45 2
45 107
45 9
45 116
45 3
45 53
45 31
45 117
45 65
45 46
45 51
45 69
45 74
45 93
45 103
45 106
45 110
46 0
46 3
46 4
46 11
46 12
46 14
46 15
46 16
46 21
46 27
46 37
46 38
46 39
46 84
46 64
46 66
46 42
46 13
46 8
46 65
46 93
46 32
46 112
46 2
46 25
46 108
46 90
46 57
46 101
46 78
46 34
46 63
46 81
46 33
46 97
46 1
46 22
46 36
46 94
46 96
46 73
46 45
46 119
46 28
46 69
46 107
46 48
46 51
46 53
46 54
46 59
46 62
46 68
46 71
46 72
46 75
46 79
46 80
46 91
46 98
46 99
46 100
46 103
46 106
46 109
46 117
46 120
47 0
47 2
47 5
47 7
47 11
47 12
47 14
47 20
47 23
47 27
47 29
47 36
47 38
47 45
47 76
47 3
47 48
47 64
47 88
47 60
47 87
47 32
47 74
47 78
47 50
47 118
47 8
47 119
47 107
47 65
47 70
47 71
47 72
47 77
47 106
47 108
47 109
47 114
47 117
47 120
48 1
48 7
48 8
48 11
48 12
48 13
48 14
48 20
48 27
48 33
48 34
48 36
48 38
48 45
48 47
48 63
48 112
48 118
48 73
48 26
48 85
48 67
48 6
48 101
48 79
48 0
48 107
48 41
48 94
48 121
48 46
48 28
48 70
48 30
48 65
48 56
48 120
48 50
48 52
48 55
48 62
48 69
48 71
48 75
48 77
48 80
48 93
48 99
48 100
48 103
48 110
48 113
48 114
48 117
48 124
49 0
49 4
49 10
49 12
49 14
49 15
49 22
49 24
49 26
49 32
49 39
49 40
49 99
49 9
49 8
49 114
49 69
49 57
49 55
49 65
49 6
49 105
49 93
49 78
49 37
49 63
49 70
49 85
49 31
49 3
49 109
49 73
49 35
49 102
49 53
49 92
49 101
49 20
49 36
49 67
49 43
49 77
49 95
49 72
49 81
49 51
49 59
49 61
49 62
49 64
49 66
49 71
49 80
49 82
49 87
49 98
49 100
49 106
49 107
49 117
49 118
50 2
50 4
50 12
50 15
50 16
50 24
50 32
50 41
50 45
50 47
50 76
50 0
50 29
50 56
50 17
50 100
50 64
50 66
50 105
50 59
50 119
50 98
50 112
50 5
50 36
50 118
50 7
50 9
50 68
50 23
50 103
50 75
50 21
50 102
50 90
50 63
50 101
50 48
50 43
50 93
50 42
50 39
50 53
50 123
50 116
50 120
50 51
50 54
50 62
50 65
50 69
50 77
50 80
50 87
50 99
50 104
50 106
50 108
50 109
50 110
50 113
50 115
51 0
51 1
51 2
51 4
51 8
51 11
51 12
51 14
51 15
51 22
51 23
51 27
51 32
51 34
51 112
51 107
51 108
51 77
51 90
51 84
51 85
51 101
51 46
51 9
51 49
51 110
51 10
51 73
51 62
51 18
51 79
51 6
51 60
51 99
51 50
51 83
51 35
51 55
51 106
51 100
51 28
51 7
51 105
51 76
51 56
51 39
51 124
51 52
51 92
51 67
51 114
51 87
51 41
51 57
51 81
51 5
51 58
51 45
51 25
51 70
51 72
51 122
51 54
51 59
51 61
51 64
51 65
51 66
51 75
51 80
51 82
51 103
51 118
52 4
52 7
52 9
52 11
52 12
52 25
52 26
52 27
52 32
52 37
52 39
52 43
52 51
52 86
52 63
52 118
52 6
52 115
52 83
52 79
52 77
52 23
52 19
52 70
52 48
52 54
52 66
52 35
52 95
52 93
52 103
52 80
52 96
52 121
52 8
52 68
52 53
52 110
52 119
52 65
52 123
52 124
52 31
52 91
52 17
52 1
52 57
52 55
52 60
52 61
52 62
52 72
52 73
52 74
52 76
52 82
52 85
52 92
52 99
52 100
52 105
52 111
52 114
52 117
53 2
53 5
53 15
53 16
53 18
53 22
53 30
53 36
53 38
53 43
53 45
53 49
53 50
53 52
53 12
53 23
53 8
53 42
53 116
53 17
53 26
53 46
53 77
53 120
53 68
53 24
53 78
53 119
53 55
53 56
53 62
53 63
53 66
53 90
53 93
53 98
53 100
53 104
53 105
53 109
53 111
53 117
53 122
54 2
54 5
54 7
54 11
54 25
54 26
54 27
54 32
54 33
54 37
54 38
54 43
54 52
54 93
54 78
54 71
54 16
54 36
54 1
54 89
54 122
54 10
54 96
54 97
54 84
54 24
54 100
54 34
54 13
54 94
54 56
54 72
54 67
54 119
54 46
54 4
54 61
54 30
54 44
54 85
54 9
54 106
54 112
54 95
54 14
54 8
54 79
54 50
54 113
54 107
54 69
54 51
54 57
54 60
54 3
54 109
54 88
54 70
54 41
54 63
54 80
54 83
54 55
54 59
54 64
54 73
54 75
54 82
54 87
54 99
54 103
54 104
54 110
54 115
54 117
54 118
54 120
55 0
55 2
55 3
55 12
55 14
55 16
55 24
55 25
55 32
55 34
55 35
55 43
55 45
55 49
55 51
55 52
55 71
55 79
55 90
55 54
55 41
55 94
55 44
55 6
55 82
55 74
55 29
55 39
55 80
55 58
55 86
55 8
55 37
55 117
55 113
55 63
55 13
55 98
55 56
55 104
55 28
55 1
55 11
55 10
55 42
55 83
55 53
55 72
55 124
55 92
55 21
55 60
55 66
55 95
55 5
55 81
55 70
55 7
55 48
55 89
55 30
55 118
55 62
55 64
55 69
55 73
55 75
55 87
55 88
55 93
55 100
55 108
55 109
55 110
55 114
55 120
56 2
56 7
56 10
56 15
56 16
56 18
56 25
56 26
56 27
56 36
56 39
56 48
56 50
56 51
56 54
56 55
56 121
56 23
56 4
56 60
56 101
56 106
56 42
56 123
56 9
56 22
56 58
56 85
56 86
56 111
56 78
56 96
56 8
56 20
56 115
56 35
56 30
56 21
56 41
56 99
56 68
56 63
56 116
56 93
56 88
56 5
56 67
56 87
56 61
56 119
56 112
56 66
56 12
56 44
56 105
56 91
56 80
56 89
56 114
56 14
56 72
56 73
56 70
56 65
56 19
56 84
56 53
56 28
56 32
56 40
56 98
56 59
56 69
56 71
56 75
56 118
57 4
57 12
57 14
57 16
57 24
57 26
57 27
57 28
57 40
57 46
57 49
57 51
57 52
57 54
57 43
57 11
57 25
57 121
57 71
57 1
57 119
57 120
57 35
57 98
57 62
57 63
57 65
57 66
57 69
57 70
57 72
57 74
57 77
57 83
57 84
57 90
57 92
57 93
57 96
57 104
57 106
57 112
57 113
57 114
58 2
58 7
58 10
58 20
58 36
58 41
58 43
58 45
58 51
58 55
58 56
58 99
58 85
58 19
58 59
58 74
58 0
58 5
58 63
58 65
58 70
58 71
58 73
58 76
58 82
58 87
58 93
58 98
58 100
58 101
58 108
58 109
58 112
58 114
58 118
59 2
59 11
59 12
59 14
59 15
59 22
59 24
59 29
59 43
59 45
59 50
59 58
59 4
59 111
59 62
59 68
59 38
59 92
59 37
59 32
59 69
59 3
59 81
59 114
59 35
59 34
59 27
59 40
59 100
59 41
59 18
59 118
59 10
59 122
59 56
59 83
59 79
59 123
59 115
59 70
59 88
59 104
59 119
59 105
59 54
59 46
59 71
59 95
59 6
59 39
59 110
59 82
59 121
59 90
59 1
59 94
59 49
59 72
59 113
59 116
59 93
59 51
59 63
59 64
59 66
59 75
59 84
59 99
59 103
59 120
60 4
60 5
60 11
60 14
60 15
60 21
60 22
60 27
60 32
60 34
60 35
60 38
60 41
60 47
60 51
60 54
60 55
60 56
60 101
60 84
60 7
60 103
60 66
60 96
60 64
60 71
60 24
60 52
60 61
60 39
60 63
60 65
60 67
60 75
60 82
60 85
60 92
60 104
60 109
60 110
60 111
60 113
60 114
60 120
61 0
61 4
61 10
61 15
61 19
61 24
61 25
61 26
61 27
61 30
61 32
61 34
61 36
61 43
61 45
61 54
61 56
61 60
61 90
61 104
61 21
61 12
61 74
61 106
61 95
61 1
61 76
61 123
61 20
61 122
61 63
61 71
61 120
61 99
61 85
61 111
61 52
61 66
61 78
61 6
61 7
61 102
61 92
61 72
61 64
61 100
61 51
61 40
61 22
61 79
61 103
61 101
61 80
61 49
61 18
61 69
61 62
61 65
61 70
61 77
61 84
61 87
61 96
61 98
61 105
61 108
61 109
61 110
61 114
61 118
61 121
62 2
62 10
62 13
62 14
62 16
62 22
62 27
62 36
62 37
62 45
62 51
62 59
62 5
62 123
62 103
62 65
62 110
62 89
62 63
62 93
62 71
62 48
62 49
62 57
62 43
62 84
62 61
62 40
62 104
62 88
62 74
62 46
62 124
62 98
62 116
62 80
62 52
62 3
62 115
62 101
62 55
62 87
62 53
62 100
62 28
62 75
62 72
62 18
62 50
62 120
62 85
62 111
62 66
62 92
62 86
62 112
62 96
62 0
62 105
62 91
62 30
62 118
62 64
62 68
62 69
62 76
62 77
62 83
62 99
62 109
62 113
62 117
63 10
63 11
63 12
63 16
63 20
63 21
63 26
63 30
63 38
63 39
63 45
63 46
63 48
63 49
63 50
63 52
63 54
63 55
63 56
63 61
63 62
63 2
63 15
63 34
63 103
63 33
63 77
63 22
63 53
63 6
63 94
63 60
63 113
63 25
63 112
63 120
63 0
63 114
63 41
63 59
63 122
63 93
63 3
63 5
63 57
63 4
63 32
63 102
63 92
63 119
63 1
63 66
63 86
63 29
63 99
63 91
63 109
63 37
63 19
63 35
63 79
63 90
63 44
63 106
63 24
63 74
63 95
63 28
63 116
63 108
63 71
63 115
63 67
63 27
63 84
63 82
63 58
63 118
63 110
63 100
63 64
63 65
63 68
63 73
63 98
63 104
63 105
63 117
64 4
64 5
64 8
64 13
64 14
64 16
64 22
64 25
64 32
64 34
64 36
64 38
64 40
64 46
64 47
64 50
64 60
64 61
64 83
64 62
64 1
64 51
64 63
64 115
64 113
64 10
64 3
64 76
64 114
64 20
64 98
64 37
64 30
64 18
64 110
64 124
64 120
64 55
64 117
64 88
64 96
64 77
64 100
64 119
64 12
64 49
64 95
64 116
64 67
64 109
64 71
64 97
64 105
64 89
64 79
64 99
64 19
64 54
64 39
64 70
64 11
64 33
64 29
64 86
64 85
64 59
64 91
64 72
64 65
64 24
64 35
64 31
64 0
64 15
64 73
64 78
64 87
64 106
64 118
64 122
65 0
65 4
65 12
65 20
65 21
65 22
65 24
65 27
65 30
65 38
65 43
65 45
65 46
65 48
65 49
65 52
65 56
65 62
65 64
65 110
65 92
65 26
65 73
65 67
65 61
65 51
65 113
65 104
65 9
65 35
65 88
65 99
65 44
65 100
65 14
65 69
65 17
65 94
65 112
65 85
65 79
65 39
65 118
65 117
65 93
65 50
65 18
65 102
65 108
65 76
65 115
65 107
65 103
65 66
65 83
65 10
65 11
65 23
65 63
65 58
65 80
65 3
65 16
65 96
65 7
65 41
65 47
65 122
65 13
65 57
65 106
65 123
65 34
65 6
65 105
65 74
65 60
65 101
65 91
65 42
65 70
65 75
65 84
65 98
65 114
66 3
66 7
66 10
66 12
66 13
66 14
66 25
66 32
66 33
66 34
66 36
66 37
66 41
66 45
66 46
66 50
66 52
66 55
66 56
66 60
66 61
66 62
66 63
66 65
66 5
66 29
66 75
66 53
66 9
66 18
66 51
66 23
66 121
66 107
66 57
66 99
66 94
66 108
66 101
66 28
66 70
66 105
66 91
66 103
66 98
66 104
66 118
66 74
66 122
66 87
66 106
66 24
66 83
66 11
66 8
66 59
66 0
66 1
66 120
66 16
66 109
66 38
66 115
66 22
66 119
66 4
66 31
66 124
66 49
66 30
66 26
66 80
66 81
66 42
66 67
66 72
66 90
66 92
66 93
66 112
67 4
67 11
67 13
67 23
67 24
67 25
67 26
67 33
67 36
67 38
67 39
67 40
67 41
67 43
67 44
67 45
67 48
67 49
67 51
67 54
67 56
67 63
67 64
67 65
67 3
67 82
67 114
67 66
67 83
67 2
67 27
67 112
67 7
67 118
67 87
67 35
67 79
67 72
67 77
67 103
67 60
67 86
67 8
67 115
67 71
67 89
67 92
67 98
67 111
67 113
67 120
67 122
68 0
68 4
68 5
68 21
68 22
68 26
68 32
68 34
68 35
68 36
68 38
68 50
68 52
68 53
68 56
68 59
68 46
68 6
68 10
68 109
68 63
68 90
68 13
68 123
68 104
68 71
68 83
68 87
68 70
68 120
68 8
68 101
68 108
68 86
68 82
68 74
68 11
68 62
68 72
68 73
68 77
68 84
68 85
68 92
68 93
68 96
68 99
68 103
68 106
68 111
68 112
68 117
68 124
69 2
69 4
69 7
69 13
69 15
69 16
69 22
69 30
69 32
69 35
69 46
69 49
69 54
69 59
69 61
69 65
69 48
69 14
69 102
69 117
69 96
69 41
69 75
69 85
69 36
69 57
69 81
69 12
69 62
69 78
69 122
69 28
69 89
69 83
69 6
69 110
69 11
69 50
69 109
69 95
69 0
69 97
69 82
69 121
69 40
69 43
69 77
69 74
69 56
69 20
69 42
69 94
69 106
69 26
69 91
69 44
69 55
69 100
69 45
69 39
69 87
69 93
69 98
69 111
69 118
69 120
70 0
70 13
70 15
70 22
70 25
70 26
70 33
70 36
70 38
70 45
70 48
70 49
70 51
70 52
70 54
70 55
70 56
70 59
70 64
70 66
70 68
70 108
70 100
70 73
70 61
70 106
70 84
70 5
70 17
70 86
70 24
70 95
70 21
70 82
70 77
70 47
70 114
70 81
70 120
70 109
70 27
70 57
70 115
70 123
70 30
70 3
70 75
70 119
70 44
70 116
70 41
70 101
70 32
70 2
70 1
70 29
70 104
70 16
70 20
70 58
70 4
70 35
70 94
70 43
70 92
70 28
70 103
70 65
70 97
70 12
70 10
70 23
70 14
70 117
70 113
70 111
70 98
70 72
70 85
70 99
70 107
70 118
70 122
70 124
71 0
71 1
71 2
71 4
71 7
71 16
71 24
71 26
71 36
71 37
71 38
71 45
71 54
71 55
71 57
71 59
71 60
71 61
71 62
71 63
71 64
71 68
71 73
71 77
71 33
71 112
71 8
71 94
71 114
71 28
71 46
71 103
71 21
71 31
71 48
71 104
71 58
71 110
71 56
71 39
71 113
71 100
71 47
71 101
71 67
71 42
71 34
71 49
71 30
71 80
71 115
71 90
71 15
71 75
71 82
71 92
71 96
71 97
71 98
71 99
71 102
71 109
71 118
71 120
71 122
72 1
72 5
72 10
72 13
72 18
72 19
72 22
72 25
72 27
72 28
72 33
72 34
72 38
72 41
72 45
72 49
72 51
72 54
72 55
72 56
72 59
72 61
72 62
72 64
72 67
72 116
72 118
72 46
72 102
72 81
72 77
72 37
72 96
72 8
72 100
72 16
72 15
72 89
72 24
72 78
72 87
72 98
72 109
72 17
72 36
72 42
72 29
72 115
72 124
72 52
72 75
72 101
72 112
72 99
72 39
72 85
72 92
72 122
72 9
72 70
72 57
72 21
72 90
72 88
72 119
72 47
72 31
72 66
72 108
72 68
72 105
72 80
72 82
72 83
72 91
72 94
72 103
72 104
72 113
72 114
72 117
72 120
73 0
73 5
73 10
73 12
73 14
73 16
73 23
73 36
73 38
73 41
73 45
73 46
73 48
73 49
73 51
73 56
73 65
73 70
73 71
73 111
73 27
73 106
73 82
73 109
73 40
73 55
73 119
73 8
73 52
73 21
73 11
73 114
73 2
73 118
73 102
73 122
73 44
73 3
73 64
73 104
73 79
73 103
73 123
73 92
73 93
73 84
73 121
73 13
73 68
73 74
73 54
73 63
73 18
73 81
73 112
73 88
73 58
73 105
73 43
73 24
73 78
73 113
73 87
73 98
73 117
74 7
74 11
74 22
74 25
74 34
74 36
74 37
74 39
74 47
74 55
74 58
74 61
74 62
74 63
74 65
74 66
74 68
74 69
74 73
74 13
74 88
74 99
74 123
74 95
74 91
74 97
74 17
74 94
74 9
74 104
74 3
74 93
74 27
74 75
74 107
74 57
74 101
74 52
74 45
74 106
74 8
74 23
74 117
74 90
74 19
74 116
74 109
74 76
74 77
74 81
74 96
74 105
74 113
74 120
74 124
75 0
75 7
75 11
75 15
75 21
75 27
75 35
75 50
75 62
75 66
75 69
75 70
75 72
75 74
75 112
75 13
75 46
75 51
75 80
75 79
75 86
75 55
75 54
75 59
75 107
75 89
75 105
75 23
75 118
75 24
75 90
75 87
75 65
75 91
75 22
75 96
75 123
75 100
75 18
75 81
75 71
75 29
75 37
75 116
75 42
75 94
75 119
75 111
75 2
75 56
75 106
75 88
75 60
75 104
75 109
75 3
75 38
75 12
75 76
75 36
75 115
75 121
75 40
75 103
75 48
75 26
75 113
75 122
75 77
75 44
75 84
75 92
75 98
75 99
75 102
75 108
75 114
75 120
76 12
76 13
76 16
76 21
76 22
76 25
76 30
76 32
76 34
76 36
76 37
76 38
76 39
76 40
76 44
76 47
76 50
76 51
76 61
76 64
76 65
76 75
76 5
76 95
76 74
76 86
76 4
76 62
76 58
76 52
76 43
76 77
76 82
76 87
76 90
76 93
76 94
76 103
76 104
76 106
76 110
76 111
76 120
77 7
77 12
77 13
77 14
77 15
77 22
77 24
77 26
77 32
77 34
77 43
77 49
77 51
77 52
77 53
77 63
77 64
77 67
77 69
77 70
77 71
77 72
77 75
77 36
77 76
77 78
77 40
77 37
77 27
77 90
77 21
77 87
77 122
77 102
77 42
77 48
77 44
77 101
77 57
77 18
77 33
77 68
77 20
77 115
77 89
77 124
77 99
77 61
77 117
77 10
77 11
77 120
77 2
77 31
77 86
77 1
77 123
77 108
77 16
77 118
77 47
77 93
77 94
77 82
77 91
77 62
77 50
77 9
77 95
77 83
77 105
77 8
77 35
77 81
77 74
77 92
77 3
77 79
77 85
77 96
77 98
77 104
77 109
77 113
77 114
78 0
78 2
78 14
78 15
78 19
78 22
78 24
78 25
78 26
78 32
78 34
78 39
78 41
78 46
78 47
78 49
78 53
78 54
78 56
78 61
78 69
78 72
78 73
78 77
78 101
78 111
78 89
78 64
78 13
78 93
78 98
78 99
78 100
78 104
78 109
78 115
78 118
78 120
78 124
79 11
79 12
79 22
79 23
79 31
79 34
79 36
79 42
79 44
79 45
79 48
79 51
79 52
79 54
79 55
79 59
79 61
79 63
79 64
79 65
79 67
79 73
79 75
79 16
79 77
79 123
79 18
79 99
79 84
79 121
79 32
79 27
79 21
79 46
79 111
79 124
79 14
79 33
79 86
79 87
79 90
79 94
79 98
79 100
79 103
79 106
79 109
79 110
79 117
79 118
79 122
80 11
80 13
80 14
80 16
80 29
80 32
80 38
80 42
80 52
80 54
80 55
80 56
80 61
80 62
80 65
80 66
80 71
80 75
80 26
80 89
80 107
80 24
80 49
80 110
80 119
80 36
80 46
80 124
80 115
80 12
80 94
80 82
80 114
80 50
80 25
80 37
80 43
80 88
80 18
80 109
80 100
80 20
80 91
80 121
80 72
80 48
80 19
80 15
80 92
80 51
80 97
80 118
80 104
80 7
80 27
80 84
80 87
80 90
80 93
80 96
80 112
80 113
81 1
81 4
81 5
81 7
81 16
81 22
81 23
81 35
81 38
81 41
81 43
81 44
81 46
81 49
81 51
81 55
81 59
81 66
81 69
81 70
81 72
81 73
81 75
81 77
81 34
81 95
81 74
81 27
81 15
81 86
81 85
81 19
81 89
81 91
81 92
81 99
81 100
81 104
81 106
81 107
81 108
81 109
81 114
81 120
82 0
82 1
82 4
82 7
82 15
82 16
82 18
82 22
82 24
82 35
82 36
82 37
82 38
82 40
82 55
82 59
82 63
82 67
82 68
82 69
82 70
82 73
82 77
82 80
82 27
82 120
82 86
82 103
82 71
82 14
82 124
82 123
82 101
82 11
82 60
82 43
82 28
82 85
82 49
82 29
82 111
82 39
82 6
82 31
82 93
82 107
82 58
82 98
82 112
82 113
82 32
82 12
82 84
82 52
82 108
82 44
82 72
82 54
82 114
82 122
82 20
82 83
82 5
82 51
82 76
82 87
82 3
82 96
82 100
82 104
82 110
83 2
83 5
83 7
83 21
83 22
83 24
83 27
83 36
83 38
83 44
83 51
83 52
83 54
83 55
83 59
83 64
83 65
83 66
83 67
83 68
83 69
83 77
83 82
83 20
83 11
83 120
83 8
83 13
83 26
83 33
83 72
83 57
83 9
83 122
83 90
83 108
83 62
83 87
83 92
83 93
83 98
83 99
83 100
83 106
83 109
83 110
83 112
83 114
83 117
83 118
84 0
84 7
84 10
84 14
84 16
84 18
84 20
84 22
84 27
84 32
84 36
84 38
84 43
84 46
84 51
84 54
84 56
84 60
84 62
84 63
84 70
84 73
84 79
84 82
84 15
84 94
84 102
84 59
84 88
84 96
84 100
84 75
84 57
84 115
84 17
84 93
84 68
84 80
84 65
84 123
84 61
84 6
84 121
84 25
84 90
84 99
84 108
84 109
84 113
84 120
85 24
85 25
85 28
85 29
85 34
85 36
85 37
85 45
85 48
85 49
85 51
85 54
85 56
85 58
85 61
85 62
85 64
85 65
85 69
85 72
85 81
85 82
85 92
85 23
85 103
85 40
85 70
85 6
85 52
85 122
85 60
85 77
85 95
85 123
85 68
85 35
85 87
85 93
85 96
85 99
85 101
85 106
85 108
85 109
85 112
85 114
85 118
85 120
85 121
86 2
86 10
86 11
86 14
86 15
86 18
86 22
86 26
86 27
86 28
86 32
86 52
86 55
86 56
86 62
86 63
86 64
86 67
86 68
86 70
86 75
86 76
86 77
86 81
86 82
86 115
86 0
86 121
86 119
86 13
86 79
86 87
86 92
86 93
86 96
86 98
86 99
86 102
86 103
86 104
86 108
86 109
86 114
86 117
86 118
87 12
87 14
87 18
87 27
87 28
87 32
87 38
87 47
87 51
87 56
87 62
87 66
87 67
87 68
87 72
87 75
87 77
87 82
87 73
87 61
87 85
87 42
87 108
87 80
87 104
87 55
87 112
87 103
87 89
87 83
87 122
87 69
87 2
87 98
87 35
87 50
87 123
87 23
87 1
87 96
87 43
87 49
87 102
87 7
87 54
87 121
87 79
87 76
87 105
87 17
87 64
87 119
87 117
87 41
87 58
87 110
87 95
87 106
87 120
87 26
87 86
87 36
87 99
87 109
87 113
87 114
87 118
88 2
88 7
88 12
88 13
88 16
88 25
88 26
88 37
88 38
88 47
88 54
88 56
88 59
88 62
88 64
88 65
88 72
88 73
88 74
88 75
88 80
88 84
88 124
88 55
88 99
88 113
88 23
88 115
88 15
88 93
88 96
88 98
88 103
88 104
88 105
88 106
88 108
88 112
88 118
88 120
89 2
89 7
89 11
89 15
89 16
89 22
89 27
89 30
89 36
89 37
89 54
89 55
89 56
89 62
89 64
89 69
89 72
89 75
89 77
89 78
89 80
89 87
89 124
89 98
89 5
89 122
89 104
89 38
89 97
89 4
89 81
89 34
89 10
89 67
89 25
89 20
89 92
89 21
89 26
89 96
89 99
89 103
89 105
89 108
89 109
89 111
89 112
89 114
89 115
89 118
89 120
90 4
90 14
90 15
90 16
90 20
90 21
90 22
90 25
90 26
90 29
90 32
90 34
90 36
90 40
90 45
90 46
90 50
90 51
90 55
90 59
90 61
90 63
90 68
90 71
90 72
90 74
90 75
90 77
90 83
90 79
90 118
90 27
90 97
90 76
90 96
90 0
90 53
90 121
90 94
90 80
90 103
90 18
90 84
90 108
90 92
90 5
90 57
90 24
90 99
90 12
90 107
90 31
90 66
90 93
90 100
90 104
90 105
90 114
90 120
91 5
91 11
91 12
91 14
91 16
91 18
91 26
91 27
91 29
91 34
91 36
91 40
91 43
91 45
91 52
91 56
91 62
91 63
91 64
91 65
91 66
91 69
91 74
91 75
91 77
91 80
91 31
91 81
91 46
91 9
91 72
91 101
91 113
91 95
91 92
91 93
91 98
91 99
91 105
91 106
91 108
91 110
91 111
91 117
91 122
92 0
92 2
92 5
92 11
92 13
92 22
92 24
92 29
92 30
92 32
92 38
92 39
92 45
92 49
92 51
92 55
92 59
92 61
92 62
92 63
92 65
92 70
92 72
92 73
92 77
92 80
92 85
92 89
92 90
92 96
92 34
92 33
92 68
92 122
92 83
92 18
92 28
92 7
92 66
92 81
92 115
92 60
92 52
92 16
92 75
92 71
92 9
92 101
92 67
92 27
92 57
92 119
92 97
92 86
92 14
92 91
92 8
92 3
92 117
92 106
92 95
92 93
92 98
92 109
92 110
92 112
92 113
92 114
92 118
92 120
93 5
93 12
93 13
93 15
93 18
93 21
93 25
93 26
93 32
93 38
93 40
93 41
93 43
93 44
93 46
93 49
93 50
93 52
93 54
93 56
93 59
93 62
93 63
93 65
93 73
93 74
93 77
93 82
93 84
93 90
93 104
93 101
93 118
93 53
93 35
93 83
93 117
93 34
93 4
93 10
93 115
93 16
93 85
93 103
93 24
93 92
93 68
93 8
93 106
93 78
93 76
93 2
93 39
93 119
93 113
93 45
93 94
93 11
93 66
93 91
93 55
93 9
93 57
93 99
93 42
93 102
93 124
93 48
93 80
93 20
93 36
93 58
93 69
93 100
93 88
93 120
93 123
93 86
93 31
93 110
93 114
93 96
93 95
93 33
93 30
93 98
93 107
93 121
94 5
94 7
94 12
94 13
94 15
94 18
94 24
94 25
94 27
94 28
94 35
94 37
94 38
94 44
94 46
94 48
94 54
94 55
94 59
94 63
94 65
94 66
94 69
94 70
94 71
94 74
94 75
94 77
94 80
94 84
94 90
94 93
94 79
94 76
94 107
94 121
94 72
94 40
94 26
94 9
94 103
94 109
94 112
94 114
94 117
95 0
95 7
95 15
95 19
95 24
95 25
95 32
95 45
95 49
95 52
95 54
95 55
95 59
95 61
95 63
95 64
95 69
95 70
95 74
95 76
95 77
95 81
95 85
95 87
95 91
95 92
95 93
95 114
95 96
95 98
95 99
95 100
95 103
95 104
95 106
95 108
95 109
95 112
95 117
95 118
95 119
95 122
96 6
96 7
96 12
96 13
96 14
96 15
96 22
96 38
96 43
96 45
96 46
96 52
96 54
96 56
96 60
96 62
96 64
96 65
96 69
96 72
96 75
96 84
96 87
96 90
96 92
96 93
96 77
96 100
96 122
96 112
96 4
96 98
96 102
96 61
96 21
96 123
96 16
96 28
96 85
96 30
96 110
96 109
96 34
96 95
96 80
96 106
96 44
96 86
96 5
96 114
96 89
96 71
96 39
96 68
96 27
96 74
96 17
96 23
96 57
96 107
96 88
96 82
96 99
96 101
96 104
96 111
96 117
96 118
96 120
96 124
97 7
97 13
97 14
97 24
97 26
97 27
97 34
97 36
97 38
97 39
97 44
97 46
97 54
97 64
97 69
97 70
97 74
97 80
97 89
97 90
97 92
97 1
97 71
97 98
97 99
97 101
97 104
97 105
97 106
97 108
97 111
97 112
97 117
97 118
97 122
97 124
98 7
98 14
98 21
98 22
98 27
98 34
98 37
98 50
98 55
98 56
98 57
98 62
98 64
98 66
98 70
98 72
98 82
98 87
98 89
98 96
98 58
98 121
98 109
98 2
98 46
98 20
98 38
98 88
98 73
98 120
98 10
98 49
98 117
98 91
98 65
98 122
98 102
98 93
98 28
98 108
98 63
98 29
98 39
98 11
98 86
98 67
98 26
98 95
98 69
98 77
98 110
98 23
98 105
98 78
98 5
98 79
98 15
98 9
98 113
98 61
98 71
98 25
98 0
98 83
98 123
98 97
98 101
98 116
98 8
98 32
98 53
98 16
98 107
98 92
98 75
98 103
98 104
98 106
98 111
98 112
98 114
98 118
99 1
99 4
99 7
99 13
99 14
99 16
99 22
99 25
99 26
99 27
99 33
99 36
99 40
99 43
99 45
99 49
99 51
99 56
99 58
99 61
99 63
99 64
99 65
99 66
99 72
99 74
99 77
99 79
99 88
99 90
99 93
99 75
99 81
99 107
99 101
99 70
99 100
99 15
99 68
99 8
99 50
99 35
99 111
99 102
99 106
99 19
99 3
99 115
99 32
99 62
99 123
99 54
99 78
99 84
99 10
99 119
99 105
99 30
99 86
99 71
99 83
99 5
99 9
99 11
99 97
99 109
99 23
99 95
99 38
99 108
99 17
99 113
99 31
99 85
99 112
99 48
99 44
99 89
99 46
99 52
99 6
99 59
99 91
99 96
99 42
99 87
99 117
99 110
99 114
99 118
100 1
100 6
100 7
100 16
100 21
100 22
100 24
100 31
100 32
100 34
100 36
100 38
100 50
100 51
100 54
100 59
100 61
100 62
100 63
100 64
100 65
100 69
100 70
100 71
100 72
100 75
100 80
100 84
100 93
100 96
100 99
100 95
100 9
100 109
100 79
100 49
100 41
100 121
100 83
100 0
100 78
100 11
100 110
100 13
100 115
100 90
100 82
100 12
100 53
100 23
100 81
100 14
100 5
100 46
100 55
100 18
100 2
100 114
100 116
100 35
100 119
100 124
100 3
100 48
100 15
100 52
100 58
100 103
100 104
100 105
100 106
100 118
100 120
100 123
101 7
101 8
101 15
101 16
101 20
101 32
101 36
101 39
101 45
101 46
101 48
101 49
101 50
101 51
101 56
101 60
101 61
101 62
101 65
101 66
101 68
101 70
101 71
101 72
101 74
101 77
101 78
101 82
101 91
101 92
101 93
101 98
101 99
101 85
101 113
101 29
101 30
101 109
101 58
101 38
101 96
101 97
101 3
101 17
101 103
101 107
101 108
101 110
101 112
101 114
101 118
101 120
101 123
102 5
102 16
102 21
102 24
102 27
102 32
102 35
102 39
102 43
102 49
102 50
102 61
102 63
102 65
102 69
102 72
102 73
102 77
102 84
102 87
102 93
102 96
102 98
102 99
102 40
102 75
102 41
102 86
102 71
102 11
102 37
102 106
102 108
102 111
102 112
102 117
103 0
103 5
103 7
103 16
103 22
103 23
103 25
103 27
103 35
103 38
103 50
103 52
103 60
103 61
103 62
103 63
103 65
103 66
103 67
103 70
103 71
103 73
103 75
103 82
103 85
103 87
103 90
103 93
103 76
103 59
103 54
103 117
103 51
103 104
103 101
103 109
103 98
103 9
103 45
103 48
103 86
103 39
103 2
103 106
103 72
103 122
103 115
103 21
103 118
103 13
103 68
103 119
103 121
103 30
103 79
103 89
103 108
103 100
103 95
103 105
103 42
103 46
103 94
103 40
103 4
103 88
103 116
103 113
104 0
104 4
104 15
104 16
104 20
104 32
104 37
104 38
104 45
104 55
104 59
104 61
104 62
104 65
104 66
104 68
104 70
104 71
104 73
104 74
104 75
104 80
104 87
104 89
104 93
104 103
104 35
104 30
104 107
104 54
104 12
104 34
104 86
104 1
104 124
104 110
104 100
104 3
104 50
104 123
104 112
104 26
104 10
104 98
104 27
104 60
104 57
104 9
104 39
104 122
104 106
104 21
104 88
104 6
104 53
104 81
104 77
104 118
104 63
104 82
104 76
104 5
104 72
104 44
104 97
104 95
104 29
104 105
104 40
104 78
104 8
104 96
104 120
104 31
104 90
104 113
104 114
105 1
105 4
105 7
105 13
105 15
105 16
105 18
105 27
105 30
105 32
105 36
105 37
105 49
105 50
105 51
105 56
105 59
105 62
105 64
105 65
105 66
105 72
105 73
105 75
105 77
105 87
105 98
105 99
105 103
105 104
105 74
105 111
105 89
105 52
105 90
105 88
105 63
105 91
105 29
105 113
105 10
105 109
105 24
105 34
105 14
105 97
105 38
105 53
105 100
105 112
105 61
105 9
105 124
105 19
105 118
105 122
106 4
106 7
106 10
106 15
106 16
106 18
106 27
106 36
106 40
106 51
106 54
106 56
106 61
106 63
106 65
106 66
106 69
106 70
106 73
106 74
106 75
106 87
106 92
106 93
106 96
106 99
106 103
106 104
106 97
106 43
106 57
106 83
106 3
106 76
106 102
106 47
106 119
106 49
106 8
106 25
106 88
106 20
106 46
106 85
106 2
106 22
106 12
106 98
106 42
106 113
106 81
106 50
106 64
106 26
106 33
106 110
106 124
106 68
106 23
106 6
106 21
106 117
106 95
106 38
106 0
106 79
106 91
106 28
106 1
106 112
106 109
106 121
106 31
106 45
106 17
106 100
106 114
107 3
107 11
107 14
107 16
107 19
107 24
107 26
107 27
107 38
107 43
107 45
107 46
107 47
107 48
107 51
107 54
107 65
107 66
107 74
107 75
107 80
107 82
107 90
107 94
107 96
107 98
107 99
107 104
107 12
107 40
107 101
107 49
107 33
107 117
107 70
107 93
107 81
107 8
107 7
107 109
107 111
107 114
107 116
107 118
107 120
107 124
108 0
108 4
108 12
108 20
108 21
108 25
108 32
108 36
108 39
108 45
108 46
108 51
108 63
108 65
108 66
108 68
108 70
108 72
108 77
108 82
108 83
108 87
108 90
108 98
108 99
108 103
108 1
108 95
108 3
108 40
108 13
108 91
108 7
108 43
108 84
108 121
108 101
108 88
108 86
108 55
108 89
108 61
108 2
108 85
108 124
108 58
108 11
108 81
108 10
108 47
108 37
108 75
108 50
108 102
108 111
108 97
108 109
108 112
108 114
108 120
109 0
109 4
109 8
109 10
109 24
109 25
109 27
109 34
109 37
109 38
109 41
109 42
109 45
109 49
109 54
109 63
109 64
109 66
109 68
109 69
109 70
109 72
109 73
109 74
109 75
109 80
109 96
109 98
109 99
109 100
109 101
109 103
109 105
109 106
109 7
109 26
109 35
109 83
109 111
109 20
109 81
109 30
109 43
109 95
109 92
109 22
109 71
109 60
109 19
109 61
109 112
109 53
109 119
109 123
109 86
109 32
109 13
109 58
109 77
109 23
109 110
109 85
109 11
109 9
109 62
109 16
109 28
109 18
109 6
109 31
109 107
109 79
109 55
109 118
109 122
109 84
109 124
109 114
109 94
109 108
109 50
109 39
109 3
109 87
109 113
109 89
109 46
109 78
109 1
109 47
109 117
109 120
110 5
110 7
110 12
110 13
110 16
110 18
110 22
110 24
110 25
110 26
110 29
110 30
110 32
110 34
110 35
110 36
110 38
110 40
110 51
110 52
110 59
110 62
110 63
110 64
110 65
110 69
110 71
110 80
110 87
110 93
110 96
110 98
110 99
110 100
110 104
110 106
110 109
110 9
110 92
110 10
110 119
110 55
110 11
110 45
110 60
110 27
110 28
110 101
110 54
110 121
110 44
110 41
110 61
110 115
110 76
110 50
110 114
110 82
110 31
110 79
110 120
110 15
110 91
110 83
110 37
110 113
110 48
110 118
111 0
111 13
111 15
111 16
111 21
111 22
111 27
111 29
111 34
111 37
111 39
111 45
111 56
111 59
111 61
111 62
111 70
111 73
111 75
111 78
111 79
111 82
111 99
111 105
111 108
111 109
111 28
111 69
111 19
111 97
111 122
111 114
111 121
111 36
111 67
111 98
111 17
111 116
111 91
111 115
111 96
111 89
111 35
111 68
111 14
111 76
111 107
111 20
111 12
111 60
111 23
111 102
111 52
111 1
111 41
111 3
111 53
111 120
111 124
112 3
112 4
112 5
112 11
112 20
112 25
112 27
112 29
112 32
112 35
112 36
112 37
112 44
112 45
112 46
112 48
112 50
112 51
112 54
112 56
112 62
112 63
112 65
112 67
112 71
112 72
112 73
112 75
112 82
112 87
112 96
112 99
112 104
112 105
112 106
112 109
112 113
112 89
112 68
112 115
112 83
112 7
112 85
112 19
112 10
112 88
112 97
112 118
112 15
112 38
112 41
112 94
112 80
112 34
112 121
112 40
112 124
112 108
112 42
112 2
112 92
112 95
112 101
112 58
112 122
112 98
112 0
112 102
112 57
112 117
112 13
112 119
112 66
112 31
112 116
112 120
113 7
113 13
113 14
113 18
113 24
113 27
113 38
113 45
113 54
113 55
113 59
113 63
113 64
113 65
113 70
113 71
113 73
113 75
113 82
113 88
113 91
113 93
113 98
113 99
113 101
113 105
113 106
113 109
113 110
113 112
113 74
113 62
113 21
113 72
113 4
113 19
113 121
113 44
113 0
113 77
113 104
113 42
113 41
113 103
113 80
113 57
113 25
113 60
113 22
113 84
113 6
113 67
113 1
113 50
113 48
113 10
113 87
113 117
113 9
113 37
113 92
113 114
113 116
114 0
114 5
114 13
114 18
114 21
114 27
114 35
114 36
114 38
114 49
114 51
114 56
114 59
114 63
114 64
114 67
114 70
114 71
114 73
114 80
114 82
114 93
114 95
114 96
114 100
114 109
114 110
114 111
114 115
114 20
114 106
114 75
114 117
114 4
114 37
114 72
114 86
114 19
114 94
114 124
114 65
114 104
114 8
114 29
114 47
114 89
114 41
114 99
114 77
114 81
114 61
114 120
114 24
114 87
114 118
114 85
114 101
114 92
114 60
114 32
114 90
114 55
114 52
114 34
114 9
114 26
114 98
114 48
114 58
114 3
114 31
114 16
114 25
114 108
114 113
114 57
114 83
114 107
115 4
115 7
115 13
115 14
115 15
115 20
115 21
115 22
115 24
115 25
115 34
115 36
115 44
115 52
115 56
115 59
115 62
115 63
115 64
115 65
115 66
115 67
115 70
115 71
115 72
115 75
115 77
115 80
115 84
115 86
115 88
115 92
115 93
115 99
115 100
115 103
115 110
115 111
115 112
115 114
115 54
115 89
115 50
115 43
115 78
115 118
115 120
116 0
116 5
116 11
116 15
116 20
116 23
116 24
116 26
116 27
116 29
116 32
116 34
116 45
116 50
116 53
116 56
116 59
116 62
116 63
116 64
116 70
116 72
116 74
116 75
116 98
116 100
116 103
116 111
116 112
116 17
116 113
116 107
116 118
116 120
117 0
117 4
117 5
117 6
117 7
117 10
117 12
117 13
117 14
117 15
117 16
117 25
117 27
117 32
117 34
117 36
117 45
117 55
117 64
117 65
117 69
117 70
117 74
117 77
117 87
117 92
117 93
117 98
117 99
117 103
117 106
117 107
117 112
117 113
117 114
117 68
117 47
117 18
117 94
117 86
117 1
117 23
117 63
117 79
117 48
117 42
117 95
117 102
117 17
117 119
117 52
117 38
117 49
117 54
117 73
117 39
117 37
117 96
117 3
117 91
117 40
117 123
117 62
117 43
117 46
117 122
117 97
117 83
117 72
117 109
117 53
117 120
117 118
117 124
118 4
118 12
118 19
118 23
118 26
118 27
118 33
118 37
118 40
118 45
118 47
118 48
118 50
118 52
118 55
118 59
118 62
118 63
118 65
118 66
118 67
118 72
118 73
118 75
118 77
118 80
118 90
118 93
118 103
118 104
118 109
118 112
118 114
118 70
118 56
118 107
118 120
118 122
118 115
118 6
118 61
118 24
118 89
118 14
118 10
118 44
118 2
118 39
118 41
118 99
118 95
118 64
118 8
118 15
118 96
118 71
118 20
118 101
118 105
118 79
118 119
118 110
118 69
118 98
118 29
118 51
118 97
118 9
118 78
118 49
118 86
118 83
118 32
118 123
118 34
118 117
118 92
118 85
118 25
118 100
118 116
118 87
118 3
118 54
118 58
118 88
118 124
119 0
119 4
119 6
119 16
119 25
119 26
119 33
119 39
119 45
119 46
119 47
119 50
119 52
119 53
119 54
119 56
119 57
119 59
119 63
119 64
119 66
119 70
119 72
119 73
119 75
119 80
119 86
119 87
119 92
119 93
119 99
119 100
119 103
119 106
119 109
119 110
119 112
119 117
119 118
119 7
119 19
119 95
119 120
119 122
119 123
120 4
120 5
120 7
120 10
120 12
120 13
120 14
120 18
120 24
120 26
120 27
120 32
120 33
120 37
120 45
120 48
120 50
120 53
120 57
120 61
120 62
120 63
120 64
120 66
120 68
120 70
120 77
120 82
120 83
120 87
120 93
120 98
120 104
120 110
120 114
120 117
120 118
120 55
120 2
120 31
120 76
120 108
120 72
120 20
120 92
120 121
120 47
120 46
120 109
120 59
120 123
120 8
120 69
120 23
120 96
120 88
120 116
120 100
120 9
120 38
120 30
120 85
120 115
120 60
120 1
120 89
120 42
120 40
120 25
120 35
120 84
120 107
120 122
120 75
120 15
120 112
120 119
120 44
120 74
120 67
120 54
120 78
120 71
120 6
120 124
120 111
120 101
120 81
120 90
121 0
121 14
121 15
121 16
121 18
121 24
121 25
121 29
121 30
121 36
121 38
121 43
121 48
121 52
121 56
121 57
121 59
121 66
121 69
121 73
121 75
121 79
121 80
121 84
121 86
121 87
121 90
121 94
121 98
121 100
121 103
121 106
121 108
121 110
121 111
121 112
121 113
121 120
121 61
121 93
121 85
121 123
122 1
122 7
122 12
122 13
122 18
122 24
122 26
122 33
122 34
122 37
122 38
122 51
122 54
122 59
122 61
122 63
122 65
122 66
122 69
122 72
122 73
122 75
122 77
122 82
122 83
122 85
122 87
122 89
122 92
122 96
122 98
122 103
122 104
122 109
122 111
122 112
122 117
122 118
122 120
122 53
122 20
122 17
122 32
122 105
122 70
122 95
122 6
122 64
122 91
122 119
122 43
122 16
122 28
122 67
122 71
122 35
122 79
122 41
122 97
122 123
123 4
123 5
123 12
123 16
123 23
123 24
123 25
123 38
123 43
123 44
123 45
123 50
123 52
123 56
123 59
123 61
123 62
123 65
123 68
123 70
123 73
123 74
123 75
123 77
123 79
123 82
123 84
123 85
123 87
123 93
123 96
123 98
123 99
123 104
123 109
123 117
123 118
123 120
123 122
123 121
123 100
123 119
123 101
124 1
124 4
124 7
124 13
124 25
124 26
124 27
124 30
124 34
124 36
124 51
124 52
124 55
124 62
124 64
124 66
124 72
124 77
124 79
124 80
124 82
124 88
124 89
124 93
124 100
124 104
124 105
124 106
124 108
124 109
124 112
124 114
124 120
124 70
124 97
124 39
124 96
124 8
124 48
124 33
124 11
124 118
124 117
124 74
124 107
124 78
124 44
124 12
124 111
124 68
124 9
