75
0 60
0 39
0 52
0 6
0 18
0 19
0 20
0 29
0 31
0 32
0 33
0 37
0 42
0 48
0 49
0 50
0 59
0 61
0 66
0 74
1 43
1 50
1 60
1 61
1 41
1 32
1 36
1 33
1 62
1 29
1 31
1 18
1 3
1 11
1 56
1 59
1 9
1 30
1 48
1 47
1 25
1 67
1 23
1 42
1 14
1 70
1 66
1 16
1 74
1 5
1 6
1 13
1 17
1 19
1 27
1 35
1 37
1 38
1 39
1 51
1 52
2 40
2 33
2 56
2 4
2 9
2 10
2 18
2 19
2 20
2 22
2 36
2 38
2 43
2 48
2 59
2 62
2 63
2 66
2 67
2 74
3 1
3 8
3 52
3 58
3 61
3 15
3 73
3 24
3 59
3 28
3 33
3 70
3 62
3 29
3 18
3 39
3 27
3 25
3 6
3 7
3 9
3 10
3 12
3 16
3 20
3 31
3 35
3 37
3 42
3 43
3 47
3 51
3 54
3 56
3 57
3 60
3 65
3 66
3 67
3 69
3 72
3 74
4 24
4 34
4 29
4 60
4 74
4 62
4 9
4 41
4 40
4 36
4 2
4 32
4 20
4 50
4 51
4 37
4 56
4 39
4 30
4 53
4 18
4 49
4 11
4 66
4 59
4 45
4 65
4 68
4 57
4 25
4 73
4 5
4 6
4 12
4 13
4 17
4 26
4 33
4 38
4 42
4 43
4 47
4 52
4 67
4 70
5 4
5 27
5 60
5 21
5 9
5 59
5 20
5 44
5 22
5 48
5 15
5 26
5 12
5 43
5 53
5 23
5 55
5 52
5 74
5 30
5 45
5 1
5 39
5 67
5 35
5 6
5 17
5 66
5 51
5 19
5 11
5 14
5 32
5 33
5 46
5 54
5 61
5 63
5 65
5 69
5 71
5 72
6 5
6 56
6 10
6 42
6 70
6 14
6 1
6 8
6 4
6 71
6 32
6 0
6 38
6 54
6 50
6 36
6 61
6 58
6 37
6 20
6 23
6 27
6 62
6 67
6 51
6 40
6 55
6 69
6 57
6 28
6 11
6 16
6 12
6 9
6 17
6 3
6 18
6 22
6 26
6 30
6 46
6 48
6 52
6 59
6 63
6 64
6 65
6 66
6 74
7 16
7 3
7 40
7 51
7 18
7 25
7 48
7 17
7 71
7 49
7 32
7 29
7 44
7 11
7 26
7 56
7 73
7 41
7 53
7 60
7 65
7 13
7 14
7 30
7 37
7 38
7 39
7 42
7 50
7 61
7 63
7 66
7 67
7 69
7 70
7 72
8 3
8 6
8 74
8 38
8 67
8 56
8 63
8 18
8 17
8 9
8 10
8 19
8 26
8 33
8 34
8 35
8 36
8 42
8 47
8 51
8 60
8 61
8 64
8 65
8 69
8 71
8 73
9 1
9 4
9 5
9 6
9 22
9 38
9 55
9 42
9 72
9 66
9 63
9 40
9 46
9 56
9 20
9 2
9 29
9 21
9 74
9 71
9 67
9 47
9 23
9 61
9 28
9 26
9 43
9 3
9 64
9 35
9 25
9 44
9 48
9 45
9 8
9 18
9 33
9 36
9 39
9 51
9 52
9 57
9 59
9 73
10 6
10 54
10 25
10 27
10 37
10 19
10 39
10 45
10 26
10 60
10 3
10 71
10 57
10 2
10 53
10 20
10 17
10 8
10 42
10 49
10 63
10 65
10 56
10 14
10 16
10 18
10 22
10 29
10 31
10 33
10 35
10 36
10 43
10 52
10 59
10 72
10 73
11 1
11 4
11 6
11 7
11 60
11 69
11 30
11 38
11 43
11 52
11 22
11 21
11 53
11 40
11 48
11 20
11 5
11 47
11 46
11 26
11 41
11 13
11 18
11 31
11 32
11 33
11 35
11 37
11 42
11 49
11 51
11 54
11 57
11 66
11 67
12 5
12 6
12 18
12 16
12 61
12 70
12 71
12 66
12 39
12 19
12 3
12 30
12 27
12 34
12 31
12 4
12 24
12 20
12 35
12 57
12 14
12 26
12 32
12 41
12 42
12 43
12 47
12 51
12 52
12 56
12 59
12 64
12 65
12 67
12 69
12 72
13 73
13 7
13 57
13 25
13 34
13 49
13 19
13 20
13 4
13 24
13 14
13 11
13 38
13 44
13 21
13 27
13 52
13 70
13 48
13 59
13 62
13 1
13 47
13 16
13 26
13 29
13 30
13 31
13 32
13 33
13 35
13 36
13 39
13 42
13 43
13 51
13 54
13 56
13 60
13 65
13 67
13 69
13 74
14 1
14 6
14 13
14 67
14 70
14 24
14 48
14 58
14 41
14 10
14 34
14 12
14 5
14 40
14 66
14 7
14 18
14 37
14 51
14 73
14 65
14 49
14 42
14 71
14 68
14 17
14 62
14 45
14 27
14 31
14 57
14 19
14 30
14 32
14 33
14 35
14 36
14 38
14 52
14 56
14 60
14 64
15 3
15 5
15 28
15 30
15 66
15 17
15 43
15 51
15 19
15 22
15 29
15 35
15 36
15 38
15 42
15 49
15 56
15 60
15 67
15 71
15 73
16 1
16 6
16 7
16 12
16 45
16 27
16 34
16 3
16 10
16 63
16 66
16 13
16 36
16 57
16 30
16 51
16 52
16 40
16 61
16 70
16 24
16 18
16 20
16 21
16 23
16 28
16 46
16 59
16 60
16 62
16 65
16 67
16 69
17 5
17 6
17 7
17 8
17 10
17 14
17 15
17 26
17 40
17 37
17 51
17 19
17 4
17 20
17 1
17 53
17 73
17 52
17 49
17 54
17 67
17 60
17 32
17 57
17 27
17 62
17 18
17 33
17 30
17 70
17 21
17 38
17 41
17 42
17 56
17 61
17 69
17 71
17 72
18 1
18 3
18 4
18 7
18 8
18 12
18 14
18 17
18 0
18 47
18 62
18 39
18 38
18 10
18 61
18 32
18 51
18 53
18 55
18 33
18 6
18 67
18 57
18 72
18 50
18 56
18 44
18 49
18 59
18 9
18 42
18 2
18 43
18 70
18 11
18 23
18 28
18 27
18 71
18 16
18 73
18 19
18 20
18 24
18 36
18 52
18 54
18 65
18 66
19 5
19 10
19 12
19 13
19 17
19 72
19 30
19 35
19 18
19 50
19 2
19 1
19 14
19 61
19 20
19 66
19 51
19 53
19 0
19 52
19 46
19 8
19 58
19 40
19 59
19 36
19 42
19 56
19 41
19 43
19 63
19 15
19 64
19 45
19 60
19 74
19 23
19 27
19 71
19 22
19 26
19 29
19 31
19 32
19 39
19 54
19 57
19 67
19 68
19 69
20 4
20 5
20 6
20 9
20 10
20 11
20 12
20 13
20 17
20 19
20 73
20 0
20 35
20 2
20 18
20 22
20 51
20 23
20 48
20 47
20 37
20 36
20 31
20 54
20 16
20 24
20 56
20 34
20 71
20 63
20 42
20 32
20 26
20 41
20 25
20 3
20 30
20 33
20 38
20 43
20 59
20 60
20 65
20 66
20 67
20 69
20 72
21 5
21 9
21 11
21 13
21 38
21 17
21 48
21 62
21 53
21 28
21 16
21 22
21 30
21 31
21 32
21 34
21 35
21 36
21 37
21 54
21 59
21 67
21 71
21 72
21 73
22 5
22 9
22 11
22 20
22 67
22 19
22 57
22 44
22 52
22 15
22 58
22 70
22 49
22 2
22 51
22 43
22 21
22 6
22 39
22 59
22 28
22 30
22 10
22 29
22 63
22 23
22 36
22 42
22 54
22 61
22 66
22 69
22 71
22 72
23 1
23 5
23 6
23 9
23 18
23 19
23 20
23 22
23 27
23 43
23 34
23 25
23 16
23 44
23 31
23 26
23 29
23 30
23 32
23 36
23 37
23 45
23 51
23 55
23 56
23 57
23 59
23 60
23 61
23 65
23 66
23 67
23 69
23 71
24 3
24 4
24 12
24 13
24 14
24 16
24 20
24 63
24 18
24 67
24 45
24 26
24 43
24 68
24 72
24 35
24 38
24 30
24 32
24 33
24 36
24 37
24 39
24 42
24 46
24 52
24 54
24 59
24 60
24 61
24 66
24 70
24 74
25 1
25 3
25 4
25 7
25 9
25 10
25 13
25 20
25 23
25 42
25 27
25 50
25 66
25 44
25 28
25 29
25 30
25 33
25 39
25 41
25 46
25 59
25 60
25 63
25 67
25 70
25 71
25 74
26 5
26 7
26 9
26 10
26 11
26 17
26 20
26 23
26 24
26 32
26 8
26 40
26 72
26 74
26 4
26 36
26 13
26 6
26 56
26 66
26 55
26 50
26 34
26 44
26 61
26 71
26 31
26 68
26 19
26 60
26 54
26 12
26 69
26 29
26 27
26 30
26 38
26 43
26 48
26 57
26 59
26 63
26 67
26 70
26 73
27 3
27 5
27 6
27 10
27 12
27 13
27 14
27 16
27 17
27 18
27 19
27 23
27 25
27 26
27 42
27 59
27 65
27 71
27 1
27 28
27 29
27 32
27 33
27 36
27 43
27 44
27 47
27 48
27 56
27 63
27 64
27 66
27 67
27 73
28 3
28 6
28 9
28 15
28 18
28 21
28 22
28 16
28 69
28 66
28 27
28 37
28 40
28 25
28 36
28 30
28 35
28 41
28 42
28 45
28 46
28 51
28 54
28 59
28 61
28 67
28 72
28 74
29 1
29 3
29 4
29 7
29 9
29 22
29 26
29 19
29 49
29 55
29 15
29 27
29 0
29 32
29 45
29 10
29 13
29 59
29 23
29 47
29 51
29 25
29 56
29 30
29 33
29 35
29 37
29 38
29 52
29 60
29 61
29 63
29 65
29 66
30 1
30 4
30 5
30 11
30 12
30 15
30 16
30 17
30 19
30 20
30 22
30 31
30 13
30 59
30 56
30 7
30 23
30 21
30 40
30 49
30 33
30 70
30 47
30 29
30 28
30 34
30 42
30 54
30 6
30 25
30 32
30 14
30 26
30 44
30 24
30 38
30 65
30 37
30 60
30 64
30 35
30 67
30 39
30 43
30 48
30 52
30 57
30 58
30 63
30 66
30 69
30 72
30 73
31 1
31 12
31 14
31 20
31 23
31 26
31 30
31 49
31 32
31 50
31 65
31 11
31 40
31 70
31 52
31 41
31 3
31 21
31 42
31 55
31 35
31 34
31 13
31 10
31 19
31 36
31 58
31 66
31 0
31 33
31 38
31 43
31 72
31 73
31 74
32 1
32 4
32 6
32 7
32 17
32 18
32 20
32 26
32 29
32 30
32 31
32 47
32 73
32 23
32 72
32 36
32 19
32 74
32 0
32 5
32 54
32 68
32 50
32 39
32 12
32 67
32 40
32 38
32 11
32 37
32 43
32 21
32 48
32 66
32 13
32 27
32 24
32 33
32 57
32 69
32 14
32 51
32 52
32 58
32 60
32 65
32 71
33 1
33 2
33 3
33 17
33 18
33 20
33 30
33 32
33 9
33 67
33 42
33 41
33 36
33 58
33 35
33 4
33 29
33 48
33 34
33 73
33 8
33 14
33 62
33 38
33 5
33 44
33 13
33 31
33 11
33 50
33 10
33 39
33 0
33 47
33 27
33 25
33 59
33 72
33 68
33 24
33 43
33 51
33 52
33 54
33 56
33 60
33 61
33 66
33 71
34 4
34 12
34 13
34 14
34 16
34 20
34 23
34 26
34 30
34 31
34 33
34 42
34 21
34 35
34 8
34 49
34 60
34 70
34 72
34 37
34 39
34 41
34 43
34 47
34 52
34 54
34 57
34 65
34 66
34 67
34 73
34 74
35 5
35 9
35 12
35 19
35 20
35 24
35 30
35 31
35 33
35 34
35 60
35 47
35 66
35 8
35 10
35 74
35 46
35 56
35 13
35 67
35 29
35 52
35 50
35 36
35 14
35 54
35 49
35 42
35 1
35 3
35 28
35 15
35 11
35 63
35 21
35 38
35 41
35 43
35 48
35 59
35 65
35 68
35 70
35 71
36 1
36 4
36 6
36 16
36 19
36 20
36 26
36 28
36 31
36 32
36 33
36 35
36 14
36 40
36 24
36 70
36 13
36 18
36 48
36 39
36 60
36 47
36 67
36 2
36 63
36 38
36 61
36 55
36 69
36 57
36 23
36 73
36 53
36 21
36 22
36 68
36 10
36 27
36 52
36 45
36 8
36 43
36 51
36 42
36 15
36 9
36 71
36 74
36 41
36 54
36 59
36 72
37 4
37 6
37 10
37 14
37 17
37 20
37 28
37 30
37 32
37 47
37 0
37 65
37 24
37 23
37 51
37 73
37 49
37 11
37 68
37 48
37 21
37 3
37 71
37 39
37 7
37 29
37 50
37 44
37 34
37 61
37 1
37 38
37 40
37 42
37 45
37 54
37 57
37 60
37 63
37 66
37 67
37 69
37 72
37 74
38 6
38 8
38 9
38 11
38 13
38 18
38 21
38 24
38 30
38 32
38 33
38 36
38 52
38 47
38 54
38 14
38 53
38 63
38 39
38 59
38 4
38 26
38 48
38 56
38 2
38 31
38 15
38 70
38 20
38 69
38 49
38 66
38 40
38 37
38 73
38 55
38 17
38 1
38 7
38 68
38 29
38 35
38 67
38 46
38 62
38 50
38 72
38 44
38 51
38 57
38 61
38 64
39 0
39 3
39 4
39 5
39 10
39 12
39 18
39 22
39 32
39 33
39 36
39 37
39 38
39 68
39 51
39 19
39 71
39 24
39 34
39 65
39 46
39 64
39 67
39 72
39 43
39 9
39 50
39 74
39 30
39 7
39 66
39 48
39 13
39 25
39 1
39 44
39 73
39 41
39 42
39 45
39 52
39 55
39 56
39 59
39 60
40 2
40 4
40 6
40 7
40 9
40 11
40 14
40 16
40 17
40 19
40 26
40 28
40 30
40 31
40 32
40 36
40 38
40 55
40 37
40 63
40 51
40 42
40 59
40 60
40 61
41 1
41 4
41 7
41 11
41 14
41 19
41 20
41 31
41 33
41 35
41 57
41 50
41 47
41 39
41 69
41 59
41 34
41 45
41 73
41 46
41 28
41 36
41 70
41 43
41 61
41 17
41 54
41 60
41 55
41 66
41 48
41 25
41 63
41 12
41 51
41 67
41 71
41 72
42 1
42 6
42 9
42 10
42 14
42 18
42 19
42 20
42 25
42 27
42 30
42 31
42 33
42 34
42 35
42 36
42 40
42 22
42 57
42 4
42 52
42 0
42 63
42 72
42 74
42 68
42 39
42 70
42 45
42 53
42 67
42 55
42 62
42 7
42 73
42 17
42 12
42 8
42 28
42 3
42 47
42 64
42 13
42 56
42 37
42 15
42 51
42 24
42 11
42 43
42 49
42 59
42 60
42 61
42 69
42 71
43 1
43 5
43 9
43 11
43 15
43 18
43 19
43 22
43 23
43 24
43 32
43 36
43 39
43 41
43 56
43 42
43 69
43 10
43 70
43 35
43 2
43 65
43 49
43 12
43 74
43 3
43 26
43 71
43 52
43 50
43 63
43 72
43 30
43 64
43 48
43 68
43 34
43 13
43 73
43 20
43 67
43 60
43 27
43 33
43 31
43 62
43 4
43 55
43 51
43 54
44 5
44 7
44 9
44 13
44 18
44 22
44 23
44 25
44 26
44 30
44 33
44 37
44 39
44 68
44 54
44 72
44 67
44 27
44 38
44 51
44 52
44 60
44 61
44 65
44 73
45 4
45 5
45 9
45 10
45 14
45 16
45 19
45 24
45 29
45 36
45 41
45 42
45 39
45 28
45 55
45 62
45 23
45 68
45 37
45 52
45 54
45 56
45 57
45 60
45 63
45 67
45 73
46 9
46 11
46 19
46 35
46 38
46 39
46 41
46 61
46 6
46 25
46 72
46 57
46 59
46 16
46 50
46 24
46 5
46 28
46 48
46 49
46 54
46 55
46 60
46 66
46 67
46 71
46 73
47 1
47 9
47 11
47 13
47 18
47 20
47 29
47 30
47 32
47 33
47 35
47 36
47 37
47 38
47 41
47 42
47 49
47 64
47 71
47 3
47 65
47 34
47 8
47 54
47 70
47 4
47 27
47 12
47 48
47 51
47 52
47 56
47 57
47 62
47 63
47 66
47 67
47 73
48 1
48 5
48 7
48 9
48 11
48 13
48 14
48 20
48 21
48 32
48 33
48 36
48 37
48 38
48 39
48 41
48 43
48 35
48 65
48 2
48 67
48 60
48 55
48 30
48 0
48 56
48 27
48 6
48 69
48 46
48 50
48 49
48 26
48 47
48 51
48 52
48 54
48 61
48 63
48 66
49 4
49 7
49 10
49 13
49 14
49 17
49 18
49 22
49 29
49 30
49 31
49 34
49 35
49 37
49 38
49 43
49 47
49 48
49 0
49 53
49 42
49 52
49 15
49 72
49 11
49 58
49 46
49 54
49 59
49 63
49 70
49 73
50 1
50 4
50 6
50 18
50 19
50 25
50 26
50 31
50 32
50 33
50 35
50 37
50 38
50 39
50 41
50 43
50 46
50 48
50 58
50 51
50 71
50 0
50 56
50 7
50 52
50 53
50 54
50 57
50 60
50 63
50 66
50 67
50 69
51 4
51 5
51 6
51 7
51 14
51 15
51 16
51 17
51 18
51 19
51 20
51 22
51 29
51 36
51 37
51 39
51 40
51 42
51 50
51 13
51 33
51 56
51 38
51 12
51 32
51 44
51 9
51 72
51 63
51 8
51 48
51 58
51 67
51 74
51 11
51 71
51 59
51 47
51 23
51 61
51 54
51 41
51 62
51 66
51 68
51 65
51 28
51 53
51 3
51 70
51 43
51 1
51 60
52 0
52 3
52 5
52 11
52 13
52 16
52 17
52 19
52 22
52 31
52 35
52 36
52 38
52 42
52 43
52 49
52 24
52 48
52 44
52 14
52 18
52 12
52 4
52 6
52 54
52 70
52 47
52 9
52 32
52 68
52 60
52 71
52 34
52 29
52 1
52 39
52 65
52 10
52 33
52 45
52 50
52 63
52 30
52 59
52 61
52 66
52 67
52 74
53 4
53 5
53 7
53 10
53 11
53 17
53 18
53 19
53 21
53 36
53 38
53 42
53 49
53 51
53 50
53 57
53 59
53 61
53 63
53 67
53 72
54 6
54 10
54 17
54 20
54 26
54 30
54 32
54 35
54 38
54 41
54 44
54 47
54 51
54 52
54 67
54 66
54 36
54 56
54 37
54 50
54 24
54 49
54 34
54 48
54 18
54 62
54 28
54 43
54 5
54 33
54 3
54 63
54 60
54 45
54 74
54 13
54 64
54 65
54 46
54 11
54 19
54 21
54 22
54 57
54 69
54 70
55 5
55 6
55 9
55 18
55 26
55 29
55 31
55 36
55 38
55 40
55 41
55 42
55 43
55 45
55 48
55 23
55 46
55 59
55 70
55 61
55 39
55 60
55 63
55 65
55 66
55 67
55 73
55 74
56 1
56 2
56 4
56 6
56 7
56 8
56 9
56 10
56 18
56 19
56 20
56 26
56 29
56 30
56 35
56 38
56 42
56 43
56 48
56 50
56 51
56 54
56 12
56 57
56 14
56 67
56 23
56 69
56 17
56 45
56 71
56 27
56 66
56 13
56 15
56 3
56 60
56 74
56 63
56 47
56 61
56 33
56 39
56 59
56 72
56 73
57 4
57 6
57 10
57 12
57 13
57 14
57 16
57 17
57 18
57 22
57 32
57 36
57 41
57 42
57 46
57 56
57 61
57 64
57 53
57 62
57 60
57 30
57 59
57 9
57 3
57 70
57 68
57 45
57 54
57 73
57 23
57 11
57 38
57 37
57 34
57 50
57 63
57 47
57 26
57 19
57 69
57 65
57 66
57 71
57 72
58 3
58 6
58 14
58 19
58 22
58 31
58 33
58 49
58 50
58 51
58 71
58 32
58 30
58 59
58 60
59 1
59 3
59 4
59 5
59 13
59 18
59 19
59 22
59 27
59 29
59 30
59 33
59 38
59 41
59 46
59 51
59 52
59 55
59 57
59 42
59 10
59 0
59 21
59 9
59 40
59 26
59 16
59 35
59 69
59 39
59 2
59 71
59 28
59 12
59 61
59 68
59 53
59 58
59 63
59 49
59 23
59 65
59 20
59 6
59 25
59 36
59 56
59 24
59 60
59 73
60 0
60 1
60 4
60 5
60 7
60 10
60 11
60 17
60 19
60 26
60 30
60 34
60 35
60 36
60 41
60 43
60 48
60 52
60 54
60 56
60 57
60 39
60 68
60 59
60 67
60 16
60 33
60 72
60 23
60 46
60 40
60 50
60 24
60 20
60 51
60 8
60 44
60 69
60 65
60 58
60 55
60 29
60 70
60 13
60 42
60 14
60 3
60 32
60 64
60 74
60 45
60 25
60 37
60 62
60 15
60 61
60 71
60 73
61 1
61 3
61 6
61 9
61 12
61 16
61 18
61 19
61 26
61 36
61 37
61 41
61 46
61 51
61 55
61 56
61 57
61 59
61 8
61 69
61 53
61 17
61 71
61 42
61 60
61 33
61 5
61 22
61 0
61 23
61 65
61 7
61 52
61 44
61 70
61 24
61 28
61 48
61 62
61 38
61 40
61 72
61 67
61 29
61 66
61 68
61 73
62 1
62 3
62 4
62 6
62 13
62 14
62 17
62 18
62 21
62 33
62 38
62 42
62 43
62 45
62 51
62 54
62 57
62 60
62 61
62 16
62 47
62 74
62 2
62 66
62 67
62 72
62 73
63 8
63 9
63 10
63 16
63 19
63 20
63 22
63 24
63 35
63 36
63 38
63 40
63 41
63 42
63 43
63 51
63 52
63 54
63 56
63 57
63 59
63 67
63 30
63 64
63 45
63 47
63 25
63 53
63 7
63 27
63 55
63 2
63 50
63 5
63 26
63 49
63 73
63 29
63 74
63 48
63 66
63 37
63 6
64 9
64 19
64 30
64 39
64 42
64 43
64 47
64 54
64 57
64 60
64 63
64 8
64 12
64 38
64 27
64 14
64 6
64 70
64 65
64 66
64 67
64 71
65 4
65 7
65 10
65 14
65 27
65 30
65 31
65 37
65 39
65 43
65 47
65 48
65 51
65 52
65 54
65 59
65 60
65 61
65 55
65 34
65 12
65 3
65 71
65 70
65 20
65 67
65 44
65 32
65 5
65 64
65 57
65 13
65 18
65 8
65 35
65 23
65 69
65 16
65 6
65 29
66 1
66 4
66 5
66 9
66 12
66 14
66 15
66 16
66 19
66 25
66 26
66 28
66 31
66 32
66 35
66 38
66 39
66 41
66 51
66 54
66 56
66 63
66 72
66 55
66 46
66 24
66 64
66 69
66 6
66 70
66 33
66 71
66 7
66 50
66 61
66 68
66 20
66 48
66 47
66 22
66 2
66 23
66 34
66 0
66 30
66 27
66 74
66 57
66 29
66 67
66 52
66 37
66 11
66 18
66 62
66 3
67 1
67 5
67 6
67 8
67 9
67 14
67 17
67 18
67 22
67 24
67 30
67 32
67 33
67 35
67 36
67 38
67 39
67 42
67 43
67 44
67 48
67 51
67 54
67 56
67 60
67 61
67 63
67 65
67 66
67 23
67 45
67 70
67 72
67 64
67 13
67 19
67 69
67 41
67 15
67 52
67 68
67 34
67 47
67 55
67 21
67 46
67 53
67 26
67 12
67 71
67 2
67 62
67 73
67 50
67 20
67 11
67 3
67 4
67 16
67 7
67 27
67 28
67 25
67 37
68 4
68 14
68 24
68 26
68 32
68 33
68 36
68 37
68 38
68 39
68 42
68 43
68 44
68 45
68 51
68 52
68 57
68 59
68 60
68 66
68 67
68 19
68 61
68 35
68 69
69 6
69 11
69 26
69 28
69 32
69 36
69 38
69 41
69 43
69 48
69 56
69 57
69 59
69 60
69 61
69 65
69 66
69 67
69 68
69 72
69 5
69 42
69 22
69 16
69 37
69 20
69 54
69 8
69 30
69 3
69 13
69 12
69 7
69 50
69 23
69 19
69 17
69 70
69 71
69 73
70 1
70 3
70 6
70 12
70 13
70 14
70 16
70 17
70 18
70 22
70 30
70 31
70 34
70 36
70 38
70 41
70 42
70 43
70 47
70 51
70 52
70 55
70 57
70 60
70 61
70 64
70 65
70 66
70 67
70 69
70 54
70 71
70 25
70 26
70 24
70 72
70 4
70 7
70 49
70 35
70 73
70 74
71 6
71 7
71 9
71 10
71 12
71 14
71 18
71 19
71 20
71 26
71 27
71 36
71 37
71 39
71 43
71 47
71 50
71 51
71 52
71 56
71 58
71 59
71 61
71 65
71 66
71 67
71 70
71 32
71 46
71 60
71 21
71 35
71 41
71 8
71 57
71 17
71 64
71 42
71 15
71 22
71 33
71 5
71 23
71 69
71 25
71 74
72 9
72 18
72 19
72 24
72 26
72 32
72 33
72 34
72 38
72 39
72 42
72 43
72 44
72 46
72 49
72 51
72 60
72 61
72 66
72 67
72 69
72 70
72 22
72 57
72 37
72 30
72 21
72 62
72 36
72 56
72 31
72 53
72 10
72 73
72 5
72 12
72 3
72 17
72 28
72 41
72 20
72 7
73 3
73 4
73 7
73 13
73 14
73 17
73 18
73 20
73 32
73 33
73 36
73 37
73 38
73 39
73 41
73 42
73 43
73 57
73 63
73 67
73 72
73 44
73 49
73 21
73 34
73 61
73 10
73 26
73 59
73 15
73 62
73 30
73 55
73 9
73 31
73 45
73 46
73 8
73 70
73 60
73 69
73 56
73 27
73 47
74 1
74 4
74 5
74 8
74 9
74 19
74 26
74 32
74 35
74 36
74 39
74 42
74 43
74 51
74 54
74 56
74 60
74 62
74 63
74 66
74 70
74 3
74 2
74 25
74 34
74 52
74 37
74 0
74 31
74 71
74 24
74 55
74 13
74 28
74 6
