75
0 69
0 60
0 24
0 12
0 73
0 54
0 39
0 10
0 35
0 44
0 53
0 67
0 70
0 15
0 13
0 31
0 23
0 43
0 33
0 30
0 63
0 38
0 71
0 16
0 36
0 41
0 5
0 57
0 9
0 11
0 18
0 21
0 34
0 46
0 47
0 48
0 52
0 55
0 64
0 65
0 66
0 72
0 74
1 30
1 29
1 45
1 49
1 60
1 61
1 24
1 70
1 25
1 5
1 10
1 13
1 16
1 27
1 31
1 33
1 51
1 53
1 63
1 67
1 68
1 71
1 74
2 58
2 49
2 30
2 44
2 51
2 68
2 52
2 63
2 60
2 50
2 20
2 56
2 35
2 42
2 19
2 34
2 38
2 47
2 70
2 73
2 74
2 36
2 7
2 45
2 27
2 59
2 12
2 17
2 31
2 53
2 26
2 10
2 16
2 22
2 24
2 33
2 40
2 41
2 55
2 57
2 66
2 67
3 71
3 5
3 18
3 9
3 16
3 20
3 21
3 24
3 25
3 27
3 30
3 33
3 35
3 38
3 50
3 53
3 57
3 58
3 60
3 61
3 62
3 63
3 65
3 73
3 74
4 70
4 43
4 32
4 22
4 8
4 25
4 38
4 23
4 72
4 20
4 28
4 30
4 65
4 31
4 55
4 9
4 10
4 16
4 27
4 29
4 33
4 39
4 47
4 51
4 52
4 57
4 58
4 62
4 66
4 67
4 71
5 0
5 3
5 69
5 59
5 44
5 9
5 50
5 1
5 62
5 12
5 29
5 20
5 61
5 15
5 32
5 56
5 35
5 41
5 36
5 33
5 11
5 7
5 26
5 64
5 68
5 71
5 21
5 10
5 22
5 24
5 25
5 30
5 39
5 47
5 48
5 49
5 52
5 53
5 57
5 58
5 60
5 63
5 67
6 44
6 74
6 11
6 15
6 65
6 43
6 13
6 72
6 60
6 42
6 19
6 58
6 12
6 35
6 36
6 73
6 14
6 16
6 21
6 25
6 33
6 34
6 39
6 40
6 49
6 53
6 55
6 56
6 59
6 62
6 63
6 64
6 66
7 2
7 5
7 53
7 10
7 17
7 19
7 25
7 27
7 29
7 30
7 33
7 38
7 39
7 43
7 47
7 48
7 52
7 56
7 58
7 60
7 64
7 66
7 67
7 70
7 73
8 4
8 50
8 49
8 57
8 27
8 11
8 69
8 28
8 16
8 21
8 34
8 10
8 14
8 15
8 24
8 29
8 31
8 33
8 39
8 41
8 44
8 45
8 46
8 47
8 53
8 55
8 56
8 60
8 61
8 62
8 66
8 67
8 70
8 71
8 72
9 4
9 5
9 0
9 54
9 63
9 3
9 12
9 18
9 10
9 22
9 24
9 29
9 31
9 34
9 40
9 46
9 52
9 57
9 59
9 60
9 66
9 71
9 72
10 0
10 14
10 7
10 4
10 28
10 30
10 21
10 37
10 1
10 5
10 18
10 65
10 15
10 8
10 55
10 54
10 49
10 2
10 72
10 43
10 40
10 31
10 9
10 60
10 57
10 34
10 12
10 52
10 41
10 48
10 17
10 67
10 59
10 42
10 24
10 35
10 47
10 51
10 53
10 66
10 71
11 5
11 6
11 8
11 36
11 69
11 72
11 33
11 28
11 47
11 0
11 60
11 49
11 27
11 14
11 17
11 68
11 63
11 13
11 20
11 22
11 23
11 29
11 35
11 39
11 52
11 55
11 57
11 62
11 64
11 71
11 73
12 0
12 2
12 5
12 6
12 9
12 10
12 53
12 25
12 14
12 15
12 16
12 21
12 29
12 34
12 38
12 40
12 44
12 60
12 62
12 63
12 66
12 70
12 72
13 0
13 6
13 16
13 21
13 30
13 24
13 11
13 1
13 23
13 25
13 29
13 31
13 34
13 39
13 40
13 48
13 50
13 52
13 53
13 56
13 59
13 61
13 66
13 71
13 72
13 73
14 10
14 11
14 36
14 66
14 49
14 27
14 74
14 71
14 12
14 8
14 37
14 41
14 72
14 51
14 31
14 57
14 6
14 17
14 67
14 23
14 60
14 63
14 16
14 21
14 46
14 52
14 55
14 73
15 0
15 5
15 6
15 10
15 38
15 12
15 23
15 48
15 22
15 8
15 46
15 41
15 70
15 32
15 18
15 21
15 25
15 27
15 33
15 50
15 51
15 56
15 57
15 60
15 61
15 62
15 63
15 69
15 71
16 0
16 8
16 13
16 33
16 60
16 29
16 68
16 46
16 35
16 45
16 53
16 55
16 70
16 39
16 58
16 24
16 56
16 4
16 1
16 41
16 69
16 6
16 21
16 74
16 64
16 19
16 61
16 2
16 63
16 17
16 42
16 3
16 28
16 14
16 65
16 12
16 20
16 22
16 27
16 31
16 34
16 36
16 40
16 50
16 62
16 66
16 71
16 73
17 2
17 10
17 11
17 14
17 16
17 53
17 7
17 71
17 20
17 21
17 22
17 24
17 25
17 27
17 35
17 40
17 42
17 50
17 66
17 72
17 73
18 3
18 9
18 10
18 56
18 45
18 64
18 61
18 47
18 55
18 23
18 15
18 66
18 62
18 19
18 73
18 20
18 36
18 30
18 26
18 51
18 0
18 21
18 28
18 52
18 25
18 57
18 50
18 24
18 27
18 29
18 31
18 39
18 46
18 48
18 58
18 60
18 63
18 71
19 2
19 6
19 16
19 18
19 7
19 45
19 27
19 55
19 23
19 29
19 30
19 33
19 34
19 35
19 44
19 52
19 58
19 60
19 61
19 63
20 2
20 4
20 5
20 18
20 41
20 44
20 69
20 35
20 48
20 65
20 31
20 74
20 40
20 17
20 30
20 49
20 36
20 72
20 16
20 27
20 60
20 11
20 3
20 21
20 24
20 29
20 43
20 45
20 47
20 51
20 53
20 55
20 56
20 67
20 71
21 5
21 8
21 10
21 13
21 16
21 18
21 58
21 53
21 73
21 0
21 15
21 23
21 56
21 61
21 42
21 22
21 47
21 27
21 59
21 39
21 65
21 25
21 12
21 68
21 74
21 35
21 26
21 20
21 67
21 55
21 3
21 31
21 44
21 17
21 6
21 24
21 28
21 54
21 14
21 50
21 71
21 40
21 30
21 33
21 41
21 52
21 57
21 63
21 69
21 72
22 4
22 15
22 21
22 37
22 27
22 34
22 5
22 9
22 73
22 33
22 43
22 2
22 47
22 11
22 65
22 16
22 35
22 36
22 72
22 17
22 29
22 24
22 46
22 25
22 31
22 48
22 49
22 52
22 53
22 60
22 63
22 67
22 68
22 69
22 70
22 71
23 0
23 4
23 14
23 15
23 18
23 21
23 13
23 29
23 28
23 33
23 61
23 19
23 57
23 31
23 11
23 25
23 43
23 45
23 49
23 53
23 60
23 73
23 74
24 0
24 1
24 13
24 16
24 21
24 22
24 26
24 51
24 58
24 32
24 42
24 36
24 71
24 45
24 29
24 50
24 52
24 37
24 18
24 47
24 70
24 3
24 20
24 39
24 9
24 33
24 48
24 59
24 2
24 34
24 5
24 40
24 8
24 65
24 62
24 38
24 66
24 56
24 28
24 17
24 10
24 27
24 31
24 46
24 55
24 60
24 61
24 63
24 73
25 1
25 4
25 12
25 18
25 21
25 3
25 6
25 36
25 68
25 32
25 7
25 65
25 5
25 22
25 15
25 23
25 50
25 41
25 13
25 33
25 17
25 61
25 37
25 63
25 49
25 26
25 29
25 31
25 39
25 42
25 47
25 48
25 55
25 56
25 59
25 60
25 66
25 71
26 2
26 5
26 18
26 21
26 24
26 61
26 46
26 35
26 25
26 38
26 72
26 67
26 39
26 63
26 27
26 29
26 33
26 44
26 49
26 51
26 53
26 69
26 70
26 71
26 73
27 2
27 8
27 11
27 14
27 19
27 20
27 21
27 22
27 35
27 54
27 71
27 18
27 57
27 65
27 73
27 7
27 53
27 32
27 43
27 58
27 16
27 68
27 72
27 44
27 15
27 50
27 37
27 3
27 24
27 48
27 4
27 17
27 26
27 39
27 60
27 52
27 64
27 1
27 45
27 30
27 70
27 28
27 31
27 34
27 46
27 62
27 66
28 4
28 8
28 10
28 11
28 16
28 18
28 21
28 23
28 24
28 32
28 63
28 31
28 40
28 47
28 27
28 64
28 29
28 33
28 39
28 41
28 46
28 48
28 50
28 53
28 55
28 56
28 57
28 59
28 60
28 61
28 62
28 66
28 72
29 1
29 5
29 16
29 22
29 23
29 24
29 7
29 11
29 12
29 72
29 8
29 67
29 32
29 54
29 28
29 9
29 46
29 60
29 53
29 26
29 64
29 4
29 18
29 20
29 70
29 43
29 49
29 34
29 13
29 39
29 58
29 48
29 25
29 71
29 62
29 61
29 56
29 65
29 19
29 73
29 40
29 36
29 47
29 52
29 55
29 63
29 66
30 0
30 1
30 2
30 4
30 10
30 13
30 18
30 20
30 27
30 68
30 5
30 36
30 49
30 69
30 61
30 60
30 31
30 59
30 71
30 21
30 48
30 63
30 40
30 32
30 58
30 3
30 42
30 73
30 19
30 67
30 7
30 47
30 35
30 33
30 38
30 46
30 52
30 55
30 56
30 66
30 72
31 0
31 2
31 4
31 10
31 14
31 20
31 21
31 23
31 28
31 30
31 36
31 71
31 18
31 25
31 1
31 24
31 39
31 9
31 69
31 74
31 59
31 13
31 54
31 22
31 48
31 8
31 16
31 27
31 33
31 41
31 43
31 45
31 49
31 50
31 51
31 52
31 53
31 58
31 60
31 70
32 4
32 5
32 15
32 24
32 25
32 27
32 28
32 29
32 30
32 60
32 33
32 34
32 40
32 44
32 50
32 51
32 53
32 54
32 56
32 57
32 58
32 62
32 64
32 70
32 72
32 73
33 0
33 5
33 11
33 16
33 22
33 23
33 24
33 25
33 62
33 39
33 2
33 32
33 69
33 38
33 42
33 66
33 34
33 15
33 45
33 3
33 56
33 8
33 19
33 63
33 36
33 7
33 6
33 31
33 35
33 30
33 26
33 4
33 21
33 1
33 43
33 40
33 44
33 61
33 54
33 50
33 41
33 28
33 46
33 49
33 52
33 53
33 57
33 58
33 59
33 68
33 70
33 71
33 72
34 2
34 8
34 10
34 22
34 24
34 29
34 33
34 12
34 6
34 39
34 16
34 9
34 27
34 0
34 59
34 19
34 56
34 74
34 48
34 40
34 32
34 41
34 13
34 37
34 46
34 49
34 51
34 53
34 57
34 60
34 63
34 66
34 67
34 72
34 73
35 0
35 2
35 5
35 6
35 16
35 20
35 21
35 22
35 26
35 27
35 30
35 33
35 17
35 10
35 37
35 53
35 49
35 40
35 65
35 45
35 60
35 19
35 48
35 52
35 36
35 69
35 43
35 11
35 44
35 67
35 3
35 63
35 70
35 71
35 72
36 0
36 2
36 5
36 6
36 11
36 14
36 18
36 20
36 22
36 24
36 25
36 30
36 31
36 33
36 35
36 16
36 41
36 42
36 29
36 39
36 40
36 44
36 45
36 46
36 48
36 49
36 50
36 52
36 53
36 54
36 58
36 60
36 61
36 62
36 63
37 10
37 14
37 22
37 24
37 25
37 27
37 34
37 35
37 42
37 39
37 46
37 47
37 48
37 52
37 59
37 64
37 66
37 71
37 74
38 0
38 2
38 4
38 15
38 24
38 26
38 33
38 59
38 12
38 73
38 3
38 30
38 69
38 58
38 7
38 42
38 40
38 48
38 49
38 55
38 60
38 63
38 67
38 71
38 72
39 0
39 16
39 21
39 24
39 26
39 27
39 29
39 31
39 33
39 34
39 72
39 13
39 65
39 8
39 37
39 11
39 59
39 28
39 7
39 18
39 68
39 58
39 5
39 47
39 54
39 4
39 40
39 50
39 36
39 62
39 44
39 25
39 6
39 51
39 52
39 53
39 56
39 63
39 70
39 73
40 10
40 20
40 21
40 24
40 28
40 29
40 30
40 33
40 34
40 35
40 39
40 52
40 54
40 47
40 42
40 44
40 16
40 2
40 48
40 62
40 67
40 38
40 36
40 6
40 32
40 13
40 72
40 53
40 17
40 50
40 9
40 12
40 70
40 45
40 41
40 46
40 60
40 61
40 73
41 0
41 5
41 10
41 14
41 15
41 16
41 20
41 25
41 33
41 34
41 36
41 8
41 31
41 2
41 74
41 64
41 21
41 40
41 58
41 55
41 43
41 28
41 46
41 69
41 65
41 48
41 49
41 57
41 60
41 66
41 70
41 71
41 73
42 2
42 6
42 10
42 16
42 21
42 24
42 30
42 33
42 36
42 37
42 38
42 40
42 49
42 67
42 25
42 17
42 47
42 48
42 53
42 59
42 60
42 61
42 63
42 66
42 71
43 0
43 4
43 6
43 10
43 22
43 27
43 29
43 33
43 35
43 41
43 48
43 23
43 60
43 20
43 57
43 59
43 7
43 31
43 49
43 50
43 51
43 52
43 53
43 56
43 63
43 67
43 71
43 72
43 73
43 74
44 0
44 2
44 5
44 6
44 20
44 21
44 27
44 33
44 35
44 39
44 40
44 36
44 32
44 12
44 8
44 26
44 53
44 19
44 67
44 47
44 48
44 49
44 55
44 57
44 61
44 62
44 63
44 64
44 70
44 71
44 72
45 1
45 2
45 16
45 18
45 19
45 24
45 27
45 33
45 35
45 40
45 31
45 51
45 23
45 64
45 63
45 8
45 20
45 59
45 62
45 36
45 46
45 47
45 53
45 55
45 56
45 61
45 67
45 69
45 70
46 15
46 16
46 22
46 26
46 29
46 41
46 45
46 69
46 18
46 36
46 71
46 67
46 14
46 27
46 64
46 65
46 52
46 37
46 24
46 30
46 9
46 40
46 74
46 55
46 59
46 33
46 34
46 28
46 60
46 62
46 66
46 68
46 50
46 53
46 8
46 54
46 0
46 51
46 57
46 58
46 63
46 70
46 73
47 2
47 11
47 18
47 21
47 22
47 24
47 28
47 30
47 39
47 40
47 56
47 44
47 62
47 0
47 55
47 68
47 20
47 7
47 5
47 51
47 64
47 74
47 4
47 70
47 25
47 45
47 42
47 10
47 8
47 29
47 37
47 63
47 66
47 67
48 10
48 15
48 20
48 24
48 27
48 29
48 30
48 31
48 34
48 35
48 40
48 43
48 52
48 41
48 61
48 5
48 13
48 54
48 44
48 74
48 36
48 28
48 70
48 49
48 25
48 37
48 73
48 0
48 71
48 7
48 22
48 42
48 18
48 67
48 65
48 38
48 51
48 58
48 59
48 63
48 64
48 72
49 1
49 2
49 8
49 10
49 11
49 14
49 20
49 25
49 29
49 30
49 35
49 42
49 48
49 64
49 22
49 6
49 66
49 36
49 69
49 26
49 68
49 71
49 38
49 59
49 43
49 23
49 5
49 44
49 50
49 63
49 31
49 41
49 34
49 33
49 57
49 52
49 53
49 55
49 58
49 60
49 62
49 67
49 70
49 73
50 2
50 5
50 8
50 18
50 21
50 24
50 25
50 27
50 33
50 39
50 40
50 46
50 49
50 13
50 15
50 28
50 71
50 43
50 36
50 57
50 17
50 52
50 31
50 16
50 3
50 32
50 67
50 55
50 58
50 60
50 64
50 66
50 72
50 74
51 2
51 14
51 18
51 24
51 39
51 45
51 47
51 10
51 56
51 26
51 20
51 1
51 46
51 15
51 68
51 4
51 63
51 62
51 32
51 31
51 34
51 48
51 43
51 52
51 53
51 64
51 66
51 69
51 70
51 71
52 2
52 10
52 18
52 24
52 27
52 35
52 40
52 46
52 48
52 50
52 21
52 56
52 53
52 64
52 14
52 61
52 4
52 22
52 33
52 30
52 37
52 49
52 9
52 70
52 19
52 36
52 60
52 68
52 5
52 62
52 7
52 51
52 39
52 43
52 31
52 11
52 29
52 71
52 0
52 13
52 74
52 55
52 57
52 63
52 72
53 0
53 2
53 7
53 12
53 16
53 17
53 21
53 27
53 29
53 35
53 40
53 44
53 46
53 52
53 33
53 70
53 26
53 36
53 43
53 51
53 68
53 10
53 5
53 22
53 34
53 8
53 28
53 42
53 6
53 67
53 69
53 74
53 32
53 20
53 3
53 72
53 31
53 65
53 23
53 49
53 45
53 1
53 39
53 56
53 13
53 58
53 60
53 62
53 63
53 64
53 66
54 0
54 9
54 10
54 21
54 27
54 29
54 31
54 33
54 39
54 40
54 46
54 48
54 36
54 32
54 55
54 56
54 58
54 59
54 60
54 66
54 67
54 71
55 4
55 10
55 16
55 18
55 19
55 21
55 41
55 46
55 47
55 45
55 14
55 29
55 20
55 60
55 71
55 50
55 61
55 25
55 44
55 6
55 30
55 0
55 49
55 70
55 38
55 57
55 8
55 24
55 66
55 28
55 54
55 73
55 62
55 11
55 2
55 52
55 68
55 69
55 72
56 2
56 5
56 16
56 18
56 21
56 24
56 29
56 33
56 34
56 47
56 51
56 52
56 53
56 13
56 73
56 60
56 8
56 32
56 39
56 43
56 54
56 20
56 61
56 6
56 45
56 7
56 15
56 28
56 68
56 25
56 57
56 30
56 63
56 66
56 67
56 70
56 71
56 72
57 0
57 8
57 10
57 14
57 18
57 23
57 27
57 43
57 49
57 50
57 55
57 56
57 41
57 32
57 9
57 34
57 59
57 15
57 52
57 63
57 71
57 21
57 74
57 28
57 3
57 5
57 73
57 44
57 33
57 46
57 4
57 11
57 2
57 60
58 2
58 6
58 16
58 21
58 24
58 27
58 29
58 30
58 38
58 39
58 41
58 32
58 54
58 36
58 4
58 53
58 19
58 18
58 62
58 50
58 5
58 49
58 33
58 7
58 3
58 31
58 46
58 48
58 60
58 61
58 66
58 68
58 69
58 70
58 73
59 2
59 5
59 10
59 21
59 24
59 30
59 31
59 34
59 38
59 39
59 43
59 45
59 46
59 49
59 57
59 48
59 6
59 25
59 37
59 42
59 33
59 28
59 9
59 13
59 72
59 60
59 54
59 63
59 66
59 67
59 69
59 71
59 73
60 0
60 1
60 2
60 6
60 10
60 11
60 14
60 16
60 20
60 27
60 29
60 30
60 32
60 35
60 43
60 46
60 52
60 55
60 56
60 59
60 57
60 67
60 8
60 34
60 70
60 25
60 53
60 38
60 9
60 42
60 18
60 50
60 31
60 58
60 28
60 54
60 68
60 63
60 49
60 72
60 40
60 24
60 7
60 22
60 41
60 5
60 19
60 36
60 12
60 3
60 15
60 73
60 61
60 23
60 62
60 69
60 74
61 1
61 5
61 16
61 18
61 21
61 23
61 25
61 26
61 29
61 30
61 33
61 48
61 52
61 55
61 56
61 60
61 72
61 3
61 44
61 40
61 58
61 8
61 42
61 13
61 63
61 24
61 36
61 45
61 69
61 15
61 19
61 28
61 66
61 67
61 70
61 71
62 5
62 18
62 24
62 29
62 33
62 39
62 40
62 45
62 46
62 47
62 51
62 52
62 55
62 58
62 27
62 6
62 68
62 12
62 15
62 11
62 32
62 36
62 64
62 72
62 8
62 63
62 53
62 60
62 69
62 3
62 71
62 16
62 49
62 28
62 4
62 44
62 66
62 67
62 70
62 73
63 0
63 2
63 9
63 11
63 14
63 16
63 25
63 26
63 28
63 30
63 33
63 45
63 49
63 51
63 57
63 60
63 61
63 62
63 1
63 59
63 38
63 29
63 15
63 64
63 56
63 47
63 24
63 3
63 67
63 48
63 44
63 12
63 39
63 19
63 35
63 22
63 5
63 42
63 34
63 52
63 21
63 18
63 43
63 36
63 46
63 6
63 73
63 53
63 68
63 74
63 71
63 72
64 5
64 16
64 18
64 27
64 28
64 29
64 41
64 45
64 46
64 47
64 49
64 52
64 62
64 63
64 32
64 48
64 51
64 44
64 6
64 53
64 65
64 37
64 0
64 69
64 50
64 74
64 73
64 11
64 7
64 66
64 68
65 4
65 6
65 10
65 16
65 20
65 21
65 22
65 24
65 25
65 27
65 29
65 35
65 39
65 41
65 46
65 48
65 53
65 64
65 3
65 71
65 0
65 66
65 67
65 69
65 70
65 72
65 73
66 14
66 18
66 24
66 33
66 46
66 49
66 55
66 47
66 62
66 10
66 30
66 59
66 53
66 25
66 4
66 56
66 41
66 50
66 28
66 29
66 12
66 42
66 34
66 69
66 6
66 61
66 54
66 7
66 71
66 17
66 13
66 9
66 0
66 51
66 8
66 64
66 2
66 65
66 58
66 16
66 27
66 37
66 67
66 73
67 0
67 10
67 14
67 21
67 26
67 29
67 30
67 35
67 40
67 42
67 44
67 46
67 48
67 50
67 53
67 60
67 63
67 45
67 73
67 2
67 69
67 34
67 8
67 54
67 62
67 61
67 4
67 59
67 38
67 66
67 49
67 5
67 65
67 47
67 7
67 43
67 22
67 74
67 71
67 56
67 1
67 20
68 2
68 5
68 11
68 16
68 21
68 25
68 27
68 30
68 39
68 46
68 47
68 49
68 51
68 52
68 53
68 55
68 56
68 60
68 62
68 63
68 22
68 58
68 64
68 74
68 33
68 1
68 70
68 72
68 73
69 0
69 5
69 8
69 11
69 16
69 20
69 30
69 31
69 33
69 35
69 38
69 41
69 46
69 49
69 53
69 61
69 62
69 64
69 66
69 67
69 55
69 58
69 21
69 22
69 74
69 65
69 26
69 60
69 51
69 15
69 45
69 59
69 73
70 0
70 1
70 2
70 4
70 15
70 16
70 24
70 27
70 29
70 40
70 47
70 48
70 52
70 53
70 55
70 60
70 39
70 46
70 35
70 12
70 41
70 73
70 33
70 72
70 44
70 65
70 61
70 49
70 58
70 56
70 62
70 31
70 51
70 32
70 45
70 26
70 8
70 7
70 22
70 68
70 71
71 0
71 3
71 5
71 14
71 17
71 21
71 24
71 27
71 29
71 30
71 31
71 46
71 48
71 49
71 50
71 52
71 55
71 57
71 62
71 65
71 66
71 67
71 54
71 70
71 43
71 8
71 9
71 74
71 22
71 56
71 11
71 61
71 63
71 33
71 1
71 37
71 59
71 38
71 10
71 15
71 18
71 16
71 35
71 26
71 42
71 13
71 4
71 25
71 72
71 20
71 51
71 41
71 44
71 73
72 4
72 6
72 10
72 11
72 14
72 20
72 22
72 26
72 27
72 29
72 39
72 40
72 53
72 59
72 60
72 61
72 62
72 70
72 71
72 50
72 33
72 13
72 0
72 30
72 34
72 56
72 9
72 55
72 32
72 48
72 43
72 63
72 44
72 21
72 38
72 35
72 68
72 12
72 8
72 52
72 65
72 17
72 28
72 74
73 0
73 2
73 6
73 18
73 21
73 22
73 27
73 29
73 30
73 38
73 48
73 55
73 56
73 57
73 60
73 63
73 64
73 67
73 70
73 68
73 7
73 17
73 65
73 23
73 71
73 74
73 40
73 41
73 62
73 69
73 11
73 13
73 14
73 49
73 34
73 32
73 59
73 16
73 66
73 26
73 24
73 3
73 39
73 43
73 58
73 46
74 2
74 6
74 14
74 16
74 20
74 21
74 31
74 34
74 41
74 46
74 47
74 48
74 52
74 53
74 57
74 63
74 64
74 67
74 68
74 69
74 71
74 73
74 50
74 43
74 23
74 37
74 60
74 3
74 72
74 1
74 0
