75
0 43
0 59
0 68
0 24
0 7
0 54
0 10
0 55
0 5
0 4
0 58
0 29
0 39
0 27
0 19
0 31
0 28
0 1
0 21
0 23
0 12
0 53
0 42
0 33
0 56
0 26
0 71
0 8
0 14
0 34
0 40
0 41
0 47
0 49
0 50
0 51
0 52
0 63
0 64
0 67
0 72
1 0
1 68
1 40
1 10
1 30
1 71
1 47
1 22
1 15
1 12
1 7
1 9
1 14
1 16
1 20
1 25
1 32
1 33
1 37
1 39
1 41
1 49
1 50
1 52
1 53
1 55
1 61
1 72
1 74
2 61
2 43
2 63
2 32
2 46
2 73
2 40
2 20
2 58
2 50
2 45
2 60
2 21
2 7
2 3
2 8
2 12
2 13
2 15
2 16
2 19
2 26
2 28
2 31
2 34
2 41
2 47
2 49
2 53
2 54
2 56
2 59
2 68
2 70
2 71
2 72
2 74
3 2
3 67
3 44
3 47
3 8
3 10
3 33
3 40
3 4
3 7
3 19
3 24
3 25
3 26
3 29
3 30
3 34
3 39
3 42
3 45
3 48
3 49
3 51
3 52
3 55
3 56
3 59
3 60
3 61
3 68
3 71
3 72
3 74
4 0
4 30
4 3
4 17
4 44
4 52
4 18
4 13
4 20
4 24
4 32
4 51
4 63
4 70
4 71
4 74
5 0
5 26
5 72
5 47
5 42
5 10
5 51
5 8
5 14
5 18
5 25
5 27
5 36
5 39
5 40
5 41
5 50
5 52
5 61
5 65
5 68
5 71
6 39
6 8
6 11
6 15
6 17
6 21
6 23
6 24
6 25
6 32
6 38
6 40
6 41
6 49
6 54
6 56
6 68
6 74
7 0
7 2
7 70
7 56
7 62
7 38
7 61
7 3
7 43
7 35
7 9
7 39
7 19
7 73
7 1
7 59
7 41
7 69
7 49
7 18
7 30
7 47
7 68
7 11
7 12
7 25
7 29
7 32
7 34
7 40
7 46
7 48
7 58
7 63
7 67
7 71
7 72
8 3
8 46
8 23
8 20
8 60
8 51
8 65
8 11
8 47
8 63
8 67
8 28
8 15
8 36
8 58
8 52
8 59
8 43
8 2
8 18
8 45
8 9
8 68
8 0
8 5
8 57
8 17
8 53
8 42
8 30
8 74
8 6
8 13
8 19
8 25
8 32
8 37
8 39
8 41
8 50
8 56
8 62
8 69
8 71
8 72
9 7
9 8
9 1
9 46
9 10
9 12
9 18
9 24
9 27
9 34
9 36
9 38
9 40
9 41
9 51
9 56
9 61
9 65
9 66
9 72
10 0
10 1
10 3
10 5
10 34
10 40
10 50
10 57
10 51
10 68
10 49
10 33
10 9
10 56
10 36
10 41
10 70
10 39
10 19
10 22
10 69
10 30
10 43
10 54
10 28
10 35
10 37
10 62
10 61
10 13
10 16
10 63
10 47
10 64
10 74
10 12
10 14
10 31
10 42
10 48
10 59
10 71
10 72
11 7
11 8
11 61
11 49
11 6
11 74
11 69
11 23
11 13
11 17
11 20
11 25
11 27
11 28
11 32
11 33
11 38
11 40
11 48
11 51
11 58
11 59
11 62
11 67
12 0
12 1
12 23
12 25
12 22
12 47
12 63
12 10
12 39
12 13
12 33
12 49
12 28
12 7
12 56
12 70
12 42
12 57
12 60
12 16
12 21
12 67
12 2
12 65
12 29
12 9
12 53
12 35
12 44
12 30
12 52
12 41
12 68
12 20
12 45
12 15
12 19
12 24
12 32
12 34
12 36
12 43
12 50
12 51
12 61
12 71
12 72
13 10
13 12
13 55
13 65
13 34
13 45
13 71
13 4
13 41
13 39
13 24
13 26
13 17
13 49
13 59
13 2
13 8
13 42
13 31
13 53
13 47
13 29
13 27
13 70
13 30
13 56
13 61
13 60
13 11
13 14
13 16
13 18
13 23
13 32
13 40
13 48
13 58
13 64
13 67
13 72
13 74
14 13
14 74
14 48
14 37
14 32
14 28
14 0
14 59
14 24
14 51
14 1
14 39
14 67
14 49
14 10
14 5
14 43
14 69
14 44
14 54
14 31
14 41
14 60
14 57
14 20
14 21
14 23
14 36
14 40
14 47
14 50
14 68
14 71
15 1
15 8
15 30
15 2
15 52
15 63
15 73
15 16
15 54
15 32
15 46
15 74
15 20
15 27
15 6
15 12
15 39
15 36
15 59
15 53
15 40
15 28
15 19
15 34
15 33
15 41
15 49
15 55
15 56
15 58
15 71
16 10
16 12
16 15
16 62
16 74
16 1
16 31
16 55
16 30
16 13
16 50
16 23
16 2
16 52
16 68
16 64
16 36
16 33
16 44
16 53
16 54
16 58
16 61
16 67
17 4
17 8
17 13
17 6
17 11
17 72
17 69
17 20
17 23
17 24
17 32
17 36
17 40
17 45
17 46
17 49
17 52
17 54
17 58
17 59
17 61
17 65
17 66
17 67
17 68
17 71
17 74
18 4
18 7
18 8
18 13
18 26
18 9
18 5
18 58
18 33
18 55
18 28
18 19
18 20
18 22
18 23
18 25
18 30
18 32
18 38
18 40
18 41
18 42
18 43
18 52
18 59
18 61
18 67
18 71
18 72
18 73
18 74
19 0
19 7
19 10
19 15
19 32
19 43
19 65
19 70
19 64
19 29
19 38
19 18
19 3
19 24
19 42
19 2
19 72
19 20
19 33
19 26
19 61
19 8
19 56
19 25
19 22
19 44
19 63
19 23
19 12
19 55
19 31
19 45
19 48
19 51
19 53
19 67
19 71
20 2
20 8
20 12
20 15
20 19
20 64
20 54
20 44
20 18
20 50
20 41
20 14
20 28
20 38
20 31
20 49
20 45
20 25
20 17
20 11
20 52
20 24
20 71
20 33
20 63
20 21
20 47
20 56
20 53
20 29
20 46
20 4
20 39
20 35
20 27
20 1
20 62
20 48
20 70
20 30
20 32
20 40
20 43
20 55
20 59
20 61
21 0
21 2
21 12
21 20
21 14
21 28
21 6
21 30
21 56
21 55
21 31
21 70
21 60
21 33
21 71
21 61
21 24
21 25
21 27
21 32
21 41
21 45
21 49
21 54
21 58
21 59
21 62
21 63
21 67
21 68
22 1
22 10
22 12
22 19
22 18
22 24
22 25
22 27
22 32
22 33
22 35
22 39
22 40
22 41
22 47
22 48
22 49
22 50
22 54
22 61
22 65
23 0
23 8
23 11
23 12
23 16
23 19
23 63
23 33
23 44
23 52
23 45
23 25
23 6
23 32
23 31
23 60
23 14
23 74
23 46
23 54
23 24
23 13
23 17
23 36
23 47
23 34
23 42
23 26
23 59
23 61
23 70
23 56
23 18
23 27
23 38
23 39
23 43
23 50
23 58
24 0
24 13
24 14
24 19
24 20
24 23
24 53
24 49
24 22
24 54
24 74
24 40
24 47
24 39
24 44
24 9
24 72
24 58
24 12
24 6
24 25
24 31
24 36
24 43
24 38
24 69
24 3
24 66
24 57
24 29
24 45
24 17
24 4
24 21
24 42
24 67
24 52
24 55
24 26
24 37
24 56
24 61
24 64
24 70
24 71
25 12
25 19
25 20
25 23
25 24
25 63
25 8
25 46
25 1
25 41
25 44
25 6
25 61
25 55
25 72
25 57
25 67
25 53
25 58
25 54
25 29
25 11
25 64
25 7
25 71
25 59
25 21
25 18
25 47
25 34
25 22
25 3
25 48
25 5
25 66
25 50
25 26
25 30
25 33
25 36
25 43
25 68
25 70
26 0
26 5
26 13
26 18
26 19
26 23
26 25
26 62
26 3
26 43
26 2
26 55
26 70
26 24
26 32
26 53
26 74
26 51
26 37
26 33
26 42
26 47
26 50
26 54
26 58
26 67
26 72
27 0
27 13
27 15
27 20
27 74
27 70
27 37
27 23
27 28
27 51
27 21
27 38
27 68
27 72
27 39
27 11
27 5
27 32
27 73
27 9
27 22
27 59
27 61
27 29
27 42
27 62
27 64
27 31
27 35
27 49
27 56
27 67
27 71
28 0
28 8
28 10
28 12
28 14
28 15
28 18
28 20
28 21
28 27
28 11
28 2
28 32
28 64
28 33
28 72
28 43
28 36
28 38
28 40
28 42
28 47
28 48
28 51
28 61
28 67
28 68
28 70
28 74
29 0
29 12
29 13
29 19
29 20
29 24
29 25
29 27
29 66
29 58
29 7
29 51
29 3
29 30
29 32
29 36
29 39
29 42
29 43
29 49
29 52
29 56
29 59
29 65
29 67
29 69
29 72
30 1
30 4
30 7
30 8
30 10
30 12
30 13
30 15
30 16
30 21
30 56
30 25
30 29
30 55
30 74
30 3
30 37
30 18
30 73
30 51
30 34
30 20
30 32
30 38
30 39
30 40
30 41
30 43
30 46
30 47
30 48
30 53
30 54
31 0
31 13
31 14
31 16
31 20
31 21
31 23
31 24
31 65
31 44
31 27
31 55
31 19
31 70
31 49
31 73
31 52
31 10
31 74
31 38
31 2
31 32
31 34
31 36
31 40
31 41
31 45
31 47
31 48
31 50
31 54
31 58
31 63
31 67
31 68
31 71
32 2
32 14
32 15
32 19
32 23
32 26
32 27
32 28
32 17
32 13
32 64
32 35
32 53
32 11
32 63
32 56
32 45
32 12
32 7
32 8
32 34
32 18
32 55
32 49
32 70
32 22
32 4
32 21
32 51
32 57
32 52
32 1
32 73
32 74
32 6
32 31
32 20
32 30
32 29
32 60
32 39
32 40
32 42
32 43
32 48
32 54
32 58
32 61
32 62
32 67
32 71
32 72
33 0
33 3
33 10
33 12
33 18
33 19
33 20
33 21
33 23
33 28
33 73
33 15
33 65
33 35
33 56
33 42
33 34
33 11
33 26
33 61
33 53
33 25
33 36
33 37
33 16
33 1
33 63
33 39
33 41
33 22
33 43
33 40
33 45
33 46
33 50
33 51
33 58
33 67
33 70
34 10
34 13
34 15
34 23
34 25
34 30
34 32
34 33
34 0
34 7
34 54
34 53
34 2
34 35
34 74
34 38
34 12
34 68
34 31
34 49
34 63
34 42
34 61
34 57
34 40
34 72
34 3
34 9
34 41
34 43
34 46
34 47
34 48
34 51
34 58
34 59
34 70
34 71
35 7
35 10
35 12
35 20
35 32
35 33
35 34
35 27
35 59
35 22
35 69
35 36
35 39
35 40
35 41
35 46
35 47
35 48
35 50
35 51
35 52
35 58
35 62
35 68
35 71
35 72
36 8
36 10
36 15
36 16
36 23
36 24
36 33
36 47
36 31
36 40
36 67
36 5
36 17
36 41
36 43
36 45
36 25
36 12
36 69
36 58
36 28
36 56
36 51
36 46
36 29
36 70
36 9
36 65
36 42
36 14
36 55
36 71
36 60
36 35
36 38
36 49
36 54
36 68
36 72
36 74
37 10
37 14
37 26
37 27
37 30
37 33
37 8
37 54
37 69
37 41
37 57
37 56
37 24
37 47
37 1
37 39
37 48
37 53
37 62
37 63
37 67
37 68
38 7
38 19
38 20
38 24
38 27
38 31
38 34
38 36
38 23
38 11
38 41
38 28
38 9
38 6
38 30
38 68
38 44
38 62
38 18
38 69
38 40
38 45
38 47
38 54
38 61
38 67
38 71
39 0
39 6
39 7
39 10
39 12
39 13
39 14
39 15
39 20
39 24
39 27
39 33
39 23
39 74
39 5
39 8
39 65
39 42
39 73
39 3
39 64
39 51
39 49
39 61
39 22
39 44
39 41
39 37
39 55
39 69
39 58
39 72
39 30
39 29
39 54
39 32
39 35
39 45
39 1
39 70
39 43
39 53
39 67
39 40
39 48
39 63
40 1
40 2
40 3
40 10
40 15
40 24
40 34
40 36
40 38
40 6
40 59
40 9
40 30
40 20
40 47
40 14
40 35
40 42
40 13
40 39
40 72
40 32
40 11
40 52
40 45
40 33
40 74
40 0
40 7
40 5
40 28
40 68
40 63
40 31
40 73
40 18
40 44
40 46
40 69
40 22
40 56
40 62
40 71
40 17
40 66
40 49
40 58
40 67
41 7
41 10
41 12
41 13
41 14
41 20
41 25
41 33
41 36
41 37
41 38
41 39
41 61
41 44
41 15
41 31
41 34
41 18
41 21
41 42
41 62
41 54
41 71
41 67
41 2
41 49
41 46
41 72
41 0
41 64
41 35
41 22
41 65
41 1
41 6
41 9
41 5
41 30
41 8
41 51
41 52
41 58
41 59
42 0
42 5
42 8
42 12
42 13
42 19
42 23
42 24
42 27
42 33
42 34
42 36
42 39
42 40
42 41
42 55
42 28
42 45
42 57
42 62
42 58
42 32
42 3
42 52
42 49
42 66
42 60
42 51
42 69
42 26
42 50
42 18
42 10
42 61
42 29
42 46
42 56
43 0
43 2
43 7
43 8
43 10
43 14
43 19
43 24
43 26
43 28
43 33
43 36
43 39
43 61
43 53
43 12
43 18
43 30
43 34
43 23
43 25
43 63
43 20
43 32
43 67
43 66
43 29
43 62
43 56
43 58
43 48
43 50
43 54
43 59
44 3
44 4
44 12
44 14
44 19
44 20
44 23
44 24
44 25
44 31
44 38
44 39
44 40
44 41
44 16
44 48
44 49
44 50
44 58
44 61
44 67
44 71
45 2
45 8
45 12
45 13
45 20
45 23
45 24
45 32
45 36
45 38
45 39
45 40
45 42
45 21
45 33
45 19
45 31
45 64
45 65
45 69
45 17
45 63
45 3
45 53
45 58
45 59
45 68
45 70
45 72
46 2
46 8
46 9
46 15
46 20
46 23
46 25
46 36
46 40
46 41
46 35
46 69
46 61
46 53
46 71
46 67
46 42
46 30
46 17
46 34
46 54
46 56
46 7
46 33
46 48
46 52
46 58
46 59
46 63
46 65
46 72
47 1
47 3
47 5
47 7
47 8
47 10
47 12
47 13
47 20
47 23
47 24
47 25
47 36
47 37
47 40
47 35
47 2
47 22
47 38
47 52
47 30
47 0
47 34
47 68
47 31
47 14
47 66
47 26
47 70
47 28
47 73
47 71
47 64
47 55
47 54
47 63
47 50
47 67
48 14
48 20
48 25
48 43
48 31
48 74
48 10
48 70
48 7
48 22
48 46
48 37
48 35
48 39
48 28
48 54
48 62
48 52
48 30
48 3
48 56
48 19
48 58
48 64
48 66
48 11
48 61
48 34
48 32
48 69
48 44
48 13
48 51
48 53
48 59
48 67
48 71
48 72
49 7
49 10
49 11
49 12
49 13
49 14
49 20
49 24
49 31
49 32
49 34
49 39
49 41
49 42
49 36
49 64
49 21
49 1
49 72
49 15
49 57
49 27
49 66
49 3
49 29
49 65
49 2
49 58
49 52
49 67
49 44
49 22
49 17
49 62
49 59
49 50
49 0
49 69
49 6
49 40
49 51
49 54
49 61
49 68
49 71
49 74
50 2
50 10
50 16
50 20
50 25
50 42
50 49
50 72
50 22
50 43
50 69
50 31
50 47
50 64
50 33
50 5
50 0
50 1
50 8
50 74
50 26
50 54
50 57
50 14
50 12
50 23
50 35
50 52
50 44
50 56
50 59
50 65
50 68
50 70
50 71
51 5
51 8
51 10
51 14
51 26
51 27
51 29
51 30
51 32
51 36
51 39
51 42
51 53
51 35
51 11
51 34
51 57
51 0
51 4
51 9
51 52
51 70
51 74
51 28
51 65
51 19
51 60
51 41
51 33
51 3
51 73
51 48
51 12
51 62
51 49
51 54
51 56
51 67
51 71
52 4
52 8
52 12
52 15
52 16
52 20
52 23
52 24
52 31
52 32
52 40
52 42
52 47
52 48
52 49
52 50
52 51
52 53
52 69
52 29
52 3
52 1
52 18
52 41
52 17
52 5
52 35
52 0
52 46
52 57
52 59
52 56
52 65
52 71
52 72
52 74
53 0
53 8
53 12
53 13
53 15
53 20
53 24
53 25
53 26
53 32
53 33
53 34
53 39
53 43
53 46
53 51
53 52
53 19
53 2
53 71
53 45
53 60
53 30
53 65
53 69
53 73
53 48
53 1
53 56
53 62
53 70
53 54
53 37
53 59
53 16
53 58
53 61
53 67
53 72
53 74
54 0
54 10
54 14
54 15
54 20
54 23
54 24
54 25
54 34
54 37
54 39
54 41
54 46
54 47
54 48
54 50
54 53
54 36
54 16
54 69
54 68
54 43
54 31
54 60
54 66
54 64
54 38
54 62
54 49
54 58
54 26
54 74
54 72
54 2
54 30
54 21
54 70
54 55
54 6
54 22
54 65
54 17
54 51
54 32
54 56
54 61
54 63
54 67
54 71
55 0
55 13
55 16
55 18
55 19
55 21
55 24
55 25
55 26
55 30
55 31
55 32
55 36
55 39
55 42
55 47
55 54
55 1
55 15
55 20
55 3
55 58
55 61
55 63
55 67
55 70
55 72
56 0
56 7
56 10
56 12
56 13
56 19
56 20
56 21
56 23
56 30
56 32
56 33
56 36
56 37
56 40
56 43
56 46
56 48
56 53
56 71
56 64
56 2
56 54
56 42
56 70
56 67
56 29
56 63
56 72
56 6
56 50
56 52
56 27
56 9
56 15
56 3
56 8
56 24
56 51
56 58
56 65
56 68
56 69
57 8
57 10
57 12
57 14
57 24
57 25
57 32
57 34
57 37
57 42
57 49
57 50
57 51
57 52
57 62
57 58
57 59
57 63
57 67
57 68
57 69
57 71
58 0
58 2
58 8
58 18
58 24
58 25
58 29
58 36
58 39
58 42
58 43
58 48
58 49
58 53
58 54
58 15
58 26
58 55
58 13
58 7
58 61
58 32
58 11
58 67
58 65
58 72
58 41
58 57
58 35
58 71
58 33
58 45
58 16
58 34
58 46
58 64
58 73
58 17
58 66
58 31
58 40
58 44
58 21
58 23
58 56
58 62
58 74
59 0
59 7
59 8
59 13
59 14
59 15
59 23
59 25
59 27
59 35
59 40
59 49
59 52
59 53
59 43
59 46
59 72
59 50
59 48
59 11
59 34
59 29
59 70
59 18
59 45
59 2
59 68
59 20
59 64
59 10
59 21
59 41
59 62
59 3
59 57
59 17
59 61
59 71
59 74
60 2
60 8
60 12
60 13
60 14
60 21
60 23
60 32
60 36
60 42
60 51
60 53
60 54
60 3
60 65
60 61
60 71
60 74
61 2
61 7
61 10
61 11
61 13
61 19
61 21
61 23
61 25
61 27
61 33
61 34
61 39
61 41
61 42
61 43
61 46
61 48
61 58
61 63
61 59
61 62
61 18
61 32
61 17
61 65
61 67
61 64
61 3
61 20
61 24
61 38
61 55
61 54
61 28
61 12
61 1
61 22
61 5
61 44
61 66
61 49
61 16
61 72
61 53
61 60
61 9
61 68
61 73
62 7
62 10
62 16
62 20
62 26
62 27
62 38
62 40
62 41
62 42
62 43
62 48
62 49
62 51
62 53
62 54
62 57
62 59
62 61
62 8
62 32
62 35
62 58
62 11
62 68
62 21
62 37
62 70
63 2
63 8
63 10
63 12
63 15
63 19
63 20
63 23
63 25
63 32
63 33
63 34
63 40
63 43
63 45
63 47
63 56
63 61
63 55
63 21
63 39
63 65
63 37
63 73
63 57
63 46
63 31
63 71
63 7
63 64
63 70
63 4
63 54
63 0
63 67
63 68
63 72
64 10
64 16
64 19
64 20
64 25
64 27
64 28
64 32
64 39
64 41
64 45
64 47
64 48
64 49
64 50
64 54
64 56
64 58
64 59
64 61
64 63
64 13
64 0
64 69
64 24
64 68
65 8
65 12
65 13
65 19
65 31
65 33
65 36
65 39
65 41
65 45
65 49
65 51
65 53
65 54
65 58
65 60
65 61
65 63
65 5
65 9
65 72
65 69
65 66
65 56
65 74
65 46
65 50
65 52
65 17
65 29
65 22
65 67
65 71
66 24
66 25
66 29
66 40
66 42
66 43
66 47
66 48
66 49
66 54
66 58
66 61
66 65
66 9
66 17
66 67
66 68
66 71
66 72
66 74
67 3
67 8
67 12
67 14
67 24
67 25
67 36
67 39
67 41
67 43
67 46
67 49
67 56
67 58
67 61
67 48
67 7
67 66
67 44
67 16
67 17
67 13
67 65
67 0
67 74
67 63
67 55
67 38
67 37
67 70
67 27
67 73
67 21
67 11
67 51
67 18
67 31
67 26
67 57
67 68
67 28
67 54
67 19
67 40
67 29
67 33
67 53
67 72
67 32
67 47
67 69
68 0
68 1
68 7
68 8
68 10
68 12
68 16
68 27
68 34
68 38
68 40
68 47
68 54
68 59
68 62
68 67
68 64
68 57
68 36
68 5
68 50
68 63
68 25
68 37
68 2
68 28
68 3
68 14
68 21
68 45
68 56
68 6
68 73
68 66
68 35
68 49
68 61
68 72
68 31
68 17
68 70
68 71
69 7
69 10
69 11
69 14
69 17
69 24
69 35
69 36
69 37
69 38
69 39
69 40
69 42
69 45
69 46
69 48
69 49
69 50
69 52
69 53
69 54
69 64
69 65
69 56
69 29
69 8
69 67
69 57
70 7
70 10
70 12
70 13
70 19
70 20
70 21
70 23
70 26
70 27
70 31
70 32
70 36
70 39
70 47
70 48
70 51
70 53
70 54
70 56
70 59
70 63
70 67
70 68
70 45
70 62
70 50
70 33
70 2
70 28
70 25
70 55
70 24
70 34
70 4
71 0
71 1
71 13
71 20
71 21
71 25
71 36
71 40
71 41
71 46
71 47
71 53
71 56
71 58
71 63
71 14
71 4
71 15
71 31
71 35
71 48
71 12
71 68
71 50
71 5
71 49
71 57
71 24
71 59
71 44
71 38
71 19
71 32
71 17
71 74
71 54
71 27
71 65
71 3
71 18
71 60
71 52
71 73
71 2
71 10
71 51
71 34
71 8
71 66
71 7
71 72
72 5
72 17
72 19
72 24
72 25
72 27
72 28
72 34
72 39
72 40
72 41
72 49
72 50
72 54
72 56
72 58
72 59
72 61
72 65
72 67
72 68
72 71
72 7
72 12
72 53
72 18
72 48
72 35
72 63
72 1
72 45
72 55
72 29
72 36
72 2
72 66
72 13
72 9
72 74
72 8
72 52
72 46
72 32
72 26
72 0
72 3
72 10
73 2
73 7
73 15
73 27
73 30
73 31
73 32
73 33
73 39
73 40
73 47
73 51
73 53
73 58
73 63
73 67
73 68
73 71
73 18
73 61
73 74
74 8
74 10
74 11
74 14
74 15
74 16
74 23
74 24
74 26
74 27
74 30
74 31
74 32
74 34
74 39
74 40
74 48
74 50
74 51
74 54
74 65
74 67
74 71
74 72
74 58
74 1
74 36
74 6
74 49
74 60
74 4
74 17
74 52
74 59
74 53
74 66
74 2
74 28
74 13
74 3
74 73
74 18
